  0.0000000000000000e+00	 8.3726034733053575e+02	  -3.6607686272512723e+02	
  3.0000000000000000e+01	 8.0907093739646393e+02	  -3.6578865807611066e+02	
  6.0000000000000000e+01	 7.8995781805793058e+02	  -3.5975659232968997e+02	
  9.0000000000000000e+01	 7.5907110160318734e+02	  -3.5888848542155307e+02	
  1.2000000000000000e+02	 7.3253050236293529e+02	  -3.6203607441791428e+02	
  1.5000000000000000e+02	 7.0745832095153742e+02	  -3.6141839692474616e+02	
  1.8000000000000000e+02	 6.6306452462347204e+02	  -3.6103620410268559e+02	
  2.1000000000000000e+02	 6.3276181809190984e+02	  -3.6213082256424929e+02	
  2.4000000000000000e+02	 5.9773749751581090e+02	  -3.6299270606120706e+02	
  2.7000000000000000e+02	 5.6579803701095216e+02	  -3.5755851947104628e+02	
  3.0000000000000000e+02	 5.2397318059527788e+02	  -3.5552255226096901e+02	
  3.3000000000000000e+02	 4.8462600162533079e+02	  -3.5004733827134385e+02	
  3.6000000000000000e+02	 4.6594717261212804e+02	  -3.4820430360368135e+02	
  3.9000000000000000e+02	 4.3541966973927526e+02	  -3.4583953211894311e+02	
  4.2000000000000000e+02	 4.0208010290681398e+02	  -3.3995698747449399e+02	
  4.5000000000000000e+02	 3.5329789532009784e+02	  -3.3285577808649225e+02	
  4.8000000000000000e+02	 3.0239419327650626e+02	  -3.2865334801308194e+02	
  5.1000000000000000e+02	 2.7220517485914917e+02	  -3.2269792352357888e+02	
  5.4000000000000000e+02	 2.4190678688571336e+02	  -3.2170640550708373e+02	
  5.7000000000000000e+02	 2.0288034424843431e+02	  -3.1702106640906186e+02	
  6.0000000000000000e+02	 1.6135627350490705e+02	  -3.1404667696658476e+02	
  6.3000000000000000e+02	 1.2535987310486777e+02	  -3.1528437240325337e+02	
  6.6000000000000000e+02	 1.0319859904148598e+02	  -3.0964211082919570e+02	
  6.9000000000000000e+02	 7.3550047110309563e+01	  -3.0999030361467970e+02	
  7.2000000000000000e+02	 4.1635869041972967e+01	  -3.1043272530328733e+02	
  7.5000000000000000e+02	 1.5004646410821842e+01	  -3.1027681656010157e+02	
  7.8000000000000000e+02	 -2.3335063132790317e+01	  -3.0938896346982506e+02	
  8.1000000000000000e+02	 -6.6701318254901679e+01	  -3.0603450777307489e+02	
  8.4000000000000000e+02	 -1.0048781521496484e+02	  -3.0193307694667516e+02	
  8.7000000000000000e+02	 -8.1446070014399339e+01	  -2.7162828301634170e+02	
  9.0000000000000000e+02	 -6.1957609150009510e+01	  -2.5304881648584632e+02	
  9.3000000000000000e+02	 -3.8153964245754992e+01	  -2.1824298967052033e+02	
  9.6000000000000000e+02	 -1.0501512265037071e+01	  -1.8078758678244765e+02	
  9.9000000000000000e+02	 1.6674103580352355e+01	  -1.3883467634906984e+02	
  1.0200000000000000e+03	 4.3130364253011308e+01	  -1.0632000123273073e+02	
  1.0500000000000000e+03	 5.7771776983244990e+01	  -9.1623279258855291e+01	
  1.0800000000000000e+03	 8.6770087676298431e+01	  -5.5501060360143896e+01	
  1.1100000000000000e+03	 1.1338689096929515e+02	  -1.6465124469823202e+01	
  1.1400000000000000e+03	 1.3194429944441413e+02	  1.3348463494763539e+01	
  1.1700000000000000e+03	 1.4550796548232978e+02	  4.4253152481927273e+01	
  1.2000000000000000e+03	 1.6502604015590930e+02	  7.8955738748499613e+01	
  1.2300000000000000e+03	 1.9070429677302462e+02	  1.1622973733756164e+02	
  1.2600000000000000e+03	 2.1430778213173369e+02	  1.5537265427865970e+02	
  1.2900000000000000e+03	 2.2343253373827304e+02	  1.7232589363866529e+02	
  1.3200000000000000e+03	 2.4534782041690571e+02	  1.9679205093996310e+02	
  1.3500000000000000e+03	 2.7101152379772367e+02	  2.3255517559016860e+02	
  1.3800000000000000e+03	 2.8867166022382412e+02	  2.6252327461850649e+02	
  1.4100000000000000e+03	 2.9005650759261943e+02	  2.7340029800380864e+02	
  1.4400000000000000e+03	 2.9138939324580451e+02	  2.7486545801780744e+02	
  1.4700000000000000e+03	 2.9210244616871591e+02	  2.7502781317548562e+02	
  1.5000000000000000e+03	 2.9348818368654804e+02	  2.7591340538712126e+02	
  1.5300000000000000e+03	 2.9440494964224172e+02	  2.7745836172809328e+02	
  1.5600000000000000e+03	 2.9323754885579132e+02	  2.7698985302776225e+02	
  1.5900000000000000e+03	 2.9125125964438496e+02	  2.7881701507752302e+02	
  1.6200000000000000e+03	 2.9303364735671448e+02	  2.7895695034853640e+02	
  1.6500000000000000e+03	 2.9277054712307017e+02	  2.8018215880258538e+02	
  1.6800000000000000e+03	 2.8276889262662195e+02	  2.5176395609998320e+02	
  1.7100000000000000e+03	 2.6735820782388379e+02	  2.2930343737917195e+02	
  1.7400000000000000e+03	 2.5491465891774976e+02	  1.9233497046613431e+02	
  1.7700000000000000e+03	 2.4177527259173391e+02	  1.5674121185206306e+02	
  1.8000000000000000e+03	 2.2297212064596931e+02	  1.2177174318732725e+02	
  1.8300000000000000e+03	 2.1360604902855258e+02	  1.0104759600662238e+02	
  1.8600000000000000e+03	 2.0204934520933523e+02	  7.3973904660003029e+01	
  1.8900000000000000e+03	 1.8754022173545161e+02	  5.1298107798496304e+01	
  1.9200000000000000e+03	 1.7130012615861531e+02	  2.2847600630486610e+01	
  1.9500000000000000e+03	 1.5841620019097982e+02	  -7.2904573721960979e+00	
  1.9800000000000000e+03	 1.4068774272932291e+02	  -3.6108809188589021e+01	
  2.0100000000000000e+03	 1.3308289226543641e+02	  -5.4961944166585106e+01	
  2.0400000000000000e+03	 1.1421959617485020e+02	  -9.2712679233568963e+01	
  2.0700000000000000e+03	 1.0296446682723945e+02	  -1.2836613355768117e+02	
  2.1000000000000000e+03	 8.9266993554979734e+01	  -1.5642807274889876e+02	
  2.1300000000000000e+03	 7.8959641613633565e+01	  -1.8462564680251830e+02	
  2.1600000000000000e+03	 8.0771624898890636e+01	  -1.8279961602863489e+02	
  2.1900000000000000e+03	 8.0562053788937106e+01	  -1.8135482084984895e+02	
  2.2200000000000000e+03	 7.9379110925874727e+01	  -1.7958281925548414e+02	
  2.2500000000000000e+03	 7.8197402750784704e+01	  -1.7988204614554988e+02	
  2.2800000000000000e+03	 7.6588720709482047e+01	  -1.8096860723589074e+02	
  2.3100000000000000e+03	 7.4778128063580894e+01	  -1.8023458466141642e+02	
  2.3400000000000000e+03	 7.4259830044844477e+01	  -1.7871001360714544e+02	
  2.3700000000000000e+03	 7.3508526615158374e+01	  -1.7784430396879469e+02	
  2.4000000000000000e+03	 1.0318524045931103e+02	  -1.9970511331127787e+02	
  2.4300000000000000e+03	 1.3845807818340128e+02	  -2.2716324510302465e+02	
  2.4600000000000000e+03	 1.6922192844736702e+02	  -2.4715345057462577e+02	
  2.4900000000000000e+03	 2.0421410800319128e+02	  -2.6916549608646358e+02	
  2.5200000000000000e+03	 2.4238326626803604e+02	  -2.8883954295244178e+02	
  2.5500000000000000e+03	 2.6557065461326363e+02	  -3.0908034144244482e+02	
  2.5800000000000000e+03	 2.9184024858176645e+02	  -3.2505814390530435e+02	
  2.6100000000000000e+03	 3.0511111084424516e+02	  -3.3608347361365134e+02	
  2.6400000000000000e+03	 3.2368130543755404e+02	  -3.5617114871254250e+02	
  2.6700000000000000e+03	 3.4847354203771289e+02	  -3.7230478550481195e+02	
  2.7000000000000000e+03	 3.5912684585801696e+02	  -3.7992658487937143e+02	
  2.7300000000000000e+03	 3.6006750420929012e+02	  -3.8125546193468307e+02	
  2.7600000000000000e+03	 3.5942894935796141e+02	  -3.8010433010854041e+02	
  2.7900000000000000e+03	 3.5943433177582244e+02	  -3.8208008663434299e+02	
  2.8200000000000000e+03	 3.6134261328332786e+02	  -3.8075196039256258e+02	
  2.8500000000000000e+03	 3.4648440437543098e+02	  -3.5591802339674825e+02	
  2.8800000000000000e+03	 3.1465830325166604e+02	  -3.2825311815784755e+02	
  2.9100000000000000e+03	 2.9654762817665426e+02	  -3.1559421787877460e+02	
  2.9400000000000000e+03	 2.8195982039325872e+02	  -3.0069870259977438e+02	
  2.9700000000000000e+03	 2.4000285102509213e+02	  -2.7204967865723336e+02	
  3.0000000000000000e+03	 2.1775970836693401e+02	  -2.4932210759100678e+02	
  3.0300000000000000e+03	 1.8856025649946042e+02	  -2.2391064742974240e+02	
  3.0600000000000000e+03	 1.6746403884364139e+02	  -2.0461736757206143e+02	
  3.0900000000000000e+03	 1.2752397549957227e+02	  -1.6956136337758375e+02	
  3.1200000000000000e+03	 1.1059764441367253e+02	  -1.5603044433844704e+02	
  3.1500000000000000e+03	 7.7651115927720483e+01	  -1.2472181702650522e+02	
  3.1800000000000000e+03	 4.4475472559223824e+01	  -9.3917290312536437e+01	
  3.2100000000000000e+03	 1.9626564188879343e+01	  -6.9039506462724916e+01	
  3.2400000000000000e+03	 -8.4971825374106267e+00	  -4.2736411588328906e+01	
  3.2700000000000000e+03	 -4.5981074733869960e+01	  -1.2033291570182939e+01	
  3.3000000000000000e+03	 -7.7691036435349758e+01	  1.7048649024933866e+01	
  3.3300000000000000e+03	 -1.1034440000772368e+02	  4.0274767091544646e+01	
  3.3600000000000000e+03	 -1.3485596572500697e+02	  6.4687047332662274e+01	
  3.3900000000000000e+03	 -1.6563462521702101e+02	  9.0238888542228011e+01	
  3.4200000000000000e+03	 -1.9654397614801692e+02	  1.1718727993520037e+02	
  3.4500000000000000e+03	 -2.3410881835606207e+02	  1.4825452960067690e+02	
  3.4800000000000000e+03	 -2.5171763413131077e+02	  1.6053444315286995e+02	
  3.5100000000000000e+03	 -2.7281020495833536e+02	  1.7186428187279756e+02	
  3.5400000000000000e+03	 -3.0300123699011840e+02	  2.0150633427313076e+02	
  3.5700000000000000e+03	 -3.2323883121389412e+02	  2.1772898625604833e+02	
  3.6000000000000000e+03	 -3.5838045628461157e+02	  2.4521897531332695e+02	
  3.6300000000000000e+03	 -3.9106634810525242e+02	  2.7565994508929145e+02	
  3.6600000000000000e+03	 -4.1397426382300910e+02	  2.8577207096812538e+02	
  3.6900000000000000e+03	 -4.5001074067018044e+02	  3.0503256616795733e+02	
  3.7200000000000000e+03	 -4.8285304527651363e+02	  3.2383732156765893e+02	
  3.7500000000000000e+03	 -5.1296785335174366e+02	  3.4728436695314565e+02	
  3.7800000000000000e+03	 -5.3550017984665715e+02	  3.6370984610678750e+02	
  3.8100000000000000e+03	 -5.6529643694200070e+02	  3.8987380773927305e+02	
  3.8400000000000000e+03	 -5.4501250388737367e+02	  3.9411824583081540e+02	
  3.8700000000000000e+03	 -5.0994873595224340e+02	  3.9146691134495740e+02	
  3.9000000000000000e+03	 -4.6782405696628138e+02	  3.9454150016881187e+02	
  3.9300000000000000e+03	 -4.3627403710012931e+02	  3.9589011268082430e+02	
  3.9600000000000000e+03	 -4.0912564340885012e+02	  4.0143918222341927e+02	
  3.9900000000000000e+03	 -3.6405056302760579e+02	  4.0602239674381866e+02	
  4.0200000000000000e+03	 -3.2608489701513406e+02	  4.0516195730740390e+02	
  4.0500000000000000e+03	 -2.8259135134286720e+02	  4.0519273806699601e+02	
  4.0800000000000000e+03	 -2.5691942096232032e+02	  4.0795855587035015e+02	
  4.1100000000000000e+03	 -2.1358150444377131e+02	  4.0667563294325407e+02	
  4.1400000000000000e+03	 -1.8216530206777955e+02	  4.0864613610310170e+02	
  4.1700000000000000e+03	 -1.3762436066148371e+02	  4.1476354691292636e+02	
  4.2000000000000000e+03	 -1.1211755519893094e+02	  4.1233983894966417e+02	
  4.2300000000000000e+03	 -8.0957877085345302e+01	  4.1048049713098152e+02	
  4.2600000000000000e+03	 -4.2335551298371975e+01	  4.0929216973589712e+02	
  4.2900000000000000e+03	 7.4875619131811888e+00	  4.1393161894598370e+02	
  4.3200000000000000e+03	 3.8616869091670594e+01	  4.1947671506818460e+02	
  4.3500000000000000e+03	 1.4662429085879857e+01	  4.2469626359242261e+02	
  4.3800000000000000e+03	 -2.7533910608101976e+01	  4.4256544204985903e+02	
  4.4100000000000000e+03	 -6.2347524796455666e+01	  4.6021904167391369e+02	
  4.4400000000000000e+03	 -9.3633612728672759e+01	  4.6889089666601848e+02	
  4.4700000000000000e+03	 -1.2851610525954328e+02	  4.8454136667035533e+02	
  4.5000000000000000e+03	 -1.5357017779182121e+02	  4.9346639525269234e+02	
  4.5300000000000000e+03	 -1.8334322365654239e+02	  4.9604095020799122e+02	
  4.5600000000000000e+03	 -2.1547930817903742e+02	  5.0624049774469859e+02	
  4.5900000000000000e+03	 -2.4273563699504842e+02	  5.1095133113605232e+02	
  4.6200000000000000e+03	 -2.6250517390188395e+02	  5.2011671431521108e+02	
  4.6500000000000000e+03	 -2.8967375500721221e+02	  5.0990711074533914e+02	
  4.6800000000000000e+03	 -3.0862496834577325e+02	  5.0238358367413457e+02	
  4.7100000000000000e+03	 -3.3082938685711633e+02	  4.9097339141996730e+02	
  4.7400000000000000e+03	 -3.7088571380475207e+02	  4.8021119839800917e+02	
  4.7700000000000000e+03	 -4.0950973640863691e+02	  4.6395730435185777e+02	
  4.8000000000000000e+03	 -4.5061494136087339e+02	  4.4811596434718922e+02	
  4.8300000000000000e+03	 -4.7747759672129695e+02	  4.3590791951416867e+02	
  4.8600000000000000e+03	 -5.2214469533909255e+02	  4.2686217267142064e+02	
  4.8900000000000000e+03	 -5.4132610752383857e+02	  4.1617937272627944e+02	
  4.9200000000000000e+03	 -5.6982602014352460e+02	  4.0972831750776413e+02	
  4.9500000000000000e+03	 -5.7299863019520990e+02	  4.1327561432757625e+02	
  4.9800000000000000e+03	 -5.7424589382426029e+02	  4.1166152576465510e+02	
  5.0100000000000000e+03	 -5.7299760515812136e+02	  4.1157010301470615e+02	
  5.0400000000000000e+03	 -5.7430212336499676e+02	  4.1301312732172369e+02	
  5.0700000000000000e+03	 -5.7472181959049988e+02	  4.1399373751818388e+02	
  5.1000000000000000e+03	 -5.7500520590335009e+02	  4.1281943383665435e+02	
  5.1300000000000000e+03	 -5.7307637161084392e+02	  4.1411476334051002e+02	
  5.1600000000000000e+03	 -5.7153082012123559e+02	  4.1543136995629510e+02	
  5.1900000000000000e+03	 -5.5192009184305869e+02	  3.9384373659919913e+02	
  5.2200000000000000e+03	 -5.4018419843293032e+02	  3.8153897150166779e+02	
  5.2500000000000000e+03	 -5.1816881640137717e+02	  3.5519246586873794e+02	
  5.2800000000000000e+03	 -4.9216632595843794e+02	  3.3068580758454607e+02	
  5.3100000000000000e+03	 -4.6685272763229921e+02	  3.0287332359899528e+02	
  5.3400000000000000e+03	 -4.3640523557106070e+02	  2.6737868174050925e+02	
  5.3700000000000000e+03	 -4.1112212198084751e+02	  2.4031543620968472e+02	
  5.4000000000000000e+03	 -3.8966089335293645e+02	  2.1392106362713139e+02	
  5.4300000000000000e+03	 -3.7079301520094100e+02	  1.8633199567078339e+02	
  5.4600000000000000e+03	 -3.5198412384234609e+02	  1.6401822494116641e+02	
  5.4900000000000000e+03	 -3.2318442897385694e+02	  1.3461744616427600e+02	
  5.5200000000000000e+03	 -2.8895355205010497e+02	  1.0637976355209908e+02	
  5.5500000000000000e+03	 -2.5963164585383595e+02	  7.2462978606624517e+01	
  5.5800000000000000e+03	 -2.3878339080779722e+02	  5.4751031873714183e+01	
  5.6100000000000000e+03	 -2.0952228322114343e+02	  2.2968456116035213e+01	
  5.6400000000000000e+03	 -2.1121952942753649e+02	  2.3887716368157232e+01	
  5.6700000000000000e+03	 -2.1066809858980920e+02	  2.3371195066086738e+01	
  5.7000000000000000e+03	 -2.1194461192912183e+02	  2.3861272133160575e+01	
  5.7300000000000000e+03	 -2.3232989708156222e+02	  5.4550511351271567e+01	
  5.7600000000000000e+03	 -2.5160043870773160e+02	  7.7084903951591329e+01	
  5.7900000000000000e+03	 -2.8143063077395084e+02	  1.1308601027091024e+02	
  5.8200000000000000e+03	 -3.1361823482588392e+02	  1.5127895110224298e+02	
  5.8500000000000000e+03	 -3.2840322108881924e+02	  1.7473640608712125e+02	
  5.8800000000000000e+03	 -3.4111736651374599e+02	  1.9924184689788044e+02	
  5.9100000000000000e+03	 -3.5861417941582698e+02	  2.1424255659484126e+02	
  5.9400000000000000e+03	 -3.7764865879278295e+02	  2.4280886110805247e+02	
  5.9700000000000000e+03	 -4.0924668215272243e+02	  2.7888396157720524e+02	
  6.0000000000000000e+03	 -4.3324018305835051e+02	  3.1879007587707355e+02	
  6.0300000000000000e+03	 -4.1048093264882283e+02	  3.0175551465558829e+02	
  6.0600000000000000e+03	 -3.7818634879547108e+02	  2.8542554350392663e+02	
  6.0900000000000000e+03	 -3.4933037204250098e+02	  2.6623923642222866e+02	
  6.1200000000000000e+03	 -3.1717893114756919e+02	  2.4897974850504164e+02	
  6.1500000000000000e+03	 -2.8032684093577075e+02	  2.2421021287781869e+02	
  6.1800000000000000e+03	 -2.5386096135788296e+02	  2.0992361603720113e+02	
  6.2100000000000000e+03	 -2.3844712771244122e+02	  2.3970361990106591e+02	
  6.2400000000000000e+03	 -2.1882263664605981e+02	  2.6183754846258341e+02	
  6.2700000000000000e+03	 -1.9850052729473708e+02	  2.9486442651639993e+02	
  6.3000000000000000e+03	 -1.7639846290895372e+02	  3.2108297353167455e+02	
  6.3300000000000000e+03	 -1.6432928919991099e+02	  3.4224829294126573e+02	
  6.3600000000000000e+03	 -1.4284021655209713e+02	  3.7131134789810426e+02	
  6.3900000000000000e+03	 -1.1894420018320301e+02	  4.0287223858391445e+02	
  6.4200000000000000e+03	 -9.4791081585141313e+01	  4.3071423704773326e+02	
  6.4500000000000000e+03	 -6.8286286377781309e+01	  4.7269326452081782e+02	
  6.4800000000000000e+03	 -4.5296832613800603e+01	  5.1001501594208753e+02	
  6.5100000000000000e+03	 -2.3216454744372623e+01	  5.4489996160566272e+02	
  6.5400000000000000e+03	 -1.2957137319495580e+00	  5.7181184693371654e+02	
  6.5700000000000000e+03	 1.0939546747895449e+01	  5.8730616998134963e+02	
  6.6000000000000000e+03	 9.4592995500412087e+00	  5.8731632879137214e+02	
  6.6300000000000000e+03	 9.7687669109091999e+00	  5.8836692073127142e+02	
  6.6600000000000000e+03	 1.1391456993358833e+01	  5.8846029698489929e+02	
  6.6900000000000000e+03	 -2.5255678473025032e+01	  5.7919356140613024e+02	
  6.7200000000000000e+03	 -6.4713398878745565e+01	  5.6630967508807817e+02	
  6.7500000000000000e+03	 -8.0069140861306408e+01	  5.5786936187596154e+02	
  6.7800000000000000e+03	 -1.1856628820307685e+02	  5.4917546649775943e+02	
  6.8100000000000000e+03	 -1.5980134196430927e+02	  5.3711957306242834e+02	
  6.8400000000000000e+03	 -2.0650721503183797e+02	  5.2637448693203089e+02	
  6.8700000000000000e+03	 -2.5655668547188202e+02	  5.1656488208614860e+02	
  6.9000000000000000e+03	 -2.7876044384901400e+02	  5.1904701925837969e+02	
  6.9300000000000000e+03	 -2.7909515871558500e+02	  5.2023194121014762e+02	
  6.9600000000000000e+03	 -2.7721813987755263e+02	  5.1858786234028582e+02	
  6.9900000000000000e+03	 -2.7670244939947418e+02	  5.1705878636403213e+02	
  7.0200000000000000e+03	 -2.7651031754952402e+02	  5.1620363118675118e+02	
  7.0500000000000000e+03	 -2.7610218827858239e+02	  5.1504292284166161e+02	
  7.0800000000000000e+03	 -2.6470595681023826e+02	  4.8660170532727750e+02	
  7.1100000000000000e+03	 -2.5190575944765033e+02	  4.5266105934677125e+02	
  7.1400000000000000e+03	 -2.3316349777091639e+02	  4.1802590358274961e+02	
  7.1700000000000000e+03	 -2.1872816529541498e+02	  3.8331317456426996e+02	
  7.2000000000000000e+03	 -2.0156903497361981e+02	  3.4379446950478865e+02	
  7.2300000000000000e+03	 -1.7725164159001739e+02	  3.0740600728891098e+02	
  7.2600000000000000e+03	 -1.6218320844403286e+02	  2.7679329286742205e+02	
  7.2900000000000000e+03	 -1.4687092975294468e+02	  2.4218573890732324e+02	
  7.3200000000000000e+03	 -1.3411933644201955e+02	  2.0903008865288373e+02	
  7.3500000000000000e+03	 -1.1021557577853167e+02	  1.6787207934026620e+02	
  7.3800000000000000e+03	 -9.8481746624520667e+01	  1.4251372096125857e+02	
  7.4100000000000000e+03	 -8.9191808660756848e+01	  1.2567685350587229e+02	
  7.4400000000000000e+03	 -6.9815521761678298e+01	  9.5940042376805650e+01	
  7.4700000000000000e+03	 -6.2470458236528771e+01	  7.5291688443570479e+01	
  7.5000000000000000e+03	 -6.3426259820256490e+01	  5.0221863424415204e+01	
  7.5300000000000000e+03	 -6.3293914956937627e+01	  1.8420583019956336e+01	
  7.5600000000000000e+03	 -6.3024999799080469e+01	  -9.8506664239970050e+00	
  7.5900000000000000e+03	 -6.1015779659980858e+01	  -4.8907256640664123e+01	
  7.6200000000000000e+03	 -6.0266398081712438e+01	  -7.8770079050864410e+01	
  7.6500000000000000e+03	 -5.4838672310914305e+01	  -1.0855475122395691e+02	
  7.6800000000000000e+03	 -5.0353571360227207e+01	  -1.5800460164251484e+02	
  7.7100000000000000e+03	 -4.9718236193579180e+01	  -2.0325416699526960e+02	
  7.7400000000000000e+03	 -4.5268325296663626e+01	  -2.5465408455153235e+02	
  7.7700000000000000e+03	 -4.1322346653057295e+01	  -2.7802122022274932e+02	
  7.8000000000000000e+03	 -4.1817445498791585e+01	  -3.1671886961477094e+02	
  7.8300000000000000e+03	 -3.8412983383145338e+01	  -3.5081023662203233e+02	
  7.8600000000000000e+03	 -3.9896737879784688e+01	  -3.7673917697646664e+02	
  7.8900000000000000e+03	 -4.0839983010165021e+01	  -4.0605002276326246e+02	
  7.9200000000000000e+03	 -3.8560677089759793e+01	  -4.2982585346324765e+02	
  7.9500000000000000e+03	 -3.1651366173257472e+01	  -4.5824304447365074e+02	
  7.9800000000000000e+03	 -2.6917997545053783e+01	  -4.7648676293701305e+02	
  8.0100000000000000e+03	 -3.1497417607972331e+01	  -4.8838800438507991e+02	
  8.0400000000000000e+03	 -3.0691084731250371e+01	  -4.8911552233335834e+02	
  8.0700000000000000e+03	 -2.9574915545300374e+01	  -4.8953688546051842e+02	
  8.1000000000000000e+03	 -3.0923747526774136e+01	  -4.9145822438369299e+02	
  8.1300000000000000e+03	 -3.2132255983637378e+01	  -4.9225653784680560e+02	
  8.1600000000000000e+03	 -3.1684085385578356e+01	  -4.9326757941375172e+02	
  8.1900000000000000e+03	 -3.3208496487061261e+01	  -4.9500069596575838e+02	
  8.2200000000000000e+03	 -3.2710755505891278e+01	  -4.9626344218942194e+02	
  8.2500000000000000e+03	 -3.4040687712004456e+01	  -4.9645116191759735e+02	
  8.2800000000000000e+03	 -2.7136722505723004e+01	  -4.5005587034277437e+02	
  8.3100000000000000e+03	 -2.7140507272906234e+01	  -4.2828887912851815e+02	
  8.3400000000000000e+03	 -1.8983335815303072e+01	  -3.7887598700384814e+02	
  8.3700000000000000e+03	 -1.3662275024811716e+01	  -3.4152543117795409e+02	
  8.4000000000000000e+03	 -9.0836474556657301e+00	  -3.0839007949758991e+02	
  8.4300000000000000e+03	 5.8534395943836337e-01	  -2.6109916504863827e+02	
  8.4600000000000000e+03	 5.4034794229574894e+00	  -2.2934164852552635e+02	
  8.4900000000000000e+03	 4.1512777067718538e+00	  -1.9766167482801680e+02	
  8.5200000000000000e+03	 5.8977385473044679e+00	  -1.5434810416188068e+02	
  8.5500000000000000e+03	 1.0222863790035476e+01	  -1.1678810812697388e+02	
  8.5800000000000000e+03	 1.5193536343104764e+01	  -8.3339689545888106e+01	
  8.6100000000000000e+03	 2.2822852844928882e+01	  -5.9337036894174503e+01	
  8.6400000000000000e+03	 2.3310940208725992e+01	  -3.2072455377207746e+01	
  8.6700000000000000e+03	 2.6575865844571933e+01	  -8.1574448370951558e+00	
  8.7000000000000000e+03	 2.7120542620218192e+01	  2.1904942739596763e+01	
  8.7300000000000000e+03	 3.4489758424703304e+01	  4.5239092701949630e+01	
  8.7600000000000000e+03	 3.5120411526091324e+01	  7.3987044190268222e+01	
  8.7900000000000000e+03	 4.1147975780699277e+01	  9.1684691725350206e+01	
  8.8200000000000000e+03	 5.1108650968341564e+01	  1.3965091908425831e+02	
  8.8500000000000000e+03	 5.7364190597872920e+01	  1.8444112353045585e+02	
  8.8800000000000000e+03	 6.4293768996513791e+01	  2.1804670144772814e+02	
  8.9100000000000000e+03	 1.1022763402400602e+02	  2.2663534957656694e+02	
  8.9400000000000000e+03	 1.3848618486471165e+02	  2.3466381500772246e+02	
  8.9700000000000000e+03	 1.6035730501108435e+02	  2.3778443663304955e+02	
  9.0000000000000000e+03	 2.0063003518463336e+02	  2.4642620737448362e+02	
  9.0300000000000000e+03	 2.4815469920816651e+02	  2.5414483623629152e+02	
  9.0600000000000000e+03	 2.6978256732033333e+02	  2.6152371343647116e+02	
  9.0900000000000000e+03	 3.0158230651914141e+02	  2.7615028832648591e+02	
  9.1200000000000000e+03	 3.4592241925715831e+02	  2.8765748667287693e+02	
  9.1500000000000000e+03	 3.8895507287165060e+02	  2.9981728211011944e+02	
  9.1800000000000000e+03	 4.1966835646938438e+02	  3.0162933415777934e+02	
  9.2100000000000000e+03	 4.3885069409535845e+02	  3.1355433324305994e+02	
  9.2400000000000000e+03	 4.7067845009558198e+02	  3.1517962789821172e+02	
  9.2700000000000000e+03	 4.9428733066081702e+02	  3.2112066778057010e+02	
  9.3000000000000000e+03	 5.1196781685943449e+02	  3.2909658775521569e+02	
  9.3300000000000000e+03	 5.1002153990011550e+02	  3.2962217580590249e+02	
  9.3600000000000000e+03	 5.1054281700362122e+02	  3.2781443220871483e+02	
  9.3900000000000000e+03	 5.1238608494928428e+02	  3.2873365136876970e+02	
  9.4200000000000000e+03	 5.1230268363102937e+02	  3.2816807104674263e+02	
  9.4500000000000000e+03	 5.1423680916665012e+02	  3.2962143342090496e+02	
  9.4800000000000000e+03	 5.1342515864064410e+02	  3.2881697340824695e+02	
  9.5100000000000000e+03	 4.7236200545727036e+02	  3.2741733432391050e+02	
  9.5400000000000000e+03	 4.4546510874172543e+02	  3.2024491436158604e+02	
  9.5700000000000000e+03	 4.0308109633199433e+02	  3.2040934719682559e+02	
  9.6000000000000000e+03	 3.5811494548274027e+02	  3.1516713045932875e+02	
  9.6300000000000000e+03	 3.2298091980687968e+02	  3.1351589801806341e+02	
  9.6600000000000000e+03	 2.8268842552926162e+02	  3.0995746177026587e+02	
  9.6900000000000000e+03	 2.4522919101479448e+02	  3.0431613788390843e+02	
  9.7200000000000000e+03	 2.0606064255585684e+02	  3.0192972756855170e+02	
  9.7500000000000000e+03	 1.6187800641093975e+02	  2.9121593784858499e+02	
  9.7800000000000000e+03	 1.2831474025241226e+02	  2.8453873953837905e+02	
  9.8100000000000000e+03	 8.2520958744282382e+01	  2.7530870242013788e+02	
  9.8400000000000000e+03	 4.3554621418996575e+01	  2.6574565744036784e+02	
  9.8700000000000000e+03	 1.2876291408363464e+01	  2.5926254260618896e+02	
  9.9000000000000000e+03	 -3.0124347001411017e+01	  2.5330972058795805e+02	
  9.9300000000000000e+03	 -7.4139515739492495e+01	  2.5274948287710345e+02	
  9.9600000000000000e+03	 -9.6227996319473306e+01	  2.4881026246096110e+02	
  9.9900000000000000e+03	 -1.4164546178898777e+02	  2.4991905669508543e+02	
  1.0020000000000000e+04	 -1.9402726478064000e+02	  2.4781640390637352e+02	
  1.0050000000000000e+04	 -2.2304189219574309e+02	  2.4111811360694742e+02	
  1.0080000000000000e+04	 -2.7499171082556563e+02	  2.3130861279068517e+02	
  1.0110000000000000e+04	 -2.9744053127567940e+02	  2.2997669804634754e+02	
  1.0140000000000000e+04	 -2.7038007715612400e+02	  2.2216217223747552e+02	
  1.0170000000000000e+04	 -2.3171701346262250e+02	  2.0511278542205346e+02	
  1.0200000000000000e+04	 -2.0033566276012544e+02	  1.9751919690249068e+02	
  1.0230000000000000e+04	 -1.5449318891609093e+02	  1.7923007353429571e+02	
  1.0260000000000000e+04	 -1.2362576334051231e+02	  1.7006331505023502e+02	
  1.0290000000000000e+04	 -9.4843850280985450e+01	  1.6654545311171881e+02	
  1.0320000000000000e+04	 -6.2562668675110558e+01	  1.5486086908491211e+02	
  1.0350000000000000e+04	 -2.4640007898178858e+01	  1.4392281554304924e+02	
  1.0380000000000000e+04	 1.5537404462787336e+01	  1.3077363598069459e+02	
  1.0410000000000000e+04	 5.0168727357217612e+01	  1.1926427257773949e+02	
  1.0440000000000000e+04	 8.3852775939280434e+01	  1.0882850883966465e+02	
  1.0470000000000000e+04	 1.2045041386617211e+02	  9.8839807520411782e+01	
  1.0500000000000000e+04	 1.4066140801977039e+02	  8.7932087518485972e+01	
  1.0530000000000000e+04	 1.6755767027485172e+02	  7.8616629348903601e+01	
  1.0560000000000000e+04	 2.0897323617064953e+02	  6.5903903509608966e+01	
  1.0590000000000000e+04	 2.3000864656984112e+02	  5.2532754969500814e+01	
  1.0620000000000000e+04	 2.7531548503247910e+02	  4.2850176571005342e+01	
  1.0650000000000000e+04	 3.1690525026757251e+02	  2.2803196372078400e+01	
  1.0680000000000000e+04	 3.5598484553772823e+02	  1.2440009425941259e+01	
  1.0710000000000000e+04	 3.9972489734758602e+02	  -1.3798864502752597e+00	
  1.0740000000000000e+04	 4.4575251674465841e+02	  -2.2911205558593842e+01	
  1.0770000000000000e+04	 4.6320397563452457e+02	  -2.5632291030540834e+01	
  1.0800000000000000e+04	 4.9637569215224556e+02	  -3.4696274294884788e+01	
  1.0830000000000000e+04	 5.3159326915608153e+02	  -5.1608798200501234e+01	
  1.0860000000000000e+04	 4.8572621320929557e+02	  -4.2663602284088903e+01	
  1.0890000000000000e+04	 4.5021116844891537e+02	  -2.7144258746144555e+01	
  1.0920000000000000e+04	 4.2412999961477925e+02	  -1.5811210450703612e+01	
  1.0950000000000000e+04	 3.9168642579651242e+02	  -1.2400368572971303e+01	
  1.0980000000000000e+04	 3.5734391405157868e+02	  1.0133823113227987e+00	
  1.1010000000000000e+04	 3.2640120679438343e+02	  1.0687930587115542e+01	
  1.1040000000000000e+04	 2.9803633891762644e+02	  2.3565577969529766e+01	
  1.1070000000000000e+04	 2.5637643042083749e+02	  3.8180015106132629e+01	
  1.1100000000000000e+04	 2.1755867344172427e+02	  5.0906948436808634e+01	
  1.1130000000000000e+04	 1.9794375360933657e+02	  5.2099049170674476e+01	
  1.1160000000000000e+04	 1.5814187866702497e+02	  5.8516130790835490e+01	
  1.1190000000000000e+04	 1.2397432966297629e+02	  6.3541386260136456e+01	
  1.1220000000000000e+04	 9.7160801888282691e+01	  7.3776104552884334e+01	
  1.1250000000000000e+04	 5.7937377980185225e+01	  8.0724662098320735e+01	
  1.1280000000000000e+04	 3.6010504890320341e+01	  8.6173498997560387e+01	
  1.1310000000000000e+04	 -1.3093280361433926e+01	  1.0079431341127490e+02	
  1.1340000000000000e+04	 -3.0960947862745392e+01	  1.1076934598539631e+02	
  1.1370000000000000e+04	 -8.0370997011033268e+01	  1.2424187744047518e+02	
  1.1400000000000000e+04	 -1.0479482205064853e+02	  1.3185632927061135e+02	
  1.1430000000000000e+04	 -1.3458481882322383e+02	  1.3687455311798527e+02	
  1.1460000000000000e+04	 -1.6519583747625509e+02	  1.4230941069224716e+02	
  1.1490000000000000e+04	 -2.0389973792390316e+02	  1.4950026665437613e+02	
  1.1520000000000000e+04	 -2.2543157957067325e+02	  1.6169383479830523e+02	
  1.1550000000000000e+04	 -2.5399734286702716e+02	  1.6742410914574288e+02	
  1.1580000000000000e+04	 -3.0411367478751214e+02	  1.8003418571240897e+02	
  1.1610000000000000e+04	 -3.2682707566028193e+02	  1.8665618741098135e+02	
  1.1640000000000000e+04	 -3.4605236900122594e+02	  1.9532346774978620e+02	
  1.1670000000000000e+04	 -3.7306206466472634e+02	  2.0667636960712488e+02	
  1.1700000000000000e+04	 -3.7228930068352901e+02	  2.0550954826792844e+02	
  1.1730000000000000e+04	 -3.7406555249622153e+02	  2.0384032735484914e+02	
  1.1760000000000000e+04	 -3.7511290651406614e+02	  2.0245117645423858e+02	
  1.1790000000000000e+04	 -3.7666636366768262e+02	  2.0066743923406003e+02	
  1.1820000000000000e+04	 -3.7531697050575497e+02	  2.0140268710827462e+02	
  1.1850000000000000e+04	 -3.7428467346223584e+02	  2.0049075263028760e+02	
  1.1880000000000000e+04	 -3.7486080156462504e+02	  2.0142563980811383e+02	
  1.1910000000000000e+04	 -3.7491924614229288e+02	  2.0336110720317410e+02	
  1.1940000000000000e+04	 -3.5124276810851262e+02	  1.9849212055369807e+02	
  1.1970000000000000e+04	 -3.1499478033725802e+02	  2.0237712448873833e+02	
  1.2000000000000000e+04	 -2.8322076880148859e+02	  2.0562203238644963e+02	
  1.2030000000000000e+04	 -2.5715285755270725e+02	  2.0482515561180580e+02	
  1.2060000000000000e+04	 -2.2123569481292424e+02	  2.0635996570069750e+02	
  1.2090000000000000e+04	 -1.7880231852139940e+02	  2.0528057106697975e+02	
  1.2120000000000000e+04	 -1.4475224823611694e+02	  2.0880966343073649e+02	
  1.2150000000000000e+04	 -9.3903201192691057e+01	  2.0765623589700365e+02	
  1.2180000000000000e+04	 -7.4753310850440911e+01	  2.0763545082826025e+02	
  1.2210000000000000e+04	 -4.8274799783974878e+01	  2.0368501849153253e+02	
  1.2240000000000000e+04	 -2.7073548198271578e+01	  2.0161185609369099e+02	
  1.2270000000000000e+04	 3.4659713567816048e+00	  2.0318637632002290e+02	
  1.2300000000000000e+04	 2.8859456362360245e+01	  1.9795896126509749e+02	
  1.2330000000000000e+04	 7.0310260827217192e+01	  1.9790490901505274e+02	
  1.2360000000000000e+04	 1.0633835421657912e+02	  1.9719310733796510e+02	
  1.2390000000000000e+04	 1.3975967352728293e+02	  1.9606189342192908e+02	
  1.2420000000000000e+04	 1.8030983728738798e+02	  1.9571474744274988e+02	
  1.2450000000000000e+04	 2.0871230513590632e+02	  1.9605261557756754e+02	
  1.2480000000000000e+04	 2.5854390962361214e+02	  1.9401341047885313e+02	
  1.2510000000000000e+04	 2.9144000194059595e+02	  1.9321967093728315e+02	
  1.2540000000000000e+04	 3.2602702916264070e+02	  1.9301155455273343e+02	
  1.2570000000000000e+04	 3.5002233614933346e+02	  1.9284630650640142e+02	
  1.2600000000000000e+04	 3.7308101088021374e+02	  1.9226216663209109e+02	
  1.2630000000000000e+04	 4.1767331333400199e+02	  1.9302049663369522e+02	
  1.2660000000000000e+04	 4.4240140021036655e+02	  1.8979312685409337e+02	
  1.2690000000000000e+04	 4.8231785743023892e+02	  1.8941052060526854e+02	
  1.2720000000000000e+04	 5.3233092550390222e+02	  1.9077631610931695e+02	
  1.2750000000000000e+04	 5.6233606293493756e+02	  1.8704556562041867e+02	
  1.2780000000000000e+04	 6.1368076321820479e+02	  1.8801869685189257e+02	
  1.2810000000000000e+04	 6.4271221890416393e+02	  1.8178364306392632e+02	
  1.2840000000000000e+04	 6.7233729456940853e+02	  1.8481889509361750e+02	
  1.2870000000000000e+04	 6.9903674905402090e+02	  1.8188718038052554e+02	
  1.2900000000000000e+04	 6.6999599894204209e+02	  1.7271110157272295e+02	
  1.2930000000000000e+04	 6.3603373199975226e+02	  1.5151043103712109e+02	
  1.2960000000000000e+04	 5.9782045171552170e+02	  1.2575317154937667e+02	
  1.2990000000000000e+04	 5.5399402870159088e+02	  1.0162178034895163e+02	
  1.3020000000000000e+04	 5.1487470005343187e+02	  8.0351587053222033e+01	
  1.3050000000000000e+04	 4.7829482116746834e+02	  6.5455109972242525e+01	
  1.3080000000000000e+04	 4.4141691637131225e+02	  4.7292207514798747e+01	
  1.3110000000000000e+04	 4.1077259083432511e+02	  3.0206154576782460e+01	
  1.3140000000000000e+04	 3.8316279453967798e+02	  1.1447371467608320e+01	
  1.3170000000000000e+04	 3.5368396808384631e+02	  -1.8634522304848105e+00	
  1.3200000000000000e+04	 3.1611603149295951e+02	  -1.9106650637508253e+01	
  1.3230000000000000e+04	 2.8413787847014737e+02	  -3.3591136923631794e+01	
  1.3260000000000000e+04	 2.6653809176497469e+02	  -4.3004532734421993e+01	
  1.3290000000000000e+04	 2.2450238016469976e+02	  -6.4656615063652652e+01	
  1.3320000000000000e+04	 2.0103475307574027e+02	  -7.5501738380941021e+01	
  1.3350000000000000e+04	 1.6727301446056310e+02	  -1.0129745985343385e+02	
  1.3380000000000000e+04	 1.2741946345689772e+02	  -1.2202998414459528e+02	
  1.3410000000000000e+04	 1.1180637166087369e+02	  -1.3693269717540426e+02	
  1.3440000000000000e+04	 7.2078058098299465e+01	  -1.6067104846954328e+02	
  1.3470000000000000e+04	 5.0267172080273639e+01	  -1.7544096002130638e+02	
  1.3500000000000000e+04	 3.4407234439829729e+01	  -1.8246080782352826e+02	
  1.3530000000000000e+04	 -3.1979540804852746e-01	  -2.0608825884336264e+02	
  1.3560000000000000e+04	 -2.7934086241050171e+01	  -2.1641983342493890e+02	
  1.3590000000000000e+04	 -5.8732420065996052e+01	  -2.3922062226565015e+02	
  1.3620000000000000e+04	 -8.3885670560976223e+01	  -2.5085453493219248e+02	
  1.3650000000000000e+04	 -1.2869499459025295e+02	  -2.7456686178843870e+02	
  1.3680000000000000e+04	 -1.7338164801089016e+02	  -2.9564272771243844e+02	
  1.3710000000000000e+04	 -1.8734372159974146e+02	  -3.1101766670963849e+02	
  1.3740000000000000e+04	 -2.0598743366236238e+02	  -3.1764642700349697e+02	
  1.3770000000000000e+04	 -2.0755186998396243e+02	  -3.1827194816472485e+02	
  1.3800000000000000e+04	 -2.0721233607003788e+02	  -3.1698702779789426e+02	
  1.3830000000000000e+04	 -2.0735907825431184e+02	  -3.1838648684804713e+02	
  1.3860000000000000e+04	 -2.0750012623608342e+02	  -3.1857472098547822e+02	
  1.3890000000000000e+04	 -2.0584079566861030e+02	  -3.1913681658907029e+02	
  1.3920000000000000e+04	 -2.0392672665953353e+02	  -3.2014911648377193e+02	
  1.3950000000000000e+04	 -2.0484974968095648e+02	  -3.1976784585807053e+02	
  1.3980000000000000e+04	 -1.9477895772753831e+02	  -2.9751371450337535e+02	
  1.4010000000000000e+04	 -1.7640638163260121e+02	  -2.6473358979518389e+02	
  1.4040000000000000e+04	 -1.5500563930675173e+02	  -2.1547169459373487e+02	
  1.4070000000000000e+04	 -1.3742372695846913e+02	  -1.8237710894017999e+02	
  1.4100000000000000e+04	 -1.2960443931220431e+02	  -1.5304810502122010e+02	
  1.4130000000000000e+04	 -1.1446044266366189e+02	  -1.1691551633755176e+02	
  1.4160000000000000e+04	 -9.5694029623513032e+01	  -8.4977832276204040e+01	
  1.4190000000000000e+04	 -7.9330289996768826e+01	  -4.4733188558141684e+01	
  1.4220000000000000e+04	 -6.2834074452631143e+01	  -1.4941550081836283e+01	
  1.4250000000000000e+04	 -4.5891164978392538e+01	  1.7916712095802957e+01	
  1.4280000000000000e+04	 -3.4075981021004303e+01	  4.6790822473089641e+01	
  1.4310000000000000e+04	 -1.8503187819049224e+01	  8.5307462789264605e+01	
  1.4340000000000000e+04	 -7.4633130909981311e+00	  1.0995960981698943e+02	
  1.4370000000000000e+04	 1.0198317522286938e+01	  1.4759105813497484e+02	
  1.4400000000000000e+04	 2.6175386250390023e+01	  1.9224488020115069e+02	
  1.4430000000000000e+04	 4.8712013278857384e+01	  2.4080051967925897e+02	
  1.4460000000000000e+04	 5.6858336972133905e+01	  2.5872402633522955e+02	
  1.4490000000000000e+04	 6.4186929045022850e+01	  2.8197258049256334e+02	
  1.4520000000000000e+04	 7.5023908627277294e+01	  3.1828010528340792e+02	
  1.4550000000000000e+04	 8.9634125225970962e+01	  3.4798914999055364e+02	
  1.4580000000000000e+04	 1.0023419368951416e+02	  3.7258815762823230e+02	
  1.4610000000000000e+04	 1.0182503061885789e+02	  3.7194764786563809e+02	
  1.4640000000000000e+04	 1.0029389766801768e+02	  3.7361955075970604e+02	
  1.4670000000000000e+04	 1.0127576889587485e+02	  3.7292149544292221e+02	
  1.4700000000000000e+04	 1.0115976340909083e+02	  3.7428354088754702e+02	
  1.4730000000000000e+04	 1.0306104390074103e+02	  3.7368611439732166e+02	
  1.4760000000000000e+04	 9.5186020670274843e+01	  3.4821961413985815e+02	
  1.4790000000000000e+04	 7.9344288427768774e+01	  3.0462837557683707e+02	
  1.4820000000000000e+04	 7.0319247289628592e+01	  2.6765502916388323e+02	
  1.4850000000000000e+04	 5.7496180849590942e+01	  2.2547929680639223e+02	
  1.4880000000000000e+04	 5.3002287944086930e+01	  1.9417447983864503e+02	
  1.4910000000000000e+04	 5.0459889536779123e+01	  1.7372490120536165e+02	
  1.4940000000000000e+04	 4.6216503305750138e+01	  1.5508956895853899e+02	
  1.4970000000000000e+04	 3.8303018958005268e+01	  1.2186835336282472e+02	
  1.5000000000000000e+04	 2.7590528186862279e+01	  9.6893627848864327e+01	
  1.5030000000000000e+04	 1.4368199177856393e+01	  6.3206176292887406e+01	
  1.5060000000000000e+04	 -6.9801380722062767e-01	  1.8033340349863728e+01	
  1.5090000000000000e+04	 -1.0676359281034216e+01	  -1.6849435237947468e+01	
  1.5120000000000000e+04	 -2.0779751583286608e+01	  -3.7212599487020150e+01	
  1.5150000000000000e+04	 -3.1355405840009080e+01	  -6.2042905605897104e+01	
  1.5180000000000000e+04	 -3.4908169596640114e+01	  -8.7443027779861552e+01	
  1.5210000000000000e+04	 -3.5841643807636586e+01	  -1.0813359289530452e+02	
  1.5240000000000000e+04	 -4.4504501299186082e+01	  -1.3992443084362736e+02	
  1.5270000000000000e+04	 -5.4006416634107623e+01	  -1.6578941173248165e+02	
  1.5300000000000000e+04	 -7.0834073583790371e+01	  -2.0792131582790290e+02	
  1.5330000000000000e+04	 -8.0151014269993468e+01	  -2.5686037204711749e+02	
  1.5360000000000000e+04	 -9.0875714497193442e+01	  -2.8547209608862499e+02	
  1.5390000000000000e+04	 -1.0093820482455422e+02	  -3.3012998615141896e+02	
  1.5420000000000000e+04	 -1.1220452034726787e+02	  -3.5949936484338082e+02	
  1.5450000000000000e+04	 -1.1563341908783309e+02	  -3.7888923729462033e+02	
  1.5480000000000000e+04	 -1.3076348099411564e+02	  -4.2164621118790325e+02	
  1.5510000000000000e+04	 -1.4065097967891870e+02	  -4.5322276559702374e+02	
  1.5540000000000000e+04	 -1.4358355016466879e+02	  -4.8671324121948788e+02	
  1.5570000000000000e+04	 -1.5492722460460118e+02	  -5.3176513526391011e+02	
  1.5600000000000000e+04	 -1.6394422757029065e+02	  -5.5706339943376133e+02	
  1.5630000000000000e+04	 -1.7257313986744103e+02	  -5.7932568972270678e+02	
  1.5660000000000000e+04	 -1.8348767912599959e+02	  -6.1021694888592810e+02	
  1.5690000000000000e+04	 -1.8976530499106283e+02	  -6.4437159347924899e+02	
  1.5720000000000000e+04	 -1.9839806985773220e+02	  -6.7769895932882719e+02	
  1.5750000000000000e+04	 -2.0969797505943930e+02	  -7.1159115265371111e+02	
  1.5780000000000000e+04	 -2.1514909837341634e+02	  -7.4687975555837602e+02	
  1.5810000000000000e+04	 -2.2346858667737652e+02	  -7.7509264492823024e+02	
  1.5840000000000000e+04	 -2.2003428638104629e+02	  -7.8069958768588435e+02	
  1.5870000000000000e+04	 -2.1953089432152572e+02	  -7.8086787860832317e+02	
  1.5900000000000000e+04	 -2.2097458319979398e+02	  -7.7996494668914374e+02	
  1.5930000000000000e+04	 -2.2167068205897434e+02	  -7.8034710312263917e+02	
  1.5960000000000000e+04	 -2.2084965494806212e+02	  -7.8149184680018834e+02	
  1.5990000000000000e+04	 -2.3737234162421538e+02	  -7.7592230188934570e+02	
  1.6020000000000000e+04	 -2.6800724694741052e+02	  -7.6622481515012635e+02	
  1.6050000000000000e+04	 -2.9863963524363936e+02	  -7.5635975643325594e+02	
  1.6080000000000000e+04	 -3.3323107567017485e+02	  -7.4339105016937026e+02	
  1.6110000000000000e+04	 -3.7641294162692571e+02	  -7.2330510621728013e+02	
  1.6140000000000000e+04	 -4.0033358657571358e+02	  -7.1175753825077777e+02	
  1.6170000000000000e+04	 -4.1595038834882484e+02	  -6.9664229392893048e+02	
  1.6200000000000000e+04	 -4.3987123862451392e+02	  -6.8864400044528782e+02	
  1.6230000000000000e+04	 -4.7530579246481710e+02	  -6.7204373896670381e+02	
  1.6260000000000000e+04	 -4.9465485509233190e+02	  -6.6373774687610614e+02	
  1.6290000000000000e+04	 -5.2748907836823173e+02	  -6.5093588490979346e+02	
  1.6320000000000000e+04	 -5.6524438543689325e+02	  -6.2369991729168999e+02	
  1.6350000000000000e+04	 -5.8196533075634204e+02	  -6.1405592598968997e+02	
  1.6380000000000000e+04	 -5.5591824175808290e+02	  -5.6922422628874870e+02	
  1.6410000000000000e+04	 -5.3940228657875980e+02	  -5.4127862126944228e+02	
  1.6440000000000000e+04	 -5.1436540676515642e+02	  -5.0631113699335219e+02	
  1.6470000000000000e+04	 -4.9468776824737193e+02	  -4.7347042473602556e+02	
  1.6500000000000000e+04	 -4.7209096438114767e+02	  -4.3864716535437799e+02	
  1.6530000000000000e+04	 -4.4260194949983787e+02	  -3.9344532163641264e+02	
  1.6560000000000000e+04	 -4.2436099075003369e+02	  -3.5934440455232925e+02	
  1.6590000000000000e+04	 -4.0274902184404760e+02	  -3.3188045200129460e+02	
  1.6620000000000000e+04	 -3.9436743153603265e+02	  -3.1267777960592900e+02	
  1.6650000000000000e+04	 -3.7522478549347414e+02	  -2.7964558984550695e+02	
  1.6680000000000000e+04	 -3.5628453982351169e+02	  -2.5700172020520358e+02	
  1.6710000000000000e+04	 -3.2734148635716753e+02	  -2.1833443066537706e+02	
  1.6740000000000000e+04	 -3.0407488728234148e+02	  -1.8493319814688815e+02	
  1.6770000000000000e+04	 -2.9225252982479191e+02	  -1.6138413984888186e+02	
  1.6800000000000000e+04	 -2.6540030455957572e+02	  -1.2884517853969786e+02	
  1.6830000000000000e+04	 -2.4811780721512983e+02	  -1.0582882642847861e+02	
  1.6860000000000000e+04	 -2.2678139840089477e+02	  -7.4521736479496525e+01	
  1.6890000000000000e+04	 -2.0824357327338379e+02	  -3.8800147315852278e+01	
  1.6920000000000000e+04	 -1.7794106893221812e+02	  1.8426586136661172e+00	
  1.6950000000000000e+04	 -1.6009613261107842e+02	  3.5991226325315324e+01	
  1.6980000000000000e+04	 -1.4589934917063675e+02	  4.9663165532888662e+01	
  1.7010000000000000e+04	 -1.3192175954422962e+02	  7.8851995591177513e+01	
  1.7040000000000000e+04	 -1.0731509977913299e+02	  1.1248468391033222e+02	
  1.7070000000000000e+04	 -8.4900488989319058e+01	  1.5485958358101817e+02	
  1.7100000000000000e+04	 -6.5614109422834019e+01	  1.7847972112276082e+02	
  1.7130000000000000e+04	 -3.8299076631045907e+01	  2.1607218367636219e+02	
  1.7160000000000000e+04	 -2.4943954945525039e+01	  2.4232267383052883e+02	
  1.7190000000000000e+04	 1.3695822921004535e+00	  2.8330661426150107e+02	
  1.7220000000000000e+04	 1.7700140915936377e+01	  3.0220667206032533e+02	
  1.7250000000000000e+04	 3.1103536371433826e+01	  3.2603116306020087e+02	
  1.7280000000000000e+04	 4.8605256637370744e+01	  3.5958964532023668e+02	
  1.7310000000000000e+04	 6.4878635111623311e+01	  3.8332868850316220e+02	
  1.7340000000000000e+04	 9.0057932528639157e+01	  4.0935075747929750e+02	
  1.7370000000000000e+04	 1.0740873461181302e+02	  3.9920391031537565e+02	
  1.7400000000000000e+04	 1.2776785191992556e+02	  3.8185724515777201e+02	
  1.7430000000000000e+04	 1.6262664996882907e+02	  3.5534178103146598e+02	
  1.7460000000000000e+04	 1.7947657855639517e+02	  3.3888039658102065e+02	
  1.7490000000000000e+04	 2.1598085197134270e+02	  3.1409941791671213e+02	
  1.7520000000000000e+04	 2.2698989345209523e+02	  3.0485347468852927e+02	
  1.7550000000000000e+04	 2.5455232742878212e+02	  2.8145476958716836e+02	
  1.7580000000000000e+04	 2.6967603241938320e+02	  2.6989866796335048e+02	
  1.7610000000000000e+04	 2.8790938714827433e+02	  2.5830754434593655e+02	
  1.7640000000000000e+04	 3.1388905303290727e+02	  2.3328813255375206e+02	
  1.7670000000000000e+04	 3.4274187461814552e+02	  2.0257784596745319e+02	
  1.7700000000000000e+04	 3.6916841181741165e+02	  1.8177822167718358e+02	
  1.7730000000000000e+04	 3.9651360250796603e+02	  1.5112498599439962e+02	
  1.7760000000000000e+04	 4.1304154483068407e+02	  1.3778546981740737e+02	
  1.7790000000000000e+04	 4.3956788345653928e+02	  1.1171995825729707e+02	
  1.7820000000000000e+04	 4.5484225643631265e+02	  9.2911582598093304e+01	
  1.7850000000000000e+04	 4.3758559691416957e+02	  7.7137429976147885e+01	
  1.7880000000000000e+04	 4.0529537031213567e+02	  6.2384709102199892e+01	
  1.7910000000000000e+04	 3.6409405455088472e+02	  3.9797514530450300e+01	
  1.7940000000000000e+04	 3.3001468958136877e+02	  2.6177441848651885e+01	
  1.7970000000000000e+04	 2.8777356602507530e+02	  8.2349969695361729e+00	
  1.8000000000000000e+04	 2.6604983491392807e+02	  -7.9811456616668295e+00	
  1.8030000000000000e+04	 2.3812744175696628e+02	  -2.5420667972114025e+01	
  1.8060000000000000e+04	 1.9592475692286672e+02	  -4.4560119006180472e+01	
  1.8090000000000000e+04	 1.6761988746404271e+02	  -6.3059544488356892e+01	
  1.8120000000000000e+04	 1.3732666746141402e+02	  -8.4295857720257359e+01	
  1.8150000000000000e+04	 1.1472257018555933e+02	  -9.2132238804095607e+01	
  1.8180000000000000e+04	 7.6170588029706636e+01	  -1.1450844701312685e+02	
  1.8210000000000000e+04	 4.1633714530904243e+01	  -1.3834669989928193e+02	
  1.8240000000000000e+04	 2.0342192632129361e+01	  -1.5291804905417786e+02	
  1.8270000000000000e+04	 4.6366226426819228e+00	  -1.6623982318516366e+02	
  1.8300000000000000e+04	 -3.1645752937314732e+01	  -1.8270072497397757e+02	
  1.8330000000000000e+04	 -6.3728220314216024e+01	  -2.0577098976381507e+02	
  1.8360000000000000e+04	 -8.6522836628301519e+01	  -2.1723883917562233e+02	
  1.8390000000000000e+04	 -1.1537265122705352e+02	  -2.3057548758728095e+02	
  1.8420000000000000e+04	 -1.6061773416623146e+02	  -2.5413666931368914e+02	
  1.8450000000000000e+04	 -1.7208305381016623e+02	  -2.7437082114762416e+02	
  1.8480000000000000e+04	 -1.8056782416961425e+02	  -2.7522068258101615e+02	
  1.8510000000000000e+04	 -1.8189331522747017e+02	  -2.7598265586403949e+02	
  1.8540000000000000e+04	 -1.9698855165015601e+02	  -2.5745154564873570e+02	
  1.8570000000000000e+04	 -2.0356987087111241e+02	  -2.4066728537498375e+02	
  1.8600000000000000e+04	 -2.1747904597230504e+02	  -2.1964952059102450e+02	
  1.8630000000000000e+04	 -2.4011508879971083e+02	  -1.8255793144188101e+02	
  1.8660000000000000e+04	 -2.5319344598511876e+02	  -1.5734848966094742e+02	
  1.8690000000000000e+04	 -2.7286507142079074e+02	  -1.1356072887424781e+02	
  1.8720000000000000e+04	 -2.8999422488801383e+02	  -8.0051535920686177e+01	
  1.8750000000000000e+04	 -3.1078730742322807e+02	  -4.4409299471688655e+01	
  1.8780000000000000e+04	 -3.2366035762886713e+02	  -1.6647575960229229e+01	
  1.8810000000000000e+04	 -3.2926208958563933e+02	  1.4039399324102781e+00	
  1.8840000000000000e+04	 -3.4353433011111269e+02	  3.6951736551347039e+01	
  1.8870000000000000e+04	 -3.5691064058438479e+02	  6.9696655960882453e+01	
  1.8900000000000000e+04	 -3.6180206640774958e+02	  9.4023736132202586e+01	
  1.8930000000000000e+04	 -3.8160346289967532e+02	  1.2744894266343584e+02	
  1.8960000000000000e+04	 -4.0063279288769365e+02	  1.5663263364243056e+02	
  1.8990000000000000e+04	 -4.0163154482828986e+02	  1.7259140502863210e+02	
  1.9020000000000000e+04	 -4.0706206263678200e+02	  1.9664968887208059e+02	
  1.9050000000000000e+04	 -4.0954846077497155e+02	  2.2008117889705139e+02	
  1.9080000000000000e+04	 -4.1915718354964656e+02	  2.4509092259126609e+02	
  1.9110000000000000e+04	 -4.3081151488579496e+02	  2.8982534464107584e+02	
  1.9140000000000000e+04	 -4.4005979146750587e+02	  3.3336079093506072e+02	
  1.9170000000000000e+04	 -4.4616952774350199e+02	  3.7251007991821729e+02	
  1.9200000000000000e+04	 -4.5491009038752128e+02	  3.9579845187676318e+02	
  1.9230000000000000e+04	 -4.6527138923520920e+02	  4.2847281714621067e+02	
  1.9260000000000000e+04	 -4.7069182108480419e+02	  4.7112071486072102e+02	
  1.9290000000000000e+04	 -4.7304513160785410e+02	  5.0047301270409122e+02	
  1.9320000000000000e+04	 -4.8223544282612875e+02	  5.2038368434204915e+02	
  1.9350000000000000e+04	 -4.8405326970890724e+02	  5.5039229407949335e+02	
  1.9380000000000000e+04	 -4.9271405141282986e+02	  5.9673418619232802e+02	
  1.9410000000000000e+04	 -4.9447635319024238e+02	  6.1757970810292250e+02	
  1.9440000000000000e+04	 -4.9537552372005990e+02	  6.0047815861236188e+02	
  1.9470000000000000e+04	 -4.9658311454265066e+02	  5.5554102644088232e+02	
  1.9500000000000000e+04	 -4.9648434386468500e+02	  5.1837719665922953e+02	
  1.9530000000000000e+04	 -4.9111054533490170e+02	  4.8794929986738123e+02	
  1.9560000000000000e+04	 -4.8696996242644894e+02	  4.4649698723617342e+02	
  1.9590000000000000e+04	 -4.8802129874929312e+02	  4.0468467834535318e+02	
  1.9620000000000000e+04	 -4.8588099426365869e+02	  3.8636161879975720e+02	
  1.9650000000000000e+04	 -4.8257358149989898e+02	  3.4156553160656586e+02	
  1.9680000000000000e+04	 -4.8229838568742707e+02	  3.1982204005088840e+02	
  1.9710000000000000e+04	 -4.7716641732150362e+02	  2.9004037814442250e+02	
  1.9740000000000000e+04	 -4.7635742684404215e+02	  2.7037161473012605e+02	
  1.9770000000000000e+04	 -4.7054836219516773e+02	  2.3890963070519410e+02	
  1.9800000000000000e+04	 -4.6744201786620010e+02	  2.1676718316465406e+02	
  1.9830000000000000e+04	 -4.6297769797224555e+02	  1.9248370567975238e+02	
  1.9860000000000000e+04	 -4.6318008147558646e+02	  1.6681084878920498e+02	
  1.9890000000000000e+04	 -4.6284448083603519e+02	  1.4947401099611884e+02	
  1.9920000000000000e+04	 -4.5954906131956170e+02	  1.0134323394815308e+02	
  1.9950000000000000e+04	 -4.6074981610968689e+02	  7.2112725788200692e+01	
  1.9980000000000000e+04	 -4.5574582161716233e+02	  2.5032117033156574e+01	
  2.0010000000000000e+04	 -4.5837080781188780e+02	  -6.7958940009528064e+00	
  2.0040000000000000e+04	 -4.5073612928945710e+02	  -4.6927533292786279e+01	
  2.0070000000000000e+04	 -4.4376107051432132e+02	  -1.0014170273265674e+02	
  2.0100000000000000e+04	 -4.3920066520583214e+02	  -1.3327719655107839e+02	
  2.0130000000000000e+04	 -4.3523842537252642e+02	  -1.5660077802030833e+02	
  2.0160000000000000e+04	 -4.3162141625759875e+02	  -1.8760325504662822e+02	
  2.0190000000000000e+04	 -4.3567540149201312e+02	  -2.2931850113884525e+02	
  2.0220000000000000e+04	 -4.3929835700677393e+02	  -2.5058358910861105e+02	
  2.0250000000000000e+04	 -4.4035291749742981e+02	  -2.9584999799435877e+02	
  2.0280000000000000e+04	 -4.3811699171476579e+02	  -2.9552998218868379e+02	
  2.0310000000000000e+04	 -4.3858898083661251e+02	  -2.9395539919542415e+02	
  2.0340000000000000e+04	 -4.3848604408223406e+02	  -2.9546710753093430e+02	
  2.0370000000000000e+04	 -4.3697672538943118e+02	  -2.9366198255231228e+02	
  2.0400000000000000e+04	 -4.3863108456656965e+02	  -2.9193277837318925e+02	
  2.0430000000000000e+04	 -4.3801417074737384e+02	  -2.9331841833142687e+02	
  2.0460000000000000e+04	 -4.3902865490606109e+02	  -2.9208581365138031e+02	
  2.0490000000000000e+04	 -4.1189864830931492e+02	  -2.6733206522826936e+02	
  2.0520000000000000e+04	 -3.8553802543681979e+02	  -2.4787892896704491e+02	
  2.0550000000000000e+04	 -3.4513246864351225e+02	  -2.2217128695614372e+02	
  2.0580000000000000e+04	 -3.1380446175346026e+02	  -2.0082983297745128e+02	
  2.0610000000000000e+04	 -2.7576076260670322e+02	  -1.7340240461006570e+02	
  2.0640000000000000e+04	 -2.6110326494588588e+02	  -1.5949518337119133e+02	
  2.0670000000000000e+04	 -2.2598596229489499e+02	  -1.3664403568113852e+02	
  2.0700000000000000e+04	 -2.0524905746184268e+02	  -1.1732921156171400e+02	
  2.0730000000000000e+04	 -1.6566696443332188e+02	  -8.7386893650591745e+01	
  2.0760000000000000e+04	 -1.3742331243936889e+02	  -6.3709041940282560e+01	
  2.0790000000000000e+04	 -1.1730128247289682e+02	  -4.5882743994444482e+01	
  2.0820000000000000e+04	 -7.2835741875697039e+01	  -2.0507614718888885e+01	
  2.0850000000000000e+04	 -3.7372972587833893e+01	  6.5450927011245703e+00	
  2.0880000000000000e+04	 -3.2974421509056100e+00	  2.5396415378236256e+01	
  2.0910000000000000e+04	 3.9919977440985384e+01	  5.6834142276255164e+01	
  2.0940000000000000e+04	 6.6491735698352457e+01	  7.5814912436074593e+01	
  2.0970000000000000e+04	 9.2383669639838573e+01	  9.9329358366244293e+01	
  2.1000000000000000e+04	 1.2355804163357698e+02	  1.1614311569115085e+02	
  2.1030000000000000e+04	 1.5470618676730388e+02	  1.3882177749070490e+02	
  2.1060000000000000e+04	 1.7587754982283423e+02	  1.6014028211292984e+02	
  2.1090000000000000e+04	 2.0328072140376261e+02	  1.7337421928483283e+02	
  2.1120000000000000e+04	 2.4611264010005021e+02	  2.0203635970081456e+02	
  2.1150000000000000e+04	 2.7003693042883344e+02	  2.2031302140324624e+02	
  2.1180000000000000e+04	 2.9395023939252280e+02	  2.3495914069216488e+02	
  2.1210000000000000e+04	 3.1879159240107299e+02	  2.5372875936989382e+02	
  2.1240000000000000e+04	 3.4381204759596449e+02	  2.7086142930763384e+02	
  2.1270000000000000e+04	 3.7827007196623128e+02	  2.9730972822443960e+02	
  2.1300000000000000e+04	 4.1095435313387929e+02	  3.1735938754700669e+02	
  2.1330000000000000e+04	 4.4737997047488062e+02	  3.4718234566281870e+02	
  2.1360000000000000e+04	 4.8107741653500983e+02	  3.6655437006548027e+02	
  2.1390000000000000e+04	 5.1303431195656503e+02	  3.8695612626178035e+02	
  2.1420000000000000e+04	 5.3686323052369994e+02	  4.0000489471998532e+02	
  2.1450000000000000e+04	 5.5935684042769765e+02	  4.2238772894178499e+02	
  2.1480000000000000e+04	 5.9919517384374387e+02	  4.5223225641882539e+02	
  2.1510000000000000e+04	 6.2431610434520314e+02	  4.7440689182807137e+02	
  2.1540000000000000e+04	 6.5888201392182282e+02	  5.0810191738107687e+02	
  2.1570000000000000e+04	 6.6447523849050867e+02	  5.1434452891919022e+02	
  2.1600000000000000e+04	 6.6273684011424302e+02	  5.1301570033682015e+02	
  2.1630000000000000e+04	 6.6186367173262556e+02	  5.1275871384329832e+02	
  2.1660000000000000e+04	 6.2786778817611616e+02	  5.1234340170616179e+02	
  2.1690000000000000e+04	 5.9188121879443668e+02	  5.0761583680178751e+02	
  2.1720000000000000e+04	 5.4225164807341457e+02	  5.0340191075618424e+02	
  2.1750000000000000e+04	 5.0014698111142303e+02	  5.0140020194091500e+02	
  2.1780000000000000e+04	 4.7766178103046627e+02	  5.0197351643418068e+02	
  2.1810000000000000e+04	 4.3804299151926489e+02	  5.0028496016455671e+02	
  2.1840000000000000e+04	 4.0991821743223363e+02	  5.0069513612797505e+02	
  2.1870000000000000e+04	 3.9211282869929386e+02	  5.0156017433545281e+02	
  2.1900000000000000e+04	 3.7308385396427155e+02	  4.9909710742904389e+02	
  2.1930000000000000e+04	 3.2712405682551537e+02	  4.9141129408067650e+02	
  2.1960000000000000e+04	 2.8070852066727713e+02	  4.8364107715301537e+02	
  2.1990000000000000e+04	 2.3479901128792704e+02	  4.7794328615622419e+02	
  2.2020000000000000e+04	 1.9573855804599617e+02	  4.7406890495473959e+02	
  2.2050000000000000e+04	 1.5610312856201932e+02	  4.6849908374005588e+02	
  2.2080000000000000e+04	 1.1777037376570132e+02	  4.6408291804676105e+02	
  2.2110000000000000e+04	 9.4385097113971000e+01	  4.6571037187383206e+02	
  2.2140000000000000e+04	 5.7972754579344986e+01	  4.5601657484119738e+02	
  2.2170000000000000e+04	 3.2138615503698418e+01	  4.5138751148102568e+02	
  2.2200000000000000e+04	 -4.6889534760829861e+00	  4.4157722759993408e+02	
  2.2230000000000000e+04	 -3.6480981508249158e+01	  4.4064725172843350e+02	
  2.2260000000000000e+04	 -6.2690489526890175e+01	  4.3347153229208095e+02	
  2.2290000000000000e+04	 -8.3289181887052109e+01	  4.2777773983877165e+02	
  2.2320000000000000e+04	 -1.3256629848776674e+02	  4.2065984003585112e+02	
  2.2350000000000000e+04	 -1.7034161125685836e+02	  4.1237530267308250e+02	
  2.2380000000000000e+04	 -1.9542970996124387e+02	  4.0397004928415561e+02	
  2.2410000000000000e+04	 -2.2195439238140881e+02	  3.9868922714839994e+02	
  2.2440000000000000e+04	 -2.4386682051260991e+02	  3.9780545510659067e+02	
  2.2470000000000000e+04	 -2.7518558748488147e+02	  3.9862748209325537e+02	
  2.2500000000000000e+04	 -3.1864893847524093e+02	  3.9260772132827611e+02	
  2.2530000000000000e+04	 -3.5599649562093816e+02	  3.8968656832844835e+02	
  2.2560000000000000e+04	 -3.9629634667388530e+02	  3.8268287434462383e+02	
  2.2590000000000000e+04	 -4.3745155585875904e+02	  3.8037935115630029e+02	
  2.2620000000000000e+04	 -4.8245809315404222e+02	  3.7288992097993935e+02	
  2.2650000000000000e+04	 -5.2617560172543438e+02	  3.6888158640076961e+02	
  2.2680000000000000e+04	 -5.7110966453588617e+02	  3.6556584147921802e+02	
  2.2710000000000000e+04	 -6.1593828480435116e+02	  3.6231034795840964e+02	
  2.2740000000000000e+04	 -5.8367357089199299e+02	  3.2531365049662600e+02	
  2.2770000000000000e+04	 -5.7434566264249497e+02	  2.9968324178124976e+02	
  2.2800000000000000e+04	 -5.4486615250536579e+02	  2.6373376177136129e+02	
  2.2830000000000000e+04	 -5.1845197784575555e+02	  2.2781437805758122e+02	
  2.2860000000000000e+04	 -4.9072728121833029e+02	  1.8507917313419546e+02	
  2.2890000000000000e+04	 -4.6859747538482708e+02	  1.4592780991423868e+02	
  2.2920000000000000e+04	 -4.5002633762417730e+02	  1.2250649089142289e+02	
  2.2950000000000000e+04	 -4.2399947961280549e+02	  9.0281936878416687e+01	
