  0.0000000000000000e+00	 -2.2265087388276049e+02	  -2.8463566892408431e+02	
  3.0000000000000000e+01	 -1.8898711035510956e+02	  -2.8348404687824814e+02	
  6.0000000000000000e+01	 -1.6469410491759527e+02	  -2.7353308611267079e+02	
  9.0000000000000000e+01	 -1.2382591945864884e+02	  -2.6474864171344444e+02	
  1.2000000000000000e+02	 -8.8323285653458498e+01	  -2.5553693461398726e+02	
  1.5000000000000000e+02	 -6.0773637881805499e+01	  -2.4726415097928668e+02	
  1.8000000000000000e+02	 -2.9297394949369242e+01	  -2.3993819836142933e+02	
  2.1000000000000000e+02	 1.3950017390310109e+01	  -2.3151539513392495e+02	
  2.4000000000000000e+02	 4.4080341779736941e+01	  -2.2771093791375475e+02	
  2.7000000000000000e+02	 8.9262673143326424e+01	  -2.2093623317130354e+02	
  3.0000000000000000e+02	 4.8953503413957804e+01	  -2.3158203426604410e+02	
  3.3000000000000000e+02	 2.2698726933988922e+01	  -2.4279786707736727e+02	
  3.6000000000000000e+02	 -1.3861620226432528e+01	  -2.5388131104657191e+02	
  3.9000000000000000e+02	 -5.4847710594798301e+01	  -2.6938657432580919e+02	
  4.2000000000000000e+02	 -7.7796498375133865e+01	  -2.8067791985759840e+02	
  4.5000000000000000e+02	 -1.1702956878292231e+02	  -2.9549932915092688e+02	
  4.8000000000000000e+02	 -1.5066835655556287e+02	  -3.0214241877601120e+02	
  5.1000000000000000e+02	 -1.8621442146888734e+02	  -3.1675278722570380e+02	
  5.4000000000000000e+02	 -2.1257441507363353e+02	  -3.2835657964383716e+02	
  5.7000000000000000e+02	 -2.6437825777241130e+02	  -3.3937788247418990e+02	
  6.0000000000000000e+02	 -3.0179387834260990e+02	  -3.4944593254728119e+02	
  6.3000000000000000e+02	 -3.2432371028730103e+02	  -3.5714903219782036e+02	
  6.6000000000000000e+02	 -3.5075953630489704e+02	  -3.6024481022417655e+02	
  6.9000000000000000e+02	 -3.9673508472826057e+02	  -3.7573832442063355e+02	
  7.2000000000000000e+02	 -4.2073515211722724e+02	  -3.7706811447334587e+02	
  7.5000000000000000e+02	 -4.6711974258895873e+02	  -3.8994707876290062e+02	
  7.8000000000000000e+02	 -5.0707054530097048e+02	  -4.0178725147924308e+02	
  8.1000000000000000e+02	 -5.3172576895047735e+02	  -4.0800663475912393e+02	
  8.4000000000000000e+02	 -5.6469569121696020e+02	  -4.1728535655549331e+02	
  8.7000000000000000e+02	 -6.1441914575365445e+02	  -4.2939359360221232e+02	
  9.0000000000000000e+02	 -6.6591672624729108e+02	  -4.3675192937005852e+02	
  9.3000000000000000e+02	 -7.0259907722624348e+02	  -4.4168495671949557e+02	
  9.6000000000000000e+02	 -7.3118306041547919e+02	  -4.5010031787742804e+02	
  9.9000000000000000e+02	 -7.4285270122255486e+02	  -4.5726657152734072e+02	
  1.0200000000000000e+03	 -7.4461403611091293e+02	  -4.5573055166481936e+02	
  1.0500000000000000e+03	 -7.4291139388736156e+02	  -4.5532835639253193e+02	
  1.0800000000000000e+03	 -7.4422558265010935e+02	  -4.5458265287069781e+02	
  1.1100000000000000e+03	 -7.4408523173710785e+02	  -4.5633753649380725e+02	
  1.1400000000000000e+03	 -7.0476326911714887e+02	  -4.4436101689286772e+02	
  1.1700000000000000e+03	 -6.7472272404504554e+02	  -4.3781277737927746e+02	
  1.2000000000000000e+03	 -6.4733202893754526e+02	  -4.2585301707434138e+02	
  1.2300000000000000e+03	 -6.0632432456056279e+02	  -4.1292717064078244e+02	
  1.2600000000000000e+03	 -5.5834135282589477e+02	  -3.9479050129346911e+02	
  1.2900000000000000e+03	 -5.2814620595478800e+02	  -3.8371916722029448e+02	
  1.3200000000000000e+03	 -5.0338937156713274e+02	  -3.7603297398200249e+02	
  1.3500000000000000e+03	 -4.5332396446231667e+02	  -3.6042285004054349e+02	
  1.3800000000000000e+03	 -4.0900496070679554e+02	  -3.4540941469434762e+02	
  1.4100000000000000e+03	 -3.7821816429683503e+02	  -3.2893737694149212e+02	
  1.4400000000000000e+03	 -3.3103209471342285e+02	  -3.1610992607502141e+02	
  1.4700000000000000e+03	 -2.9252846741690166e+02	  -3.0094177594628411e+02	
  1.5000000000000000e+03	 -2.5273752599071679e+02	  -2.8519389871330793e+02	
  1.5300000000000000e+03	 -2.1138108672438022e+02	  -2.6931719946344907e+02	
  1.5600000000000000e+03	 -1.8929155954022812e+02	  -2.6534850409788743e+02	
  1.5900000000000000e+03	 -1.7229978522500406e+02	  -2.5452126280724576e+02	
  1.6200000000000000e+03	 -1.4293060539401387e+02	  -2.4040423087312351e+02	
  1.6500000000000000e+03	 -1.0945697423253212e+02	  -2.2744509487456682e+02	
  1.6800000000000000e+03	 -8.7514091192263493e+01	  -2.1478351768288294e+02	
  1.7100000000000000e+03	 -6.4985275452763247e+01	  -2.1054449679204669e+02	
  1.7400000000000000e+03	 -2.1031874431471003e+01	  -1.9379217806873109e+02	
  1.7700000000000000e+03	 8.9336997800069895e+00	  -1.8443559484153155e+02	
  1.8000000000000000e+03	 5.2071990284903222e+01	  -1.7100019965264994e+02	
  1.8300000000000000e+03	 9.3197771908881151e+01	  -1.5753383665043822e+02	
  1.8600000000000000e+03	 1.2066481989950134e+02	  -1.4514987027576348e+02	
  1.8900000000000000e+03	 1.4017432275058653e+02	  -1.3288749319515509e+02	
  1.9200000000000000e+03	 1.6383890998882322e+02	  -1.2722711032344644e+02	
  1.9500000000000000e+03	 1.9645306625229051e+02	  -1.1335484612210605e+02	
  1.9800000000000000e+03	 2.1935162206478199e+02	  -1.0680776522418631e+02	
  2.0100000000000000e+03	 2.4897431804991751e+02	  -9.8248446896826110e+01	
  2.0400000000000000e+03	 2.7137032119121085e+02	  -8.8695801074723036e+01	
  2.0700000000000000e+03	 2.9341338990619221e+02	  -7.6851858359353642e+01	
  2.1000000000000000e+03	 3.1899121060475107e+02	  -7.0051621895187850e+01	
  2.1300000000000000e+03	 3.5555472150666333e+02	  -6.1458564151963046e+01	
  2.1600000000000000e+03	 4.0255047313876452e+02	  -4.4707778272489151e+01	
  2.1900000000000000e+03	 4.2654973022617060e+02	  -3.9660567825031976e+01	
  2.2200000000000000e+03	 4.6306170829727955e+02	  -3.2713771694311262e+01	
  2.2500000000000000e+03	 4.9095424216710433e+02	  -2.3823902393465637e+01	
  2.2800000000000000e+03	 5.3159048151971228e+02	  -1.4865069065500082e+01	
  2.3100000000000000e+03	 5.7358462209136712e+02	  -5.3324761405205798e+00	
  2.3400000000000000e+03	 6.1264670702122999e+02	  4.3013537273588440e+00	
  2.3700000000000000e+03	 6.4154024995070984e+02	  1.6651808279931050e+01	
  2.4000000000000000e+03	 6.6527836292863003e+02	  2.7121122271982664e+01	
  2.4300000000000000e+03	 6.9783738726203546e+02	  4.9015318899869811e+01	
  2.4600000000000000e+03	 7.1888533958745893e+02	  5.2046424125678413e+01	
  2.4900000000000000e+03	 7.2006165795938557e+02	  5.3729515132278962e+01	
  2.5200000000000000e+03	 7.2137360966670963e+02	  5.5643235906154160e+01	
  2.5500000000000000e+03	 6.9740672925431807e+02	  6.2503119206639546e+01	
  2.5800000000000000e+03	 6.7439734643296526e+02	  7.4762867918660220e+01	
  2.6100000000000000e+03	 6.5552549796616279e+02	  8.6130134067751257e+01	
  2.6400000000000000e+03	 6.4010793291153493e+02	  9.4529983429556012e+01	
  2.6700000000000000e+03	 5.9676495316179887e+02	  1.1112570875559526e+02	
  2.7000000000000000e+03	 5.5280718196708472e+02	  1.2519097578440677e+02	
  2.7300000000000000e+03	 5.2926943050375417e+02	  1.3719839740359839e+02	
  2.7600000000000000e+03	 4.9627228448164431e+02	  1.4563684765215626e+02	
  2.7900000000000000e+03	 4.7739224522995858e+02	  1.5157650099319218e+02	
  2.8200000000000000e+03	 4.3332705265938546e+02	  1.6405282782792199e+02	
  2.8500000000000000e+03	 3.9313598634757966e+02	  1.8373018042042315e+02	
  2.8800000000000000e+03	 3.7720295428894042e+02	  2.1980441823366868e+02	
  2.9100000000000000e+03	 3.6670557431302871e+02	  2.5477328246052878e+02	
  2.9400000000000000e+03	 3.4938998543203769e+02	  2.9705941788778517e+02	
  2.9700000000000000e+03	 3.3785335993531106e+02	  3.1896839375130236e+02	
  3.0000000000000000e+03	 3.2829076720375201e+02	  3.3726215497502204e+02	
  3.0300000000000000e+03	 3.1777458662919696e+02	  3.7331149901061946e+02	
  3.0600000000000000e+03	 3.0258280877333186e+02	  4.0668094330053583e+02	
  3.0900000000000000e+03	 2.9501506661384803e+02	  4.3894134534356283e+02	
  3.1200000000000000e+03	 2.8181231126458283e+02	  4.5800582570651966e+02	
  3.1500000000000000e+03	 2.7627008454682903e+02	  4.8434955547443235e+02	
  3.1800000000000000e+03	 2.7055503021637060e+02	  5.0447613551412650e+02	
  3.2100000000000000e+03	 2.7008739233777646e+02	  5.0387241076362039e+02	
  3.2400000000000000e+03	 2.7148711223491682e+02	  5.0346640793331335e+02	
  3.2700000000000000e+03	 2.7173264535103345e+02	  5.0501742629475615e+02	
  3.3000000000000000e+03	 2.7062617431745565e+02	  5.0423401782554157e+02	
  3.3300000000000000e+03	 2.7149526758524451e+02	  5.0286021482365538e+02	
  3.3600000000000000e+03	 2.6984825666970886e+02	  5.0226587709118462e+02	
  3.3900000000000000e+03	 2.3649804181497905e+02	  4.9721983892598757e+02	
  3.4200000000000000e+03	 1.9122243899915853e+02	  4.9359293008894900e+02	
  3.4500000000000000e+03	 1.5487437830453072e+02	  4.9190139381456817e+02	
  3.4800000000000000e+03	 1.3241863478265148e+02	  4.9209136049826344e+02	
  3.5100000000000000e+03	 9.5455813082328504e+01	  4.8576666612190172e+02	
  3.5400000000000000e+03	 6.4192959524638439e+01	  4.7800766417100618e+02	
  3.5700000000000000e+03	 2.7781942367141284e+01	  4.6799521089597141e+02	
  3.6000000000000000e+03	 3.8683891311213365e+00	  4.6784631116075616e+02	
  3.6300000000000000e+03	 -1.6719872834298005e+01	  4.5943748726603064e+02	
  3.6600000000000000e+03	 -4.6877592696190860e+01	  4.5978780024784902e+02	
  3.6900000000000000e+03	 -8.9288141814247979e+01	  4.5070707144582576e+02	
  3.7200000000000000e+03	 -1.1500745634828188e+02	  4.5079240595411017e+02	
  3.7500000000000000e+03	 -1.6794473236803316e+02	  4.4359899253904155e+02	
  3.7800000000000000e+03	 -1.9300237100795090e+02	  4.4169837270510692e+02	
  3.8100000000000000e+03	 -2.3873719098027584e+02	  4.3154876111535145e+02	
  3.8400000000000000e+03	 -2.8238371456627516e+02	  4.2243999676581359e+02	
  3.8700000000000000e+03	 -3.1203972654019498e+02	  4.1801738380003906e+02	
  3.9000000000000000e+03	 -3.3629067161007856e+02	  4.1259255751969550e+02	
  3.9300000000000000e+03	 -3.6345691925274491e+02	  4.0492673078252426e+02	
  3.9600000000000000e+03	 -4.1308057982382093e+02	  3.9561167070618279e+02	
  3.9900000000000000e+03	 -4.3984467087977180e+02	  3.8996388359662416e+02	
  4.0200000000000000e+03	 -4.8863074893993428e+02	  3.8322625638700288e+02	
  4.0500000000000000e+03	 -5.1607673992563753e+02	  3.7852964095128812e+02	
  4.0800000000000000e+03	 -5.1488189619091122e+02	  3.8024682884884896e+02	
  4.1100000000000000e+03	 -5.1582148923799582e+02	  3.7933304289570123e+02	
  4.1400000000000000e+03	 -5.1630497795193219e+02	  3.7756310366658005e+02	
  4.1700000000000000e+03	 -5.1538769323116992e+02	  3.7665663645427270e+02	
  4.2000000000000000e+03	 -5.1638667452665004e+02	  3.7523329869733982e+02	
  4.2300000000000000e+03	 -5.1756903621900733e+02	  3.7543116292231122e+02	
  4.2600000000000000e+03	 -5.1738328559576928e+02	  3.7623406815954291e+02	
  4.2900000000000000e+03	 -4.7928308503827424e+02	  4.0323281379210550e+02	
  4.3200000000000000e+03	 -4.4122441201832748e+02	  4.2762507266813770e+02	
  4.3500000000000000e+03	 -4.2346114368233515e+02	  4.4148011062219314e+02	
  4.3800000000000000e+03	 -3.9331469757566828e+02	  4.5509688016279529e+02	
  4.4100000000000000e+03	 -3.5813971641598607e+02	  4.7493059439113483e+02	
  4.4400000000000000e+03	 -3.1946003563789520e+02	  4.9134748741362137e+02	
  4.4700000000000000e+03	 -2.9443166752998104e+02	  5.0592863261966181e+02	
  4.5000000000000000e+03	 -2.9639224656443150e+02	  5.0757401642734249e+02	
  4.5300000000000000e+03	 -2.9483236134977449e+02	  5.0808650351359285e+02	
  4.5600000000000000e+03	 -2.9554380176486507e+02	  5.0746074632054905e+02	
  4.5900000000000000e+03	 -2.9452775141072175e+02	  5.0742124436657326e+02	
  4.6200000000000000e+03	 -2.9453675934875997e+02	  5.0929840548934868e+02	
  4.6500000000000000e+03	 -2.9305121243615503e+02	  5.0752292142913240e+02	
  4.6800000000000000e+03	 -2.6539368248361438e+02	  4.7227290433928545e+02	
  4.7100000000000000e+03	 -2.5034808940234129e+02	  4.5390930853554823e+02	
  4.7400000000000000e+03	 -2.1618415151269335e+02	  4.1815323201929613e+02	
  4.7700000000000000e+03	 -1.8968689518107198e+02	  3.9455756874153815e+02	
  4.8000000000000000e+03	 -1.6569784832334554e+02	  3.7181950741825807e+02	
  4.8300000000000000e+03	 -1.4098902489172647e+02	  3.4801749432002248e+02	
  4.8600000000000000e+03	 -1.1843867477704576e+02	  3.2213312572059993e+02	
  4.8900000000000000e+03	 -9.5656263232608254e+01	  2.9399647426143383e+02	
  4.9200000000000000e+03	 -7.8149433499948259e+01	  2.7157425032346083e+02	
  4.9500000000000000e+03	 -7.1132341400405409e+01	  3.1242958944104191e+02	
  4.9800000000000000e+03	 -7.0675762619045031e+01	  3.4321534995635028e+02	
  5.0100000000000000e+03	 -6.5336707227083963e+01	  3.6423508169483455e+02	
  5.0400000000000000e+03	 -6.2498039229723219e+01	  3.9604577581094594e+02	
  5.0700000000000000e+03	 -5.0946681712580961e+01	  4.4203134522782250e+02	
  5.1000000000000000e+03	 -4.3995468648197331e+01	  4.8031837507208769e+02	
  5.1300000000000000e+03	 -3.9051596244023415e+01	  5.1934887637902079e+02	
  5.1600000000000000e+03	 -2.8841740920047481e+01	  5.6108184525381239e+02	
  5.1900000000000000e+03	 -2.4760685617508127e+01	  6.0622083496322364e+02	
  5.2200000000000000e+03	 -2.1617852346036145e+01	  6.2793480512526537e+02	
  5.2500000000000000e+03	 -1.6314173970234425e+01	  6.4418200455513397e+02	
  5.2800000000000000e+03	 -1.6328406424441788e+01	  6.6836150250468074e+02	
  5.3100000000000000e+03	 -2.4322906390474632e+01	  6.2941560960523702e+02	
  5.3400000000000000e+03	 -2.8893095963466354e+01	  5.9025751213147646e+02	
  5.3700000000000000e+03	 -2.8701739753561501e+01	  5.5241908273690012e+02	
  5.4000000000000000e+03	 -3.2521615717426698e+01	  5.0266815899964075e+02	
  5.4300000000000000e+03	 -3.9005288886900082e+01	  4.7922280483927238e+02	
  5.4600000000000000e+03	 -3.9364253168710171e+01	  4.3616303056708966e+02	
  5.4900000000000000e+03	 -4.3722030044295330e+01	  3.9577166088677427e+02	
  5.5200000000000000e+03	 -5.0162989269678853e+01	  3.7150102401109484e+02	
  5.5500000000000000e+03	 -5.3478480017866879e+01	  3.5283783533234305e+02	
  5.5800000000000000e+03	 -5.6296240774131043e+01	  3.3054771356395554e+02	
  5.6100000000000000e+03	 -6.3989285658488939e+01	  2.7961712745962745e+02	
  5.6400000000000000e+03	 -6.4277449208896286e+01	  2.4497647970234158e+02	
  5.6700000000000000e+03	 -6.3752444298429893e+01	  2.0967208383628451e+02	
  5.7000000000000000e+03	 -6.2101335443177419e+01	  1.8779987483584725e+02	
  5.7300000000000000e+03	 -7.0692166802130231e+01	  1.4225832380111848e+02	
  5.7600000000000000e+03	 -7.1467939286243464e+01	  1.0074439479137958e+02	
  5.7900000000000000e+03	 -7.2052644780217449e+01	  5.7322424761673176e+01	
  5.8200000000000000e+03	 -7.0968282780913810e+01	  2.8059763058607832e+01	
  5.8500000000000000e+03	 -7.1886929221840560e+01	  -3.1951782295976585e+00	
  5.8800000000000000e+03	 -7.8958881621070276e+01	  -4.2005236620670907e+01	
  5.9100000000000000e+03	 -8.4179930602875046e+01	  -7.2587681579368763e+01	
  5.9400000000000000e+03	 -8.8748080755860400e+01	  -1.0193583557671141e+02	
  5.9700000000000000e+03	 -9.2662761138460311e+01	  -1.4333162388653267e+02	
  6.0000000000000000e+03	 -9.4118391631906135e+01	  -1.6146107838897279e+02	
  6.0300000000000000e+03	 -1.0384724557276303e+02	  -1.9803053567579286e+02	
  6.0600000000000000e+03	 -1.0822277359125664e+02	  -2.3205308474451988e+02	
  6.0900000000000000e+03	 -1.1476768594647473e+02	  -2.8097620103488356e+02	
  6.1200000000000000e+03	 -1.1820721183455871e+02	  -3.1887745199096020e+02	
  6.1500000000000000e+03	 -1.2048185158163443e+02	  -3.4362986365230415e+02	
  6.1800000000000000e+03	 -1.2356708039547379e+02	  -3.6558888200898633e+02	
  6.2100000000000000e+03	 -1.3321776136672042e+02	  -4.1450398280202978e+02	
  6.2400000000000000e+03	 -1.4432771357055390e+02	  -4.5457979611175330e+02	
  6.2700000000000000e+03	 -1.4465439756807950e+02	  -4.8856564730915613e+02	
  6.3000000000000000e+03	 -1.4368121987768902e+02	  -4.8665280579094696e+02	
  6.3300000000000000e+03	 -1.4180495003643233e+02	  -4.8780081072222765e+02	
  6.3600000000000000e+03	 -1.3992568342755905e+02	  -4.8931014963201557e+02	
  6.3900000000000000e+03	 -1.3930456735418895e+02	  -4.8838047472458510e+02	
  6.4200000000000000e+03	 -1.0854173358005687e+02	  -5.1369063207207773e+02	
  6.4500000000000000e+03	 -8.9146716568433646e+01	  -5.3444835687288037e+02	
  6.4800000000000000e+03	 -5.8722269128362434e+01	  -5.6500779814450027e+02	
  6.5100000000000000e+03	 -3.9767717096849204e+01	  -5.9267217923325973e+02	
  6.5400000000000000e+03	 -2.2930266143075240e+01	  -6.0844505124352395e+02	
  6.5700000000000000e+03	 -8.1211776724838014e+00	  -6.2679615806516119e+02	
  6.6000000000000000e+03	 1.9610205949056358e+01	  -6.6787158366454059e+02	
  6.6300000000000000e+03	 4.1864964787771960e+01	  -6.2357366891931110e+02	
  6.6600000000000000e+03	 5.3957760058030104e+01	  -6.0020009213792309e+02	
  6.6900000000000000e+03	 6.0044647656176167e+01	  -5.8237674704480321e+02	
  6.7200000000000000e+03	 7.7316696522630664e+01	  -5.6082736553362929e+02	
  6.7500000000000000e+03	 8.7781549865974995e+01	  -5.3489184028967247e+02	
  6.7800000000000000e+03	 1.0701696676094619e+02	  -5.0224115502825327e+02	
  6.8100000000000000e+03	 1.1869844358144600e+02	  -4.7118586489119161e+02	
  6.8400000000000000e+03	 1.3785891332864793e+02	  -4.4317263444541726e+02	
  6.8700000000000000e+03	 1.5755949658504119e+02	  -4.0816462853552866e+02	
  6.9000000000000000e+03	 1.8190031408685655e+02	  -3.6464973042509541e+02	
  6.9300000000000000e+03	 2.0098575954191546e+02	  -3.2856800353703130e+02	
  6.9600000000000000e+03	 2.1433726911602105e+02	  -3.0145105454087565e+02	
  6.9900000000000000e+03	 2.3281450698975851e+02	  -2.7036807085805515e+02	
  7.0200000000000000e+03	 2.5236899446429948e+02	  -2.2165864675234963e+02	
  7.0500000000000000e+03	 2.7882296715617906e+02	  -1.7318625320971324e+02	
  7.0800000000000000e+03	 3.0103929222275480e+02	  -1.3369095856842961e+02	
  7.1100000000000000e+03	 3.1836231559426409e+02	  -1.0583516303295812e+02	
  7.1400000000000000e+03	 3.3629073583569243e+02	  -6.7643991874805309e+01	
  7.1700000000000000e+03	 3.5125329714912840e+02	  -3.1181509262030623e+01	
  7.2000000000000000e+03	 3.6319921232372201e+02	  -3.0875302886009592e-01	
  7.2300000000000000e+03	 3.9188694657305086e+02	  4.5476696191075675e+01	
  7.2600000000000000e+03	 4.0767589444596689e+02	  8.5044256424879649e+01	
  7.2900000000000000e+03	 4.1487046878698584e+02	  8.5778828627069515e+01	
  7.3200000000000000e+03	 4.1558386744587511e+02	  8.5859844785683720e+01	
  7.3500000000000000e+03	 4.1392027775208254e+02	  8.7351317632380798e+01	
  7.3800000000000000e+03	 4.1196596240167952e+02	  8.7868495288351255e+01	
  7.4100000000000000e+03	 4.1988218326156289e+02	  1.1744870536765666e+02	
  7.4400000000000000e+03	 4.3645644918466820e+02	  1.4850526997942745e+02	
  7.4700000000000000e+03	 4.4672067413281286e+02	  1.1951677041509183e+02	
  7.5000000000000000e+03	 4.5482143188901813e+02	  8.1890880281565799e+01	
  7.5300000000000000e+03	 4.5942261828291856e+02	  3.7523981169586314e+01	
  7.5600000000000000e+03	 4.6824728896706330e+02	  1.2723021197779595e+01	
  7.5900000000000000e+03	 4.7457968155728338e+02	  -1.4828517210274399e+01	
  7.6200000000000000e+03	 4.8496091884699683e+02	  -5.8729861659140397e+01	
  7.6500000000000000e+03	 4.9058394009002188e+02	  -9.5090163587012185e+01	
  7.6800000000000000e+03	 5.0136670451760102e+02	  -1.3271280600223599e+02	
  7.7100000000000000e+03	 5.0933155304225141e+02	  -1.7689258360824431e+02	
  7.7400000000000000e+03	 5.1284787616652818e+02	  -2.1127161083215088e+02	
  7.7700000000000000e+03	 5.1500228340673664e+02	  -2.3454823766022085e+02	
  7.8000000000000000e+03	 5.2191074016169182e+02	  -2.7406110631355637e+02	
  7.8300000000000000e+03	 5.3046401002540676e+02	  -3.1466838167437731e+02	
  7.8600000000000000e+03	 5.3041880925619739e+02	  -3.3614456604946361e+02	
  7.8900000000000000e+03	 5.4057063501278333e+02	  -3.6289281518859900e+02	
  7.9200000000000000e+03	 5.4284841003655993e+02	  -3.9743989692881001e+02	
  7.9500000000000000e+03	 5.4935871750042804e+02	  -4.2597800777215127e+02	
  7.9800000000000000e+03	 5.4837441588691672e+02	  -4.7206897257504164e+02	
  8.0100000000000000e+03	 5.5334304077840670e+02	  -4.9454808044753895e+02	
  8.0400000000000000e+03	 5.5122862117387717e+02	  -4.5501225364765139e+02	
  8.0700000000000000e+03	 5.4968117593830959e+02	  -4.3321010346586354e+02	
  8.1000000000000000e+03	 5.4337131800471991e+02	  -4.0008251729807029e+02	
  8.1300000000000000e+03	 5.4206406590858921e+02	  -3.6919000953413729e+02	
  8.1600000000000000e+03	 5.4093935109657912e+02	  -3.3899947125233433e+02	
  8.1900000000000000e+03	 5.3900120655007788e+02	  -2.9684958750412079e+02	
  8.2200000000000000e+03	 5.3317859952819219e+02	  -2.7376994818820998e+02	
  8.2500000000000000e+03	 5.2635497568691505e+02	  -2.4704507482043618e+02	
  8.2800000000000000e+03	 5.1690076419814807e+02	  -2.0151280392605614e+02	
  8.3100000000000000e+03	 5.1083241562527303e+02	  -1.6844081335008019e+02	
  8.3400000000000000e+03	 5.0693303855258534e+02	  -1.1746007994107578e+02	
  8.3700000000000000e+03	 5.0931988580843677e+02	  -9.7203580037765590e+01	
  8.4000000000000000e+03	 5.0860992076159903e+02	  -5.1287403140440247e+01	
  8.4300000000000000e+03	 5.0437903637870085e+02	  -1.9460803899473706e+01	
  8.4600000000000000e+03	 4.9844290910149260e+02	  9.3907962021136484e+00	
  8.4900000000000000e+03	 4.9301711884421127e+02	  4.2609012093152941e+01	
  8.5200000000000000e+03	 4.9421094305496587e+02	  7.3743210715825910e+01	
  8.5500000000000000e+03	 4.8429046971706703e+02	  1.2005276756506274e+02	
  8.5800000000000000e+03	 4.3525527606138644e+02	  1.3181695608799942e+02	
  8.6100000000000000e+03	 3.9384123164390519e+02	  1.4076967995134368e+02	
  8.6400000000000000e+03	 3.5311892005406429e+02	  1.5705530453377688e+02	
  8.6700000000000000e+03	 3.0842350460950405e+02	  1.6885627675289842e+02	
  8.7000000000000000e+03	 2.6663451254181473e+02	  1.7845085469946719e+02	
  8.7300000000000000e+03	 2.4144590905405232e+02	  1.8878190677048656e+02	
  8.7600000000000000e+03	 2.1037277833465438e+02	  1.9778063020457824e+02	
  8.7900000000000000e+03	 1.7080623355026529e+02	  2.0534038658073166e+02	
  8.8200000000000000e+03	 1.3455649423029911e+02	  2.2122535062265391e+02	
  8.8500000000000000e+03	 9.8654786494091539e+01	  2.3333821713380343e+02	
  8.8800000000000000e+03	 6.2709874352421416e+01	  2.4135842943527260e+02	
  8.9100000000000000e+03	 1.5195975676355431e+01	  2.5652158823970035e+02	
  8.9400000000000000e+03	 -1.1399490430033811e+01	  2.6443852781534900e+02	
  8.9700000000000000e+03	 -5.8441815117278168e+01	  2.7847796501652374e+02	
  9.0000000000000000e+03	 -8.4101816866469790e+01	  2.8126929801958732e+02	
  9.0300000000000000e+03	 -1.1363271233269369e+02	  2.8642655335924957e+02	
  9.0600000000000000e+03	 -1.5859276797404809e+02	  2.9703583488456275e+02	
  9.0900000000000000e+03	 -1.8674653791764163e+02	  3.0285669374618402e+02	
  9.1200000000000000e+03	 -2.0774337099863109e+02	  3.1465176514519169e+02	
  9.1500000000000000e+03	 -2.0955408454267086e+02	  3.1612770878535349e+02	
  9.1800000000000000e+03	 -2.1060812271624059e+02	  3.1688485163032578e+02	
  9.2100000000000000e+03	 -1.8167192711996870e+02	  3.1778445596903595e+02	
  9.2400000000000000e+03	 -1.6430249693541319e+02	  3.2619016221915672e+02	
  9.2700000000000000e+03	 -1.3603767843518312e+02	  3.3086388294263384e+02	
  9.3000000000000000e+03	 -1.0543302648070710e+02	  3.3783029956704570e+02	
  9.3300000000000000e+03	 -5.7187076475900966e+01	  3.4542696702303130e+02	
  9.3600000000000000e+03	 -1.5552418671733854e+01	  3.5032369146443131e+02	
  9.3900000000000000e+03	 2.9683681672427475e+01	  3.5617983127526463e+02	
  9.4200000000000000e+03	 6.3051774592547126e+01	  3.6428171954937307e+02	
  9.4500000000000000e+03	 9.6244868588460776e+01	  3.7146768125669405e+02	
  9.4800000000000000e+03	 1.2643992429946736e+02	  3.7739719086249454e+02	
  9.5100000000000000e+03	 1.5156517224454080e+02	  3.7838452676701371e+02	
  9.5400000000000000e+03	 1.9826872131631535e+02	  3.9239710227552376e+02	
  9.5700000000000000e+03	 2.3495047921453863e+02	  3.9682886493404231e+02	
  9.6000000000000000e+03	 2.5676197780420279e+02	  3.9667070979317180e+02	
  9.6300000000000000e+03	 2.7582491036054978e+02	  4.0098422167804051e+02	
  9.6600000000000000e+03	 3.0881888728259048e+02	  4.1189491010757882e+02	
  9.6900000000000000e+03	 3.3612467091873600e+02	  4.1497401184502303e+02	
  9.7200000000000000e+03	 3.7002188309078736e+02	  4.2531691311259368e+02	
  9.7500000000000000e+03	 3.9424595702796785e+02	  4.3228425373156324e+02	
  9.7800000000000000e+03	 4.4164742002032256e+02	  4.4162982293203578e+02	
  9.8100000000000000e+03	 4.6012853088118203e+02	  4.4190223250000827e+02	
  9.8400000000000000e+03	 5.0779135502623649e+02	  4.5469795958867991e+02	
  9.8700000000000000e+03	 5.5481906640657007e+02	  4.6491586726360998e+02	
  9.9000000000000000e+03	 6.0118342737410762e+02	  4.7004677657570892e+02	
  9.9300000000000000e+03	 6.2536362371972837e+02	  4.8013230478533956e+02	
  9.9600000000000000e+03	 6.6171043163437287e+02	  4.8867849268670477e+02	
  9.9900000000000000e+03	 7.0375557325526097e+02	  4.9531454922493100e+02	
  1.0020000000000000e+04	 6.9465757403519831e+02	  4.7304549284177142e+02	
  1.0050000000000000e+04	 6.8107954229158884e+02	  4.4907341292280449e+02	
  1.0080000000000000e+04	 6.6332753489321567e+02	  4.0804101453095552e+02	
  1.0110000000000000e+04	 6.4628359200530213e+02	  3.8632119205637497e+02	
  1.0140000000000000e+04	 6.3579102546759066e+02	  3.6804422616097077e+02	
  1.0170000000000000e+04	 6.2209668340337737e+02	  3.4706421813647097e+02	
  1.0200000000000000e+04	 6.0821705730755639e+02	  3.1887894053315699e+02	
  1.0230000000000000e+04	 5.8850564577917294e+02	  2.8773409065107847e+02	
  1.0260000000000000e+04	 5.7966342688790382e+02	  2.6558932751417751e+02	
  1.0290000000000000e+04	 5.6603504283608913e+02	  2.3319859998114396e+02	
  1.0320000000000000e+04	 5.4729566682967265e+02	  1.9239636577261169e+02	
  1.0350000000000000e+04	 5.2687065245418512e+02	  1.5429166644120204e+02	
  1.0380000000000000e+04	 5.1187023514742680e+02	  1.3150584111141259e+02	
  1.0410000000000000e+04	 5.0022000677122372e+02	  1.1012190480817796e+02	
  1.0440000000000000e+04	 4.8577696157840739e+02	  7.9322006018926885e+01	
  1.0470000000000000e+04	 4.7909064191091267e+02	  5.6652323058188529e+01	
  1.0500000000000000e+04	 4.5562259354722420e+02	  1.1566235305130284e+01	
  1.0530000000000000e+04	 4.4027008522638732e+02	  -2.9021600683559363e+00	
  1.0560000000000000e+04	 4.1802689599241586e+02	  -4.4021703724789859e+01	
  1.0590000000000000e+04	 3.8212329162959429e+02	  -4.9988052801809822e+01	
  1.0620000000000000e+04	 3.6202841168275938e+02	  -5.0785622906888456e+01	
  1.0650000000000000e+04	 3.3287285430266343e+02	  -5.7160894735179660e+01	
  1.0680000000000000e+04	 2.9823602201276572e+02	  -6.6145579066409653e+01	
  1.0710000000000000e+04	 2.5965642342279176e+02	  -7.1036335918823838e+01	
  1.0740000000000000e+04	 2.3066482420867681e+02	  -7.2954840202787125e+01	
  1.0770000000000000e+04	 2.1165246089866491e+02	  -8.0901482423118040e+01	
  1.0800000000000000e+04	 1.8563584382636822e+02	  -8.1186716158783355e+01	
  1.0830000000000000e+04	 1.4430770569256225e+02	  -8.5191335470199050e+01	
  1.0860000000000000e+04	 9.9444413436695044e+01	  -9.6248372334937457e+01	
  1.0890000000000000e+04	 7.2847510753155888e+01	  -1.0496638850038786e+02	
  1.0920000000000000e+04	 4.9924128667190296e+01	  -1.0789635553789694e+02	
  1.0950000000000000e+04	 1.3465170180797436e+01	  -1.1671551631716125e+02	
  1.0980000000000000e+04	 -3.4999616274427204e+01	  -1.2533436183917362e+02	
  1.1010000000000000e+04	 -6.4637725047144230e+01	  -1.3357317193864750e+02	
  1.1040000000000000e+04	 -9.3954230746505417e+01	  -1.4042524051178302e+02	
  1.1070000000000000e+04	 -1.3052540689914025e+02	  -1.5229124383786822e+02	
  1.1100000000000000e+04	 -1.6669916310712654e+02	  -1.5650066046225817e+02	
  1.1130000000000000e+04	 -2.1387911328749584e+02	  -1.6521575875045846e+02	
  1.1160000000000000e+04	 -2.5587339874227214e+02	  -1.7515068542444695e+02	
  1.1190000000000000e+04	 -2.9256531829420265e+02	  -1.8834731595978565e+02	
  1.1220000000000000e+04	 -3.2931478498444250e+02	  -1.9123972588645000e+02	
  1.1250000000000000e+04	 -3.5774130572464742e+02	  -2.0259091517862200e+02	
  1.1280000000000000e+04	 -3.7775107006488236e+02	  -2.0121130260346015e+02	
  1.1310000000000000e+04	 -3.7829757105104153e+02	  -2.0203275972959335e+02	
  1.1340000000000000e+04	 -3.2961208599483132e+02	  -1.9874121246156051e+02	
  1.1370000000000000e+04	 -3.0025720919627480e+02	  -1.9577860377189950e+02	
  1.1400000000000000e+04	 -2.8080229020889612e+02	  -1.9106866438705393e+02	
  1.1430000000000000e+04	 -2.4099125440679938e+02	  -1.8419845373510077e+02	
  1.1460000000000000e+04	 -1.9990593452047966e+02	  -1.7208901875356537e+02	
  1.1490000000000000e+04	 -1.6359238092933890e+02	  -1.6903607092342895e+02	
  1.1520000000000000e+04	 -1.6440587002962656e+02	  -1.6742751520664581e+02	
  1.1550000000000000e+04	 -1.6446558084852848e+02	  -1.6627092981918631e+02	
  1.1580000000000000e+04	 -2.0311678308934850e+02	  -1.6247815480183209e+02	
  1.1610000000000000e+04	 -2.2733527931432343e+02	  -1.5923398142963134e+02	
  1.1640000000000000e+04	 -2.6795908122177860e+02	  -1.5596091913555662e+02	
  1.1670000000000000e+04	 -3.0815764815541496e+02	  -1.5283101063851686e+02	
  1.1700000000000000e+04	 -3.4721585923722267e+02	  -1.4962937116186285e+02	
  1.1730000000000000e+04	 -3.9232325367076623e+02	  -1.4601429715640342e+02	
  1.1760000000000000e+04	 -4.1619127294043369e+02	  -1.3856930877178667e+02	
  1.1790000000000000e+04	 -4.5125121478724293e+02	  -1.3209743014183229e+02	
  1.1820000000000000e+04	 -4.8061113810975610e+02	  -1.2706754198412686e+02	
  1.1850000000000000e+04	 -5.2230164654471207e+02	  -1.2332571687373139e+02	
  1.1880000000000000e+04	 -5.1356854863127228e+02	  -1.0927806710150858e+02	
  1.1910000000000000e+04	 -4.9619314144071978e+02	  -8.8772983168876166e+01	
  1.1940000000000000e+04	 -4.7299059257959885e+02	  -5.9474073518616599e+01	
  1.1970000000000000e+04	 -4.4283398975603484e+02	  -2.0860089764001152e+01	
  1.2000000000000000e+04	 -4.2113480324243619e+02	  5.7824098431214281e+00	
  1.2030000000000000e+04	 -4.1048104760238635e+02	  1.7458567968871300e+01	
  1.2060000000000000e+04	 -3.7982082478152853e+02	  4.9909852003282957e+01	
  1.2090000000000000e+04	 -3.5872488767120137e+02	  7.6348948221626813e+01	
  1.2120000000000000e+04	 -3.3530881147339210e+02	  1.0034584674028164e+02	
  1.2150000000000000e+04	 -3.2011105028496337e+02	  1.2517061619043076e+02	
  1.2180000000000000e+04	 -3.0286080971661170e+02	  1.4570418984131226e+02	
  1.2210000000000000e+04	 -2.8397928636637602e+02	  1.6546164026923930e+02	
  1.2240000000000000e+04	 -2.6149227945988963e+02	  1.9175725320583359e+02	
  1.2270000000000000e+04	 -2.4379463747571259e+02	  2.1852977965009219e+02	
  1.2300000000000000e+04	 -2.1988184833973995e+02	  2.5087008980716368e+02	
  1.2330000000000000e+04	 -2.0045422315865588e+02	  2.8701380531007806e+02	
  1.2360000000000000e+04	 -1.7499206105079176e+02	  3.3195354247375570e+02	
  1.2390000000000000e+04	 -1.5822801290017549e+02	  3.5796601505302334e+02	
  1.2420000000000000e+04	 -1.3789168475974043e+02	  3.9462496696903776e+02	
  1.2450000000000000e+04	 -1.2067254477494379e+02	  4.1682166345134016e+02	
  1.2480000000000000e+04	 -1.0781074447168419e+02	  4.3750391657994902e+02	
  1.2510000000000000e+04	 -7.7274278794954824e+01	  4.7086142653290563e+02	
  1.2540000000000000e+04	 -5.6461064064660498e+01	  5.1152919721288629e+02	
  1.2570000000000000e+04	 -3.4245191220391362e+01	  5.4726653379540051e+02	
  1.2600000000000000e+04	 -1.4743633797324726e+01	  5.6560214536851424e+02	
  1.2630000000000000e+04	 -6.5549818746080710e+00	  5.7973925208363573e+02	
  1.2660000000000000e+04	 -6.9104791288170180e+00	  5.8165193440146538e+02	
  1.2690000000000000e+04	 -5.3516077008164906e+00	  5.8145799987270595e+02	
  1.2720000000000000e+04	 -7.2308081435541602e+00	  5.8033889109868403e+02	
  1.2750000000000000e+04	 -8.1008054762041439e+00	  5.8051080408631003e+02	
  1.2780000000000000e+04	 -6.4841116834693491e+00	  5.8115572712243159e+02	
  1.2810000000000000e+04	 -2.2960576927221382e+01	  5.8216582768197361e+02	
  1.2840000000000000e+04	 -7.0345087320210794e+01	  5.6939908366524469e+02	
  1.2870000000000000e+04	 -1.1908961230487387e+02	  5.6451257752468143e+02	
  1.2900000000000000e+04	 -1.4389374071059297e+02	  5.5319351107890475e+02	
  1.2930000000000000e+04	 -1.7410306596123993e+02	  5.4255325792726967e+02	
  1.2960000000000000e+04	 -2.0239391649863251e+02	  5.4195070428373106e+02	
  1.2990000000000000e+04	 -2.3773741661698000e+02	  5.3635607428055846e+02	
  1.3020000000000000e+04	 -2.7843427102033178e+02	  5.2370062980298667e+02	
  1.3050000000000000e+04	 -3.1159107480730631e+02	  5.2062185920418005e+02	
  1.3080000000000000e+04	 -3.5844352498338117e+02	  5.0748858255626681e+02	
  1.3110000000000000e+04	 -3.8226405938733518e+02	  4.9890418854943698e+02	
  1.3140000000000000e+04	 -4.0831582991856817e+02	  4.9693431711316038e+02	
  1.3170000000000000e+04	 -4.3248536753515447e+02	  4.9528363254497208e+02	
  1.3200000000000000e+04	 -4.3292012669567009e+02	  4.9371725916137382e+02	
  1.3230000000000000e+04	 -4.3268049227430498e+02	  4.9445950384679389e+02	
  1.3260000000000000e+04	 -4.3388747346938737e+02	  4.9485071393186882e+02	
  1.3290000000000000e+04	 -4.3441904310303141e+02	  4.9518932203623189e+02	
  1.3320000000000000e+04	 -4.3275298860548054e+02	  4.9322593103495188e+02	
  1.3350000000000000e+04	 -4.3282586238585998e+02	  4.9123997329829461e+02	
  1.3380000000000000e+04	 -4.3397848632484420e+02	  4.8979595566120651e+02	
  1.3410000000000000e+04	 -4.3526499873605775e+02	  4.8797036042303125e+02	
  1.3440000000000000e+04	 -4.1221945711897780e+02	  4.5014521015686410e+02	
  1.3470000000000000e+04	 -3.9759959903086133e+02	  4.1818678910636027e+02	
  1.3500000000000000e+04	 -3.8353748764608849e+02	  3.9910627358389951e+02	
  1.3530000000000000e+04	 -3.7466814963420450e+02	  3.8232673920249675e+02	
  1.3560000000000000e+04	 -3.6152556828779041e+02	  3.6719746933464137e+02	
  1.3590000000000000e+04	 -3.3954123611314463e+02	  3.2668081751503581e+02	
  1.3620000000000000e+04	 -3.2927544917708491e+02	  3.0202637960881219e+02	
  1.3650000000000000e+04	 -3.0410625391657015e+02	  2.5988888991589164e+02	
  1.3680000000000000e+04	 -2.9006345826678773e+02	  2.3749030651344160e+02	
  1.3710000000000000e+04	 -2.7024988469588089e+02	  2.0597530295807925e+02	
  1.3740000000000000e+04	 -2.5938531503304870e+02	  1.9192867244142465e+02	
  1.3770000000000000e+04	 -2.4324118483530253e+02	  1.7146503289174353e+02	
  1.3800000000000000e+04	 -2.1908619227439880e+02	  1.4497595461270129e+02	
  1.3830000000000000e+04	 -1.9925462425284942e+02	  1.1097809854731361e+02	
  1.3860000000000000e+04	 -1.7459864527322313e+02	  7.1118403003374311e+01	
  1.3890000000000000e+04	 -1.6654192585939595e+02	  5.6133536933504004e+01	
  1.3920000000000000e+04	 -1.5308340532843357e+02	  3.2134824685775861e+01	
  1.3950000000000000e+04	 -1.3245186347703518e+02	  -4.9801565600031878e+00	
  1.3980000000000000e+04	 -1.0531451018772590e+02	  -4.8223084874514008e+01	
  1.4010000000000000e+04	 -9.4396329773029848e+01	  -7.6244654576991735e+01	
  1.4040000000000000e+04	 -7.8019375129628315e+01	  -1.0075280262128824e+02	
  1.4070000000000000e+04	 -4.8195042668836358e+01	  -1.3883878238149867e+02	
  1.4100000000000000e+04	 -3.0400160021587055e+01	  -1.7145478210004063e+02	
  1.4130000000000000e+04	 -6.9980971051555194e+00	  -2.0489613168478877e+02	
  1.4160000000000000e+04	 4.3321738744532130e+00	  -2.2212051922273881e+02	
  1.4190000000000000e+04	 1.9424529519575145e+01	  -2.5520899633714743e+02	
  1.4220000000000000e+04	 4.7754201580997538e+01	  -2.9594788702544781e+02	
  1.4250000000000000e+04	 6.0317837942166769e+01	  -3.1659198367631006e+02	
  1.4280000000000000e+04	 7.7214654359771473e+01	  -3.4379640193399382e+02	
  1.4310000000000000e+04	 1.0072540611247004e+02	  -3.8733714640010885e+02	
  1.4340000000000000e+04	 1.0913614858683869e+02	  -4.0340897559465310e+02	
  1.4370000000000000e+04	 1.3139760409534915e+02	  -4.3114414664861636e+02	
  1.4400000000000000e+04	 1.5923467895712099e+02	  -4.7204953141527699e+02	
  1.4430000000000000e+04	 1.8463814289665623e+02	  -5.1456891324908872e+02	
  1.4460000000000000e+04	 1.8479467227591493e+02	  -5.1342275784944172e+02	
  1.4490000000000000e+04	 1.8481930678247355e+02	  -5.1358537952362713e+02	
  1.4520000000000000e+04	 1.9814339247561759e+02	  -4.8419513344451241e+02	
  1.4550000000000000e+04	 2.1109459466294373e+02	  -4.5783528354655988e+02	
  1.4580000000000000e+04	 2.2285628923316955e+02	  -4.0916186152438240e+02	
  1.4610000000000000e+04	 2.2987826835804273e+02	  -3.8692092148416424e+02	
  1.4640000000000000e+04	 2.3451436231452729e+02	  -3.5953696867921900e+02	
  1.4670000000000000e+04	 2.4321206253539080e+02	  -3.1899688790669126e+02	
  1.4700000000000000e+04	 2.5529527018965669e+02	  -2.7319764707929278e+02	
  1.4730000000000000e+04	 2.6747889379689229e+02	  -2.2768812208915494e+02	
  1.4760000000000000e+04	 2.7304905011000716e+02	  -2.0496085613072574e+02	
  1.4790000000000000e+04	 2.8173590583120148e+02	  -1.7446235019570796e+02	
  1.4820000000000000e+04	 2.9434660731864807e+02	  -1.3612689762006931e+02	
  1.4850000000000000e+04	 3.1236121555674856e+02	  -9.4709621521049229e+01	
  1.4880000000000000e+04	 3.2717676352575234e+02	  -6.4776609805126469e+01	
  1.4910000000000000e+04	 3.3935202951890875e+02	  -2.1372384797286614e+01	
  1.4940000000000000e+04	 3.5003377343506401e+02	  1.5314381108655581e+01	
  1.4970000000000000e+04	 3.6326231490802854e+02	  4.4465431412330155e+01	
  1.5000000000000000e+04	 3.8137250019846897e+02	  8.7139936371561831e+01	
  1.5030000000000000e+04	 3.9660174986285443e+02	  1.3361977110334669e+02	
  1.5060000000000000e+04	 4.1278923346622361e+02	  1.6345969671401207e+02	
  1.5090000000000000e+04	 4.2219940466351744e+02	  1.9063490955630823e+02	
  1.5120000000000000e+04	 4.3549731825242145e+02	  2.2035313950643089e+02	
  1.5150000000000000e+04	 4.5548595737456043e+02	  2.6240778434042483e+02	
  1.5180000000000000e+04	 4.7273201472039585e+02	  3.1405605321290375e+02	
  1.5210000000000000e+04	 4.9065484715680304e+02	  3.5539537291250002e+02	
  1.5240000000000000e+04	 5.0393982383884895e+02	  3.9126094822741004e+02	
  1.5270000000000000e+04	 5.1670961985016686e+02	  4.2588889286085220e+02	
  1.5300000000000000e+04	 5.2488126314380395e+02	  4.5576072149044353e+02	
  1.5330000000000000e+04	 5.2987071536342546e+02	  4.7657310529338156e+02	
  1.5360000000000000e+04	 5.3859395252396610e+02	  5.0405896440751934e+02	
  1.5390000000000000e+04	 5.4763212973181271e+02	  5.3233466302544002e+02	
  1.5420000000000000e+04	 5.5809184644161746e+02	  5.6158888424165343e+02	
  1.5450000000000000e+04	 5.6763894790490451e+02	  5.8539305759915464e+02	
  1.5480000000000000e+04	 5.8448723888439326e+02	  6.2145177455352439e+02	
  1.5510000000000000e+04	 5.9108463028593223e+02	  6.3792589038338656e+02	
  1.5540000000000000e+04	 5.9034281653726555e+02	  6.3988323384998773e+02	
  1.5570000000000000e+04	 5.8868589803098484e+02	  6.3889363606056725e+02	
  1.5600000000000000e+04	 5.4192764219903700e+02	  6.2274935936871339e+02	
  1.5630000000000000e+04	 5.1673326075527882e+02	  6.1856590830028870e+02	
  1.5660000000000000e+04	 4.8100301969454841e+02	  6.0629673482642920e+02	
  1.5690000000000000e+04	 4.5907604210577142e+02	  5.9502803430524500e+02	
  1.5720000000000000e+04	 4.1213327307114247e+02	  5.8082036284865501e+02	
  1.5750000000000000e+04	 3.8512176798922485e+02	  5.6818509191830560e+02	
  1.5780000000000000e+04	 3.5643346354211104e+02	  5.5935815966992061e+02	
  1.5810000000000000e+04	 3.1043280616088134e+02	  5.5028587616706659e+02	
  1.5840000000000000e+04	 2.8721646794860033e+02	  5.3950436329983120e+02	
  1.5870000000000000e+04	 2.6961173965452252e+02	  5.3855937999423020e+02	
  1.5900000000000000e+04	 2.4656790920313577e+02	  5.2803450307162257e+02	
  1.5930000000000000e+04	 2.0000602499070661e+02	  5.2006711523679530e+02	
  1.5960000000000000e+04	 1.7666605406721970e+02	  5.0882074119160274e+02	
  1.5990000000000000e+04	 1.4895482115494497e+02	  5.0353869936285162e+02	
  1.6020000000000000e+04	 1.1429367626427540e+02	  4.9586669764995065e+02	
  1.6050000000000000e+04	 7.8525153539941670e+01	  4.8873361587412495e+02	
  1.6080000000000000e+04	 3.1604805908987601e+01	  4.7776547661546368e+02	
  1.6110000000000000e+04	 2.8067702377421249e+00	  4.6641607062103503e+02	
  1.6140000000000000e+04	 -3.7580391758445984e+01	  4.5417277722509652e+02	
  1.6170000000000000e+04	 -7.7119990192005673e+01	  4.4128543994944198e+02	
  1.6200000000000000e+04	 -1.0101999400657559e+02	  4.3260022905848325e+02	
  1.6230000000000000e+04	 -1.3052091305467187e+02	  4.2121596357681739e+02	
  1.6260000000000000e+04	 -1.7326318000818205e+02	  4.0839982974798806e+02	
  1.6290000000000000e+04	 -2.0657751099455305e+02	  4.0546045264925397e+02	
  1.6320000000000000e+04	 -2.3098737700397385e+02	  4.0241289740429875e+02	
  1.6350000000000000e+04	 -2.1938278547143153e+02	  3.8750596572002564e+02	
  1.6380000000000000e+04	 -1.9739551333411458e+02	  3.5255928002441595e+02	
  1.6410000000000000e+04	 -1.7130447575046517e+02	  3.1972000644760794e+02	
  1.6440000000000000e+04	 -1.5199605447274115e+02	  2.9771153855916441e+02	
  1.6470000000000000e+04	 -1.3205778810059456e+02	  2.6056755511494430e+02	
  1.6500000000000000e+04	 -1.1136073884077027e+02	  2.2233210361344010e+02	
  1.6530000000000000e+04	 -9.3350041692702931e+01	  1.8501470112932608e+02	
  1.6560000000000000e+04	 -6.9382338140071909e+01	  1.5584920975851685e+02	
  1.6590000000000000e+04	 -5.0279906697333573e+01	  1.2459927916168364e+02	
  1.6620000000000000e+04	 -3.2691283021865665e+01	  9.1420486842551369e+01	
  1.6650000000000000e+04	 -1.2868458717351317e+00	  5.2909384512281264e+01	
  1.6680000000000000e+04	 1.5831002409398618e+01	  3.7254470199530694e+01	
  1.6710000000000000e+04	 -1.8705222551964415e+01	  2.4176970867751159e+01	
  1.6740000000000000e+04	 -5.7735060343033609e+01	  -3.4814005884612129e+00	
  1.6770000000000000e+04	 -9.7532985324163974e+01	  -2.7374816687973286e+01	
  1.6800000000000000e+04	 -1.2138955722246541e+02	  -4.4317700535886935e+01	
  1.6830000000000000e+04	 -1.6253119756003753e+02	  -6.4141088975638553e+01	
  1.6860000000000000e+04	 -1.9602112343726688e+02	  -8.3975499630894163e+01	
  1.6890000000000000e+04	 -2.1656834609406309e+02	  -9.2716624023686350e+01	
  1.6920000000000000e+04	 -2.4277616450833267e+02	  -1.1672811451100239e+02	
  1.6950000000000000e+04	 -2.6951209285384556e+02	  -1.3147934444299685e+02	
  1.6980000000000000e+04	 -3.0071432725278703e+02	  -1.4526514976336225e+02	
  1.7010000000000000e+04	 -2.5499845913685999e+02	  -1.4570982365260213e+02	
  1.7040000000000000e+04	 -2.2874607744303853e+02	  -1.4740547686580916e+02	
  1.7070000000000000e+04	 -2.0431121255898324e+02	  -1.5026672470022984e+02	
  1.7100000000000000e+04	 -1.5817061566921853e+02	  -1.4709968017279428e+02	
  1.7130000000000000e+04	 -1.3317277465978438e+02	  -1.4389910374463065e+02	
  1.7160000000000000e+04	 -1.1512954654222979e+02	  -1.4256596199441881e+02	
  1.7190000000000000e+04	 -9.1490792823998987e+01	  -1.4210427586999776e+02	
  1.7220000000000000e+04	 -4.3185506325803189e+01	  -1.3737777102839243e+02	
  1.7250000000000000e+04	 -6.0356725644137725e+00	  -1.3423841382649519e+02	
  1.7280000000000000e+04	 3.5765248522267953e+01	  -1.3132829843356765e+02	
  1.7310000000000000e+04	 7.6899362560867573e+01	  -1.3156169504101939e+02	
  1.7340000000000000e+04	 1.0487073306749994e+02	  -1.2718983927797338e+02	
  1.7370000000000000e+04	 1.5029805786700550e+02	  -1.2624002835625585e+02	
  1.7400000000000000e+04	 2.0168062229869417e+02	  -1.2070073678896252e+02	
  1.7430000000000000e+04	 2.4966338827253546e+02	  -1.2060504532293436e+02	
  1.7460000000000000e+04	 2.2631741042072855e+02	  -9.5875916664341219e+01	
  1.7490000000000000e+04	 2.0266373181307358e+02	  -6.8204022994854938e+01	
  1.7520000000000000e+04	 1.8041935183771608e+02	  -4.9080720227848019e+01	
  1.7550000000000000e+04	 1.5966555969864035e+02	  -3.5449199533299065e+01	
  1.7580000000000000e+04	 1.4078046885815021e+02	  -1.0723597860201437e+01	
  1.7610000000000000e+04	 1.1180665441609116e+02	  1.2435855131517364e+01	
  1.7640000000000000e+04	 9.7923542773849462e+01	  2.4436828337105730e+01	
  1.7670000000000000e+04	 7.8563111150529608e+01	  3.9537465820026775e+01	
  1.7700000000000000e+04	 5.0197576577166991e+01	  7.3518479951968104e+01	
  1.7730000000000000e+04	 1.7438357599551821e+01	  1.0756500829807761e+02	
  1.7760000000000000e+04	 -3.7651236556927756e+00	  1.3014346236630107e+02	
  1.7790000000000000e+04	 -2.5004678716902976e+01	  1.5312685862650835e+02	
  1.7820000000000000e+04	 -5.6560035072690496e+01	  1.8010870007249335e+02	
  1.7850000000000000e+04	 -9.3686028069918891e+01	  2.1076449931537456e+02	
  1.7880000000000000e+04	 -1.2877439988753881e+02	  2.3871074552755832e+02	
  1.7910000000000000e+04	 -1.5734567921740975e+02	  2.6100726569544639e+02	
  1.7940000000000000e+04	 -1.8252488681580959e+02	  2.8954043297547599e+02	
  1.7970000000000000e+04	 -2.1328984752636597e+02	  3.1803664981603237e+02	
  1.8000000000000000e+04	 -2.1184328298786122e+02	  3.1709166470324249e+02	
  1.8030000000000000e+04	 -2.1080537319868102e+02	  3.1539384346776791e+02	
  1.8060000000000000e+04	 -2.1068109414473415e+02	  3.1606158886316291e+02	
  1.8090000000000000e+04	 -1.9083956904378670e+02	  3.1636679421259220e+02	
  1.8120000000000000e+04	 -1.5100784159598342e+02	  3.1601419414595335e+02	
  1.8150000000000000e+04	 -1.1999025637994610e+02	  3.1003933405368576e+02	
  1.8180000000000000e+04	 -7.8171609043984049e+01	  3.1100599150418969e+02	
  1.8210000000000000e+04	 -3.4945894207383375e+01	  3.1036427711028807e+02	
  1.8240000000000000e+04	 -1.0610034106863893e+01	  3.0943513017696966e+02	
  1.8270000000000000e+04	 2.9456908321243333e+01	  3.0717000385232404e+02	
  1.8300000000000000e+04	 5.6870121177122599e+01	  3.0464370360624582e+02	
  1.8330000000000000e+04	 8.9379740328950547e+01	  3.0624594761862738e+02	
  1.8360000000000000e+04	 1.3276806676715287e+02	  2.9878396675732210e+02	
  1.8390000000000000e+04	 1.6371763580642377e+02	  3.0172600153602212e+02	
  1.8420000000000000e+04	 2.0416246401441916e+02	  2.9862844161811290e+02	
  1.8450000000000000e+04	 2.3769361624646388e+02	  2.9389715531126086e+02	
  1.8480000000000000e+04	 2.8852578998967761e+02	  2.8733710013012711e+02	
  1.8510000000000000e+04	 3.0531027031697533e+02	  2.6107879034468607e+02	
  1.8540000000000000e+04	 3.0554840575762915e+02	  2.5916265829033824e+02	
  1.8570000000000000e+04	 3.0672220207192339e+02	  2.5806429600817688e+02	
  1.8600000000000000e+04	 3.0539942155365480e+02	  2.5999021222813440e+02	
  1.8630000000000000e+04	 3.0534166310074943e+02	  2.5891922969557987e+02	
  1.8660000000000000e+04	 3.0373528945325631e+02	  2.5976612854749851e+02	
  1.8690000000000000e+04	 3.0475013271124715e+02	  2.6068819807905197e+02	
  1.8720000000000000e+04	 2.8634706964518654e+02	  2.2981283552326434e+02	
  1.8750000000000000e+04	 2.7088383246313094e+02	  2.0242062385732004e+02	
  1.8780000000000000e+04	 2.6469123793832500e+02	  1.8303568999747651e+02	
  1.8810000000000000e+04	 2.4364388883134367e+02	  1.4714856829684442e+02	
  1.8840000000000000e+04	 2.2650012017155444e+02	  1.1321256693951898e+02	
  1.8870000000000000e+04	 2.0497387102869325e+02	  6.7893779214809982e+01	
  1.8900000000000000e+04	 1.8981725364518451e+02	  2.9679380552943094e+01	
  1.8930000000000000e+04	 1.6605166196121638e+02	  -1.7818898486961132e+01	
  1.8960000000000000e+04	 1.4236371764906679e+02	  -5.1720557248505315e+01	
  1.8990000000000000e+04	 1.2411938265667527e+02	  -9.3955506413707980e+01	
  1.9020000000000000e+04	 1.0869710373986329e+02	  -1.2745936901833278e+02	
  1.9050000000000000e+04	 1.0037103968417645e+02	  -1.5380069490017556e+02	
  1.9080000000000000e+04	 7.4263308504285249e+01	  -1.9515861753793149e+02	
  1.9110000000000000e+04	 6.8986097700141343e+01	  -2.1142663333843890e+02	
  1.9140000000000000e+04	 4.8106972884726645e+01	  -2.4785013187885568e+02	
  1.9170000000000000e+04	 3.1708172271910360e+01	  -2.7598419952700658e+02	
  1.9200000000000000e+04	 1.2798950181070065e+01	  -3.1236544444020069e+02	
  1.9230000000000000e+04	 3.1048430904470177e+00	  -3.3134625894054869e+02	
  1.9260000000000000e+04	 -7.2971706817327320e+00	  -3.5625313610428100e+02	
  1.9290000000000000e+04	 -2.3493941741458471e+01	  -3.9006868326903390e+02	
  1.9320000000000000e+04	 -3.4790077193876300e+01	  -4.2042587061667848e+02	
  1.9350000000000000e+04	 -4.0501244400504767e+01	  -4.3943505285003295e+02	
  1.9380000000000000e+04	 -5.4256201292347257e+01	  -4.6220217892447693e+02	
  1.9410000000000000e+04	 -7.0284824078817252e+01	  -4.7996056810015608e+02	
  1.9440000000000000e+04	 -7.0369689820543854e+01	  -4.8059937931103497e+02	
  1.9470000000000000e+04	 -7.0754169167585815e+01	  -4.8216443582724639e+02	
  1.9500000000000000e+04	 -6.8820617966543693e+01	  -4.8403376986315021e+02	
  1.9530000000000000e+04	 -6.8881689827380029e+01	  -4.8222349092239909e+02	
  1.9560000000000000e+04	 -6.7388629343433195e+01	  -4.8395453779196697e+02	
  1.9590000000000000e+04	 -6.8623577619281235e+01	  -4.8233284181210354e+02	
  1.9620000000000000e+04	 -6.8777383895382897e+01	  -4.8382222684242168e+02	
  1.9650000000000000e+04	 -6.8962446682602703e+01	  -4.8450334142534666e+02	
  1.9680000000000000e+04	 -6.5485534001319706e+01	  -4.5063466041333061e+02	
  1.9710000000000000e+04	 -6.4098185117887951e+01	  -4.1864407095457977e+02	
  1.9740000000000000e+04	 -5.7734912662737820e+01	  -3.7965751817010835e+02	
  1.9770000000000000e+04	 -5.0325130487720919e+01	  -3.5338130143302220e+02	
  1.9800000000000000e+04	 -4.7012330891448684e+01	  -3.2730484162031740e+02	
  1.9830000000000000e+04	 -4.0215588307396800e+01	  -2.9388185458971537e+02	
  1.9860000000000000e+04	 -3.7199628564104408e+01	  -2.7445117555554737e+02	
  1.9890000000000000e+04	 -3.0295416606844356e+01	  -2.4041293733257493e+02	
  1.9920000000000000e+04	 -2.2915920111828783e+01	  -2.0670682862907370e+02	
  1.9950000000000000e+04	 -1.9121152540331408e+01	  -1.6749726291648420e+02	
  1.9980000000000000e+04	 -1.4240082361739690e+01	  -1.4217709705396652e+02	
  2.0010000000000000e+04	 -8.3006176322837426e+00	  -1.2147130815449005e+02	
  2.0040000000000000e+04	 5.1165429906761712e+00	  -7.3878852073047042e+01	
  2.0070000000000000e+04	 1.0095277286307358e+01	  -3.8092730083985060e+01	
  2.0100000000000000e+04	 1.3830914338589205e+01	  4.4613752503581310e+00	
  2.0130000000000000e+04	 1.7564315762114557e+01	  3.7989294816057729e+01	
  2.0160000000000000e+04	 2.8032069132512476e+01	  7.6408854662838877e+01	
  2.0190000000000000e+04	 3.6707623125988107e+01	  1.2599702294264402e+02	
  2.0220000000000000e+04	 4.5127937285560364e+01	  1.7080898364104809e+02	
  2.0250000000000000e+04	 5.0504986306621213e+01	  2.1011338598049969e+02	
  2.0280000000000000e+04	 5.8566012958542224e+01	  2.5928768709417909e+02	
  2.0310000000000000e+04	 6.7425699435206894e+01	  2.9116369538351614e+02	
  2.0340000000000000e+04	 4.0910296707466472e+01	  2.6249863842901328e+02	
  2.0370000000000000e+04	 1.5639939738706953e+01	  2.3816208192893023e+02	
  2.0400000000000000e+04	 1.9090994902680762e+00	  2.2092419485802773e+02	
  2.0430000000000000e+04	 -3.0838379836018831e+01	  1.8933579263925785e+02	
  2.0460000000000000e+04	 -5.7312399161840951e+01	  1.5449505610797556e+02	
  2.0490000000000000e+04	 -8.7569536549590907e+01	  1.2612162871088918e+02	
  2.0520000000000000e+04	 -1.1933572696075277e+02	  9.0028506037416236e+01	
  2.0550000000000000e+04	 -1.4778137360059694e+02	  5.4853787944190515e+01	
  2.0580000000000000e+04	 -1.5834413000342448e+02	  4.2580602543250123e+01	
  2.0610000000000000e+04	 -1.7598233316905333e+02	  1.7015607001720486e+01	
  2.0640000000000000e+04	 -1.9930617026704334e+02	  -3.0976421615450214e+00	
  2.0670000000000000e+04	 -2.3505753847438402e+02	  -3.7940383949399774e+01	
  2.0700000000000000e+04	 -2.4809953956701133e+02	  -5.7022887776731721e+01	
  2.0730000000000000e+04	 -2.6661341221208517e+02	  -7.8012256028342819e+01	
  2.0760000000000000e+04	 -2.5998403309944217e+02	  -4.4603941956694996e+01	
  2.0790000000000000e+04	 -2.4829385796344189e+02	  -3.6139154698657805e+00	
  2.0820000000000000e+04	 -2.3575676498901800e+02	  3.3750018949913837e+01	
  2.0850000000000000e+04	 -2.2492060662999759e+02	  7.3321160574714469e+01	
  2.0880000000000000e+04	 -2.1548097210039316e+02	  1.0385767044709564e+02	
  2.0910000000000000e+04	 -2.1514952356846430e+02	  1.2435202206451034e+02	
  2.0940000000000000e+04	 -2.0943932030284202e+02	  1.6545696304273525e+02	
  2.0970000000000000e+04	 -1.9989168273385542e+02	  2.0165497742048046e+02	
  2.1000000000000000e+04	 -1.9559207575570898e+02	  2.2826529466264890e+02	
  2.1030000000000000e+04	 -1.5868326580051695e+02	  2.3884166596272885e+02	
  2.1060000000000000e+04	 -1.3517292029889555e+02	  2.4512789944679878e+02	
  2.1090000000000000e+04	 -1.0449906368948473e+02	  2.5438430895994159e+02	
  2.1120000000000000e+04	 -5.4020807839149974e+01	  2.7105342170882642e+02	
  2.1150000000000000e+04	 -8.9210306398318266e+00	  2.8612317892850734e+02	
  2.1180000000000000e+04	 3.5819791724239870e+01	  2.9644110317520295e+02	
  2.1210000000000000e+04	 6.6391611525815051e+01	  3.0735320751168734e+02	
  2.1240000000000000e+04	 8.7824237426932115e+01	  3.1270198050607775e+02	
  2.1270000000000000e+04	 1.2764821689459855e+02	  3.3004576536135244e+02	
  2.1300000000000000e+04	 1.4611914268098735e+02	  3.3631882342667939e+02	
  2.1330000000000000e+04	 1.7454132270549587e+02	  3.4609907170880052e+02	
  2.1360000000000000e+04	 2.0919470790817167e+02	  3.5708872739010280e+02	
  2.1390000000000000e+04	 2.6056017354301162e+02	  3.6781981010227264e+02	
  2.1420000000000000e+04	 2.9322400576446671e+02	  3.7790783890129933e+02	
  2.1450000000000000e+04	 3.2633345996969689e+02	  3.8594936918120374e+02	
  2.1480000000000000e+04	 3.6165266766625598e+02	  3.9638994670073532e+02	
  2.1510000000000000e+04	 3.9233436120892145e+02	  4.0814230046948893e+02	
  2.1540000000000000e+04	 4.1347157483205950e+02	  4.1752657258222894e+02	
  2.1570000000000000e+04	 4.5257777317364707e+02	  4.3223959028997126e+02	
  2.1600000000000000e+04	 4.3239407272766010e+02	  4.0004332029715044e+02	
  2.1630000000000000e+04	 4.1576935977120235e+02	  3.7111410757031967e+02	
  2.1660000000000000e+04	 3.9420002061953636e+02	  3.3478720114987539e+02	
  2.1690000000000000e+04	 3.8550591449567372e+02	  3.0739789216657613e+02	
  2.1720000000000000e+04	 3.6564370416506597e+02	  2.7320693077016529e+02	
  2.1750000000000000e+04	 3.5737479890753156e+02	  2.4875008200809631e+02	
  2.1780000000000000e+04	 3.3703691976887580e+02	  2.1786519384017919e+02	
  2.1810000000000000e+04	 3.2378028324201074e+02	  1.9491643438245438e+02	
  2.1840000000000000e+04	 3.0548950078011768e+02	  1.5582818359044495e+02	
  2.1870000000000000e+04	 2.9390665729089596e+02	  1.3722497540560676e+02	
  2.1900000000000000e+04	 2.7627168160598586e+02	  9.7286148925526930e+01	
  2.1930000000000000e+04	 2.5809243378180020e+02	  6.6398910616461151e+01	
  2.1960000000000000e+04	 2.4913422340898984e+02	  4.4878748033638985e+01	
  2.1990000000000000e+04	 2.2805394328861465e+02	  4.1074448674150688e-01	
  2.2020000000000000e+04	 2.1568230415504635e+02	  -1.5747779115025079e+01	
  2.2050000000000000e+04	 2.0706850065612699e+02	  -4.3146325282906794e+01	
  2.2080000000000000e+04	 1.8886224591087191e+02	  -8.1434168928238279e+01	
  2.2110000000000000e+04	 1.7623043265660652e+02	  -1.1659547084676021e+02	
  2.2140000000000000e+04	 1.5675921166170770e+02	  -1.5337976593403698e+02	
  2.2170000000000000e+04	 1.3650195417403287e+02	  -1.9366737746945236e+02	
  2.2200000000000000e+04	 1.2399037847405296e+02	  -2.1952362912877720e+02	
  2.2230000000000000e+04	 1.2579044356737897e+02	  -2.1951600708478452e+02	
  2.2260000000000000e+04	 1.2640950597754764e+02	  -2.2105845448122176e+02	
  2.2290000000000000e+04	 1.2526962422475405e+02	  -2.2023507789953743e+02	
  2.2320000000000000e+04	 1.2336919110900726e+02	  -2.1900598769596169e+02	
  2.2350000000000000e+04	 1.2544970993143245e+02	  -1.9933986086123215e+02	
  2.2380000000000000e+04	 1.1999299604419238e+02	  -1.5020042560857036e+02	
  2.2410000000000000e+04	 1.2151144728544217e+02	  -1.1845462349536112e+02	
  2.2440000000000000e+04	 1.1994232752821800e+02	  -7.6620454750161585e+01	
  2.2470000000000000e+04	 1.1985443979022337e+02	  -3.9466759664181836e+01	
  2.2500000000000000e+04	 1.2221023176787403e+02	  -4.1350778786927833e-02	
  2.2530000000000000e+04	 1.2456514054814780e+02	  4.0967929148077296e+01	
  2.2560000000000000e+04	 1.2424960493183930e+02	  7.2338456887988059e+01	
  2.2590000000000000e+04	 1.2142310791036623e+02	  1.0107289248767052e+02	
  2.2620000000000000e+04	 1.2172550715704013e+02	  1.3891291951861436e+02	
  2.2650000000000000e+04	 1.1725297861215931e+02	  1.7567998192574342e+02	
  2.2680000000000000e+04	 1.2029242038723079e+02	  2.0474291394676186e+02	
  2.2710000000000000e+04	 1.1656880709219270e+02	  2.3183984137898895e+02	
  2.2740000000000000e+04	 1.1696022829893303e+02	  2.6100487823695022e+02	
  2.2770000000000000e+04	 1.1067320856420791e+02	  3.0633969735463984e+02	
  2.2800000000000000e+04	 1.0834914648719548e+02	  3.4047670272868260e+02	
  2.2830000000000000e+04	 1.0236901807688898e+02	  3.6056846048860024e+02	
  2.2860000000000000e+04	 1.0307215187705847e+02	  3.8186034962719413e+02	
  2.2890000000000000e+04	 1.0594230030244960e+02	  4.1784164311883808e+02	
  2.2920000000000000e+04	 9.9307049076073483e+01	  4.6730828242625114e+02	
  2.2950000000000000e+04	 1.0237545776906119e+02	  4.9227321850157182e+02	
  2.2980000000000000e+04	 9.7499184426783231e+01	  5.2089389691087024e+02	
  2.3010000000000000e+04	 9.5067646705123508e+01	  5.6473698670501642e+02	
  2.3040000000000000e+04	 9.1474730288484338e+01	  5.9554719363414347e+02	
  2.3070000000000000e+04	 9.0694128290971534e+01	  6.4697297966188012e+02	
  2.3100000000000000e+04	 8.6657279731416111e+01	  6.8610775668767451e+02	
  2.3130000000000000e+04	 8.7392256928106008e+01	  7.3405048002885314e+02	
  2.3160000000000000e+04	 6.2805645997961463e+01	  7.1850303344765712e+02	
  2.3190000000000000e+04	 4.6296732325117034e+01	  7.0809867375499255e+02	
  2.3220000000000000e+04	 2.4024226385251211e+01	  6.9729957984914915e+02	
  2.3250000000000000e+04	 -1.7653593809326246e+01	  6.7201816779939008e+02	
  2.3280000000000000e+04	 -5.7358135709354713e+01	  6.5573647505945257e+02	
  2.3310000000000000e+04	 -9.4615873390993102e+01	  6.3801143246506399e+02	
  2.3340000000000000e+04	 -1.3725647609808050e+02	  6.1116204147356461e+02	
  2.3370000000000000e+04	 -1.7271831137137917e+02	  5.8997530188448820e+02	
  2.3400000000000000e+04	 -1.9008520155759297e+02	  5.7603022579052356e+02	
  2.3430000000000000e+04	 -2.2635192370892449e+02	  5.5315011641723720e+02	
  2.3460000000000000e+04	 -2.4586075974637612e+02	  5.4578051967660235e+02	
  2.3490000000000000e+04	 -2.8464245014105580e+02	  5.2071855603196434e+02	
  2.3520000000000000e+04	 -3.1791672994899341e+02	  5.0591706928565810e+02	
  2.3550000000000000e+04	 -3.5267524442428407e+02	  4.8577456372972102e+02	
  2.3580000000000000e+04	 -3.7500580471171298e+02	  4.6966209144337603e+02	
  2.3610000000000000e+04	 -3.5796290152809308e+02	  4.4395356051506064e+02	
  2.3640000000000000e+04	 -3.4566978146175609e+02	  4.2228564105211689e+02	
  2.3670000000000000e+04	 -3.2452387663461673e+02	  3.9416278003944251e+02	
  2.3700000000000000e+04	 -3.0464641342302349e+02	  3.6325263903295564e+02	
  2.3730000000000000e+04	 -2.8995119299531376e+02	  3.3407284341274232e+02	
  2.3760000000000000e+04	 -2.6441283974984225e+02	  2.9252901873126751e+02	
  2.3790000000000000e+04	 -2.5225165389125252e+02	  2.7485653584994157e+02	
  2.3820000000000000e+04	 -2.3918347139947105e+02	  2.6159414958021983e+02	
  2.3850000000000000e+04	 -2.1866661059946702e+02	  2.2842313572605343e+02	
  2.3880000000000000e+04	 -2.0807047140381539e+02	  2.0867418881672705e+02	
  2.3910000000000000e+04	 -1.7647246709613177e+02	  1.7317194887163299e+02	
  2.3940000000000000e+04	 -1.5163664635785389e+02	  1.4287527531411698e+02	
  2.3970000000000000e+04	 -1.3575595579394559e+02	  1.1713504669114783e+02	
  2.4000000000000000e+04	 -1.1052840367927973e+02	  9.4791939562696925e+01	
  2.4030000000000000e+04	 -8.4778234793705224e+01	  5.9168674989497617e+01	
  2.4060000000000000e+04	 -6.5338582730858974e+01	  3.4860307516989188e+01	
  2.4090000000000000e+04	 -4.9144917043431342e+01	  1.3395619352769245e+01	
  2.4120000000000000e+04	 -4.1804174776364356e+01	  5.0678896289631467e+01	
  2.4150000000000000e+04	 -3.8304133858962700e+01	  9.2098730918935217e+01	
  2.4180000000000000e+04	 -3.4503643678799499e+01	  1.2078739648917242e+02	
  2.4210000000000000e+04	 -3.5920728222171682e+01	  1.4356960599027579e+02	
  2.4240000000000000e+04	 -3.1867996326717659e+01	  1.8961555526751488e+02	
  2.4270000000000000e+04	 -2.5960244563460570e+01	  2.3144169127654948e+02	
  2.4300000000000000e+04	 -2.0660480316088389e+01	  2.5901116921955384e+02	
  2.4330000000000000e+04	 -1.6322455159920345e+01	  2.8845636913707585e+02	
  2.4360000000000000e+04	 -1.0685524604473983e+01	  3.2548086811723630e+02	
  2.4390000000000000e+04	 -1.0041487930219407e+01	  3.6767118594063169e+02	
  2.4420000000000000e+04	 -9.4738776744963928e+00	  4.0262170684360069e+02	
  2.4450000000000000e+04	 -9.2982911965805215e+00	  4.3625714777760919e+02	
  2.4480000000000000e+04	 -2.0309843093057296e+00	  4.6488933688853609e+02	
  2.4510000000000000e+04	 -9.1499514138066651e+00	  4.3652589252287396e+02	
  2.4540000000000000e+04	 -2.0273255958514461e+01	  3.9433475649367068e+02	
  2.4570000000000000e+04	 -3.0770540439796438e+01	  3.7488705254635056e+02	
  2.4600000000000000e+04	 -4.0497247436253232e+01	  3.5314452614550834e+02	
  2.4630000000000000e+04	 -4.6326311415014551e+01	  3.1875937661332938e+02	
  2.4660000000000000e+04	 -5.0425133047127773e+01	  2.9615910911810374e+02	
  2.4690000000000000e+04	 -6.1456138509511973e+01	  2.7537450616545465e+02	
  2.4720000000000000e+04	 -6.5912749870591981e+01	  2.4949012500809113e+02	
  2.4750000000000000e+04	 -7.7177424693740790e+01	  2.1401940795719878e+02	
  2.4780000000000000e+04	 -8.6718989706522322e+01	  1.8459703519516691e+02	
  2.4810000000000000e+04	 -8.7755291754724965e+01	  1.6253319551739395e+02	
  2.4840000000000000e+04	 -1.0131269348719346e+02	  1.1935818981808796e+02	
  2.4870000000000000e+04	 -1.2036212454098631e+02	  1.4462682333548273e+02	
  2.4900000000000000e+04	 -1.4612971522898258e+02	  1.6194267121171376e+02	
  2.4930000000000000e+04	 -1.6222670441202558e+02	  1.8388984774693301e+02	
  2.4960000000000000e+04	 -1.8565904051829381e+02	  2.1045480447131871e+02	
  2.4990000000000000e+04	 -1.9920976557240937e+02	  2.2808845031826917e+02	
  2.5020000000000000e+04	 -2.2916131245584029e+02	  2.5679679056661934e+02	
  2.5050000000000000e+04	 -2.6306451281834688e+02	  2.7976789617046990e+02	
  2.5080000000000000e+04	 -2.8587941867971466e+02	  3.0324919907492989e+02	
  2.5110000000000000e+04	 -3.0004145910924518e+02	  3.2253474407843839e+02	
  2.5140000000000000e+04	 -3.2891148720299111e+02	  3.4600280351591334e+02	
  2.5170000000000000e+04	 -3.5318524260917405e+02	  3.6789196377645288e+02	
  2.5200000000000000e+04	 -3.7201819055635741e+02	  3.8726246647168426e+02	
  2.5230000000000000e+04	 -4.0374308933755049e+02	  4.2247192736902434e+02	
  2.5260000000000000e+04	 -4.2150628053065640e+02	  4.3601694291131997e+02	
  2.5290000000000000e+04	 -4.5525824848908758e+02	  4.6514894728641190e+02	
  2.5320000000000000e+04	 -4.8125966268524360e+02	  4.9105976692499308e+02	
  2.5350000000000000e+04	 -5.1637219886016692e+02	  5.1907925300109275e+02	
  2.5380000000000000e+04	 -5.4393749575731329e+02	  5.4624301903595926e+02	
  2.5410000000000000e+04	 -5.5983759165443655e+02	  5.6788710560260051e+02	
  2.5440000000000000e+04	 -5.8820102237979881e+02	  5.8432969006937208e+02	
  2.5470000000000000e+04	 -6.2056834283664807e+02	  6.1513375113082145e+02	
  2.5500000000000000e+04	 -6.5034896182976286e+02	  6.4666782732410275e+02	
  2.5530000000000000e+04	 -6.7664665270523528e+02	  6.6787893845928363e+02	
  2.5560000000000000e+04	 -7.1336942194087419e+02	  6.9641816455080323e+02	
  2.5590000000000000e+04	 -7.3303471182415512e+02	  7.0843668502944331e+02	
  2.5620000000000000e+04	 -7.6899924952663980e+02	  7.4294790080933592e+02	
  2.5650000000000000e+04	 -8.0314042969575235e+02	  7.7406254798443433e+02	
  2.5680000000000000e+04	 -8.1660511521330329e+02	  7.7841122681742149e+02	
  2.5710000000000000e+04	 -8.1772637776973158e+02	  7.7667900737429454e+02	
  2.5740000000000000e+04	 -8.1647858459478016e+02	  7.7864662815299255e+02	
  2.5770000000000000e+04	 -8.1840215006856522e+02	  7.7848406072747821e+02	
  2.5800000000000000e+04	 -8.1957263392547020e+02	  7.7915682602706806e+02	
  2.5830000000000000e+04	 -8.2059665662120130e+02	  7.8025223018747795e+02	
  2.5860000000000000e+04	 -8.2154058184714506e+02	  7.8082926556795553e+02	
  2.5890000000000000e+04	 -7.9623911852180538e+02	  7.6037141307799254e+02	
  2.5920000000000000e+04	 -7.6041641593347003e+02	  7.2526089535025721e+02	
  2.5950000000000000e+04	 -7.3740320694868490e+02	  6.9442230802625670e+02	
  2.5980000000000000e+04	 -7.0339117312751262e+02	  6.6217614200748699e+02	
  2.6010000000000000e+04	 -6.8308253937856421e+02	  6.4127262068490370e+02	
  2.6040000000000000e+04	 -6.6098369872141393e+02	  6.2346450978282689e+02	
  2.6070000000000000e+04	 -6.2571361920651634e+02	  5.8919106125092128e+02	
  2.6100000000000000e+04	 -6.0111740213274300e+02	  5.7322423764754456e+02	
  2.6130000000000000e+04	 -5.6900365177788296e+02	  5.4288221545430997e+02	
  2.6160000000000000e+04	 -5.4116689586995847e+02	  5.2008537835881998e+02	
  2.6190000000000000e+04	 -5.2320018103732332e+02	  4.9985547947180493e+02	
  2.6220000000000000e+04	 -4.9351542503413850e+02	  4.7286575747271780e+02	
  2.6250000000000000e+04	 -4.7204757435314025e+02	  4.5689114399701492e+02	
  2.6280000000000000e+04	 -4.3980557336468354e+02	  4.2641906244909808e+02	
  2.6310000000000000e+04	 -4.1530997634901593e+02	  3.9670696316430394e+02	
  2.6340000000000000e+04	 -3.9348405284694491e+02	  3.7068934829717034e+02	
  2.6370000000000000e+04	 -3.6602517298094199e+02	  3.4781473720679776e+02	
  2.6400000000000000e+04	 -3.3901227248349915e+02	  3.2844802790287974e+02	
  2.6430000000000000e+04	 -3.2122939121530146e+02	  3.1263739566804895e+02	
  2.6460000000000000e+04	 -2.9434044551921613e+02	  2.9083775131188975e+02	
  2.6490000000000000e+04	 -2.6306244039398200e+02	  2.5175500648867759e+02	
  2.6520000000000000e+04	 -2.5197074268853837e+02	  2.3424780124893294e+02	
  2.6550000000000000e+04	 -2.2606343861835649e+02	  2.0140911569981563e+02	
  2.6580000000000000e+04	 -1.9953129885313004e+02	  1.8321022354800695e+02	
  2.6610000000000000e+04	 -1.6654972214972344e+02	  1.5769353926888778e+02	
  2.6640000000000000e+04	 -1.4435185988930169e+02	  1.3619278131323591e+02	
  2.6670000000000000e+04	 -1.1745126502816780e+02	  1.1075303527701789e+02	
  2.6700000000000000e+04	 -9.5856676551363151e+01	  9.5744844016718588e+01	
  2.6730000000000000e+04	 -6.6539681375036821e+01	  6.7797109975462746e+01	
  2.6760000000000000e+04	 -3.7908274901443349e+01	  3.1328994792954326e+01	
  2.6790000000000000e+04	 -1.1220199033073321e+01	  1.0245399259223788e+01	
  2.6820000000000000e+04	 9.2198321008089295e+00	  -8.5509712004961003e+00	
  2.6850000000000000e+04	 3.3946005986591089e+01	  -2.8622890320090583e+01	
  2.6880000000000000e+04	 6.9662136893814733e+01	  -6.3567052541838521e+01	
  2.6910000000000000e+04	 3.6151313621554735e+01	  -6.4850576171168612e+01	
  2.6940000000000000e+04	 -6.8216293803522774e+00	  -6.8229362036184995e+01	
  2.6970000000000000e+04	 -3.4821126977147074e+01	  -7.3135633141473178e+01	
  2.7000000000000000e+04	 -7.3166213980168976e+01	  -7.1170946346310245e+01	
  2.7030000000000000e+04	 -1.0510808485081373e+02	  -7.5589174032256452e+01	
  2.7060000000000000e+04	 -1.3370953633188748e+02	  -7.5650794236843666e+01	
  2.7090000000000000e+04	 -1.7789950839087800e+02	  -8.3537295913581062e+01	
  2.7120000000000000e+04	 -2.0520261069009749e+02	  -8.3400913763814472e+01	
  2.7150000000000000e+04	 -2.5611150918913842e+02	  -9.0245297301480093e+01	
  2.7180000000000000e+04	 -2.9303170466020833e+02	  -9.2318772193016727e+01	
  2.7210000000000000e+04	 -3.3233463573666211e+02	  -9.7441916297428989e+01	
  2.7240000000000000e+04	 -3.6042626166565691e+02	  -1.0188937223300070e+02	
  2.7270000000000000e+04	 -4.0575742441154728e+02	  -1.0150011852775359e+02	
  2.7300000000000000e+04	 -4.5678256165605495e+02	  -1.0274258825613272e+02	
  2.7330000000000000e+04	 -4.5283768745088958e+02	  -6.9954343183060757e+01	
  2.7360000000000000e+04	 -4.4347088620422636e+02	  -4.6971646281372884e+01	
  2.7390000000000000e+04	 -4.3582302721178905e+02	  -1.6913118259806478e+01	
  2.7420000000000000e+04	 -4.2460105442061115e+02	  2.3753089844335495e+01	
  2.7450000000000000e+04	 -4.1475655675333769e+02	  5.4591116807060907e+01	
  2.7480000000000000e+04	 -3.9986574000711346e+02	  1.0189784627434679e+02	
  2.7510000000000000e+04	 -3.9537945590824717e+02	  1.2822718069057206e+02	
  2.7540000000000000e+04	 -4.1552097065829838e+02	  1.6357419177956771e+02	
  2.7570000000000000e+04	 -4.3241577011973828e+02	  2.0289643687294799e+02	
  2.7600000000000000e+04	 -4.4935220606521716e+02	  2.4305062721397599e+02	
  2.7630000000000000e+04	 -4.5831081613261057e+02	  2.7247545504345197e+02	
  2.7660000000000000e+04	 -4.7428799578548393e+02	  3.0859712925781412e+02	
  2.7690000000000000e+04	 -5.0381906030887637e+02	  3.4697676675840506e+02	
  2.7720000000000000e+04	 -5.1432428255759032e+02	  3.7816987291051453e+02	
  2.7750000000000000e+04	 -5.1562080408440022e+02	  3.7637056459817916e+02	
  2.7780000000000000e+04	 -5.1554434704315804e+02	  3.7711877199846282e+02	
  2.7810000000000000e+04	 -5.1432536557824517e+02	  3.7609869436251773e+02	
  2.7840000000000000e+04	 -5.1311685100196826e+02	  3.7498928296940915e+02	
  2.7870000000000000e+04	 -5.1286949240227216e+02	  3.7593878527014039e+02	
  2.7900000000000000e+04	 -5.1094061229773763e+02	  3.7546084529362042e+02	
  2.7930000000000000e+04	 -4.8279565212596896e+02	  3.6494196983277220e+02	
  2.7960000000000000e+04	 -4.5863930848337998e+02	  3.6366331470450871e+02	
  2.7990000000000000e+04	 -4.3185425732331925e+02	  3.5423367390426984e+02	
  2.8020000000000000e+04	 -3.7961732162947146e+02	  3.4485440222790618e+02	
  2.8050000000000000e+04	 -3.5350619423531629e+02	  3.3385343372305323e+02	
  2.8080000000000000e+04	 -3.1643229563619468e+02	  3.2510334321436585e+02	
  2.8110000000000000e+04	 -2.9088855439550667e+02	  3.1997437310313398e+02	
  2.8140000000000000e+04	 -2.5720532980555765e+02	  3.1138470455026203e+02	
  2.8170000000000000e+04	 -2.1744468725962952e+02	  2.8538807485545851e+02	
  2.8200000000000000e+04	 -1.9087943549182427e+02	  2.7184933218929172e+02	
  2.8230000000000000e+04	 -1.6106067883046947e+02	  2.5322634768214903e+02	
  2.8260000000000000e+04	 -1.2954640052397650e+02	  2.3278655057208263e+02	
  2.8290000000000000e+04	 -9.1761475963703731e+01	  2.1608923894935154e+02	
  2.8320000000000000e+04	 -6.2959275040335804e+01	  2.0137925357392120e+02	
  2.8350000000000000e+04	 -4.0827888360680248e+01	  1.9111731136993697e+02	
  2.8380000000000000e+04	 -1.4394208379669227e+01	  1.7396214707199030e+02	
  2.8410000000000000e+04	 1.8697112047065954e+01	  1.5757566037759409e+02	
  2.8440000000000000e+04	 3.9411992933561905e+01	  1.4878843125469362e+02	
  2.8470000000000000e+04	 5.9196370456738542e+01	  1.4133237400164026e+02	
  2.8500000000000000e+04	 9.9454439771832028e+01	  1.1656637843039763e+02	
  2.8530000000000000e+04	 1.2700349074229494e+02	  1.0199000101915760e+02	
  2.8560000000000000e+04	 1.5343399773093213e+02	  8.7918298073191522e+01	
  2.8590000000000000e+04	 1.8896648580582917e+02	  6.6770899645058790e+01	
  2.8620000000000000e+04	 2.1764187164272198e+02	  5.1345449968841777e+01	
  2.8650000000000000e+04	 2.6320889155798073e+02	  2.9519162461389797e+01	
  2.8680000000000000e+04	 2.8072539098306731e+02	  1.7844918696796370e+01	
  2.8710000000000000e+04	 3.1813137232628191e+02	  -6.0134718581598321e+00	
  2.8740000000000000e+04	 3.4501372249844729e+02	  -1.8190384108967550e+01	
  2.8770000000000000e+04	 3.6719404049266063e+02	  -3.5770553188462841e+01	
  2.8800000000000000e+04	 4.0579061116321395e+02	  -5.8411766939253049e+01	
  2.8830000000000000e+04	 4.1595797781659161e+02	  -2.2728220878662782e+01	
  2.8860000000000000e+04	 4.2019468282697750e+02	  7.6699086026253767e+00	
  2.8890000000000000e+04	 4.2927378674938052e+02	  5.5441896147805828e+01	
  2.8920000000000000e+04	 4.3246097270499956e+02	  8.3423929704444816e+01	
  2.8950000000000000e+04	 4.4000131033791928e+02	  1.3607022246532352e+02	
  2.8980000000000000e+04	 4.4537657355876462e+02	  1.6079473766852766e+02	
  2.9010000000000000e+04	 4.5254553138769006e+02	  2.0142460680082900e+02	
  2.9040000000000000e+04	 4.5685862637998468e+02	  2.5033122581003565e+02	
  2.9070000000000000e+04	 4.6538832350942636e+02	  2.8786996706639013e+02	
  2.9100000000000000e+04	 4.6671139759651845e+02	  3.0779981576739721e+02	
  2.9130000000000000e+04	 4.7272843424073295e+02	  3.3163216849559404e+02	
  2.9160000000000000e+04	 4.7993023750217191e+02	  3.7871678283453730e+02	
  2.9190000000000000e+04	 4.8874054013015297e+02	  4.0802600937003200e+02	
  2.9220000000000000e+04	 4.9125471530041108e+02	  4.3288772661890738e+02	
  2.9250000000000000e+04	 4.9558397631143617e+02	  4.5579011279639553e+02	
  2.9280000000000000e+04	 4.9918946758907640e+02	  4.9146268678632100e+02	
  2.9310000000000000e+04	 5.0470247180806018e+02	  5.1615541825650666e+02	
  2.9340000000000000e+04	 5.0288012909190417e+02	  5.1720856341666638e+02	
  2.9370000000000000e+04	 5.0101384541103494e+02	  5.1822670085522827e+02	
  2.9400000000000000e+04	 4.9995235315947622e+02	  5.1628423047398610e+02	
  2.9430000000000000e+04	 4.9803161204643038e+02	  5.1506199956701039e+02	
  2.9460000000000000e+04	 4.9854608131924834e+02	  5.1634303810365589e+02	
  2.9490000000000000e+04	 4.9720699025359380e+02	  5.1785251052449735e+02	
  2.9520000000000000e+04	 4.9896032198520123e+02	  5.1850218913248716e+02	
  2.9550000000000000e+04	 4.4956452855154009e+02	  5.2054307631736162e+02	
  2.9580000000000000e+04	 4.1208797758507461e+02	  5.2633516536445575e+02	
  2.9610000000000000e+04	 3.7505279783274358e+02	  5.2875274763133461e+02	
  2.9640000000000000e+04	 3.4395142498390567e+02	  5.2936159579969126e+02	
  2.9670000000000000e+04	 3.0879418800558892e+02	  5.4011289317556941e+02	
  2.9700000000000000e+04	 2.8534599015250956e+02	  5.4797545689528158e+02	
  2.9730000000000000e+04	 2.4059990709293911e+02	  5.5700452591685109e+02	
  2.9760000000000000e+04	 2.1025709924812463e+02	  5.6011427099795515e+02	
  2.9790000000000000e+04	 1.5730204495305981e+02	  5.7075227487128814e+02	
  2.9820000000000000e+04	 1.1210640001774973e+02	  5.8195540671517040e+02	
  2.9850000000000000e+04	 8.1745699929531639e+01	  5.8448961615983524e+02	
  2.9880000000000000e+04	 4.6522622392120738e+01	  5.8605303425528052e+02	
  2.9910000000000000e+04	 2.7117728042493880e+01	  5.8971528847774005e+02	
  2.9940000000000000e+04	 2.8035823546266883e+01	  5.9039588428509956e+02	
  2.9970000000000000e+04	 2.6200350420357651e+01	  5.8874844372707071e+02	
  3.0000000000000000e+04	 2.4932907765683325e+01	  5.8978228552794769e+02	
  3.0030000000000000e+04	 2.5540368155424737e+01	  5.9114232205648170e+02	
  3.0060000000000000e+04	 7.3281690363777621e+00	  5.8735595381985331e+02	
  3.0090000000000000e+04	 -2.5441736350463312e+01	  5.7682736218964726e+02	
  3.0120000000000000e+04	 -5.4309248205031651e+01	  5.7007550747165124e+02	
  3.0150000000000000e+04	 -9.7289104491114870e+01	  5.5396074364434730e+02	
  3.0180000000000000e+04	 -1.4305818662579190e+02	  5.3821348665590062e+02	
  3.0210000000000000e+04	 -1.9109073229540539e+02	  5.1907019304047003e+02	
  3.0240000000000000e+04	 -2.3318400790803156e+02	  5.0326453407776000e+02	
  3.0270000000000000e+04	 -2.6576556800862846e+02	  4.9284643053580174e+02	
  3.0300000000000000e+04	 -2.9243832383590245e+02	  4.8151882949642913e+02	
  3.0330000000000000e+04	 -3.3000211737068787e+02	  4.6757059537889711e+02	
  3.0360000000000000e+04	 -3.5490278732679320e+02	  4.6437732309910854e+02	
  3.0390000000000000e+04	 -3.7922036634071759e+02	  4.5403170944039454e+02	
  3.0420000000000000e+04	 -4.0376945490304206e+02	  4.4572887705260831e+02	
  3.0450000000000000e+04	 -4.3954234923214938e+02	  4.3058490434954098e+02	
  3.0480000000000000e+04	 -4.7198909070965254e+02	  4.1595555193741058e+02	
  3.0510000000000000e+04	 -5.1635751859380139e+02	  3.9712674825180562e+02	
  3.0540000000000000e+04	 -5.1465028007793353e+02	  3.7462210866687298e+02	
  3.0570000000000000e+04	 -5.0598088194428942e+02	  3.4026927986177407e+02	
  3.0600000000000000e+04	 -5.0267522654003466e+02	  3.0980211925488817e+02	
  3.0630000000000000e+04	 -4.9397294951104158e+02	  2.8693719747865958e+02	
  3.0660000000000000e+04	 -4.8883424803423731e+02	  2.6203029184698107e+02	
  3.0690000000000000e+04	 -4.8278471462607274e+02	  2.1737316024840246e+02	
  3.0720000000000000e+04	 -4.7234554444406211e+02	  1.7579308601724651e+02	
  3.0750000000000000e+04	 -4.6029263468953309e+02	  1.3150615694671421e+02	
  3.0780000000000000e+04	 -4.6181065051906842e+02	  1.1146072517950464e+02	
  3.0810000000000000e+04	 -4.5738479553835629e+02	  6.6983767563690648e+01	
  3.0840000000000000e+04	 -4.5412438534535028e+02	  4.2376495069334261e+01	
  3.0870000000000000e+04	 -4.4103304996070915e+02	  5.1591524774720625e+00	
  3.0900000000000000e+04	 -4.3520170383588942e+02	  -1.7426816415977282e+01	
  3.0930000000000000e+04	 -4.3363134379089257e+02	  -4.9214549116909410e+01	
  3.0960000000000000e+04	 -4.2105154230238549e+02	  -2.5201835838142078e+01	
  3.0990000000000000e+04	 -4.0207308269393974e+02	  1.7981899180744730e+01	
  3.1020000000000000e+04	 -3.9257905491620045e+02	  4.1379218721502966e+01	
  3.1050000000000000e+04	 -3.8089952441640958e+02	  6.3622684553155935e+01	
  3.1080000000000000e+04	 -3.5684835621066787e+02	  9.9674631875096480e+01	
  3.1110000000000000e+04	 -3.4023829137632322e+02	  1.2614657853499449e+02	
  3.1140000000000000e+04	 -3.2598073992375481e+02	  1.4929489616328604e+02	
  3.1170000000000000e+04	 -3.0533480470277567e+02	  1.8528380915297160e+02	
  3.1200000000000000e+04	 -2.9189072959108194e+02	  2.0967885755257981e+02	
  3.1230000000000000e+04	 -2.7631469590013234e+02	  2.4651789315519585e+02	
  3.1260000000000000e+04	 -2.5693337797615936e+02	  2.8060899909618189e+02	
  3.1290000000000000e+04	 -2.4314320337138261e+02	  3.0930320636405577e+02	
  3.1320000000000000e+04	 -2.1723202386837573e+02	  3.5786951733299611e+02	
  3.1350000000000000e+04	 -2.0349082101195560e+02	  3.8302965860872985e+02	
  3.1380000000000000e+04	 -1.8038474183104952e+02	  4.2967429246030088e+02	
  3.1410000000000000e+04	 -1.6461595119738601e+02	  4.6781453374031514e+02	
  3.1440000000000000e+04	 -1.4204548410784182e+02	  5.1017059766416838e+02	
  3.1470000000000000e+04	 -1.2725611391891734e+02	  5.3581535493681099e+02	
  3.1500000000000000e+04	 -1.1899104378116732e+02	  5.5708295380353536e+02	
  3.1530000000000000e+04	 -8.4904887728863173e+01	  5.4728668124981095e+02	
  3.1560000000000000e+04	 -6.7736684673879836e+01	  5.3766338692282375e+02	
  3.1590000000000000e+04	 -8.4817509548696677e+01	  4.8715110877730831e+02	
  3.1620000000000000e+04	 -1.0024041058174042e+02	  4.5537526946085131e+02	
  3.1650000000000000e+04	 -1.1318290296801038e+02	  4.2974648434852338e+02	
  3.1680000000000000e+04	 -1.2397311845823914e+02	  4.0586529283775479e+02	
  3.1710000000000000e+04	 -1.2912386351383006e+02	  3.8262212702409516e+02	
  3.1740000000000000e+04	 -1.3723897995193610e+02	  3.6424944819285423e+02	
  3.1770000000000000e+04	 -1.4723817296376254e+02	  3.3222734178983791e+02	
  3.1800000000000000e+04	 -1.6126711458404333e+02	  2.9289548373996490e+02	
  3.1830000000000000e+04	 -1.7393510480023454e+02	  2.4772760081232340e+02	
  3.1860000000000000e+04	 -1.8413941241868815e+02	  2.1442287258234009e+02	
  3.1890000000000000e+04	 -1.9551116668393357e+02	  1.9126564428775396e+02	
  3.1920000000000000e+04	 -2.0540151084649489e+02	  1.6984656570143886e+02	
  3.1950000000000000e+04	 -2.1497616460032668e+02	  1.3685164901556220e+02	
  3.1980000000000000e+04	 -2.2338525038457973e+02	  9.9398612581719078e+01	
  3.2010000000000000e+04	 -2.2774940564442778e+02	  6.7924251055289574e+01	
  3.2040000000000000e+04	 -2.3284906908895681e+02	  4.0873061842401128e+01	
  3.2070000000000000e+04	 -2.4837005435888511e+02	  -6.6213538216032291e+00	
  3.2100000000000000e+04	 -2.5719672742266448e+02	  -3.1211997330160290e+01	
  3.2130000000000000e+04	 -2.7712196888970487e+02	  -7.5849968890024840e+01	
  3.2160000000000000e+04	 -2.8380759526213478e+02	  -1.0866946066608175e+02	
  3.2190000000000000e+04	 -2.9324332470504487e+02	  -1.3868309977851956e+02	
  3.2220000000000000e+04	 -3.0437833301019890e+02	  -1.7118661143062636e+02	
  3.2250000000000000e+04	 -3.1389650925128956e+02	  -1.9396775042952757e+02	
  3.2280000000000000e+04	 -3.2317669442626209e+02	  -2.1049423840829186e+02	
  3.2310000000000000e+04	 -3.3698158478794977e+02	  -2.3699699418183067e+02	
  3.2340000000000000e+04	 -3.4555665736436424e+02	  -2.6174680722551835e+02	
  3.2370000000000000e+04	 -3.4995415473088411e+02	  -2.8359699199757529e+02	
  3.2400000000000000e+04	 -3.5371810902759830e+02	  -2.8995963062990120e+02	
  3.2430000000000000e+04	 -3.5177312684630186e+02	  -2.8928004006187160e+02	
  3.2460000000000000e+04	 -3.5109124298715471e+02	  -2.9029560902827609e+02	
  3.2490000000000000e+04	 -3.5281476130587129e+02	  -2.8915493029026192e+02	
  3.2520000000000000e+04	 -3.5328812772137735e+02	  -2.8800519740874171e+02	
  3.2550000000000000e+04	 -3.5309701018905190e+02	  -2.8719963984316848e+02	
  3.2580000000000000e+04	 -3.5118396277459482e+02	  -2.8658600579994334e+02	
  3.2610000000000000e+04	 -3.5271135197847480e+02	  -2.8582628087099988e+02	
  3.2640000000000000e+04	 -3.5116739337194906e+02	  -2.8619463890272027e+02	
  3.2670000000000000e+04	 -3.0955010031317221e+02	  -2.9892805242197460e+02	
  3.2700000000000000e+04	 -2.8398107771466351e+02	  -3.0092889511611338e+02	
  3.2730000000000000e+04	 -2.5972685443494703e+02	  -3.0439175958084599e+02	
  3.2760000000000000e+04	 -2.2828255818927440e+02	  -3.1401966621486315e+02	
  3.2790000000000000e+04	 -2.1525365392566007e+02	  -3.1381109489333329e+02	
  3.2820000000000000e+04	 -2.1445533395951921e+02	  -3.1540092982389410e+02	
  3.2850000000000000e+04	 -2.1455576998644975e+02	  -3.1418527991696646e+02	
  3.2880000000000000e+04	 -2.1319428437354500e+02	  -2.8964485885716135e+02	
  3.2910000000000000e+04	 -2.1543974467274961e+02	  -2.6278336571336393e+02	
  3.2940000000000000e+04	 -2.1171608668457827e+02	  -2.4195529255470137e+02	
  3.2970000000000000e+04	 -2.1121954757350690e+02	  -2.0190725783809256e+02	
  3.3000000000000000e+04	 -2.0873921951494495e+02	  -1.6509079698246416e+02	
  3.3030000000000000e+04	 -2.0978551725718930e+02	  -1.3941329811145357e+02	
  3.3060000000000000e+04	 -2.0801989348913935e+02	  -1.1089445572021611e+02	
  3.3090000000000000e+04	 -2.0244513684740605e+02	  -9.3249116536804962e+01	
  3.3120000000000000e+04	 -2.0652733334716783e+02	  -7.3723219113065070e+01	
  3.3150000000000000e+04	 -2.0399240865005507e+02	  -4.0264360934679047e+01	
  3.3180000000000000e+04	 -2.0160425826345565e+02	  1.0054379647413249e+01	
  3.3210000000000000e+04	 -2.0004391827279520e+02	  4.5249893067712868e+01	
  3.3240000000000000e+04	 -2.0216455030964698e+02	  7.7468917520564844e+01	
  3.3270000000000000e+04	 -1.9677667784609466e+02	  1.0707380392877121e+02	
  3.3300000000000000e+04	 -1.7004600997091867e+02	  1.1484388866078928e+02	
  3.3330000000000000e+04	 -1.3053953456443620e+02	  1.2435895562667359e+02	
  3.3360000000000000e+04	 -8.7497035717154134e+01	  1.4102187063793187e+02	
  3.3390000000000000e+04	 -6.9986042791487378e+01	  1.4559093037920852e+02	
  3.3420000000000000e+04	 -3.7773550902774218e+01	  1.5929157392951944e+02	
  3.3450000000000000e+04	 3.4305019901784846e+00	  1.7434120048179057e+02	
  3.3480000000000000e+04	 4.1273031515266190e+01	  1.8894357899762275e+02	
  3.3510000000000000e+04	 6.9408811668783585e+01	  2.0182476446648735e+02	
  3.3540000000000000e+04	 8.2873465694856463e+01	  2.2980947362712149e+02	
  3.3570000000000000e+04	 9.4579962829797012e+01	  2.6570120062366101e+02	
  3.3600000000000000e+04	 1.1193189549736303e+02	  2.9746847453641141e+02	
  3.3630000000000000e+04	 1.2608243445459495e+02	  3.3672699259565525e+02	
  3.3660000000000000e+04	 1.3232498539105751e+02	  3.6128250456086482e+02	
  3.3690000000000000e+04	 1.4388741925157913e+02	  3.8973042950017793e+02	
  3.3720000000000000e+04	 1.5866490611669903e+02	  4.1951524740551002e+02	
  3.3750000000000000e+04	 1.8003199057100045e+02	  4.5667358011273836e+02	
  3.3780000000000000e+04	 2.0437740783082921e+02	  5.0168731930426702e+02	
  3.3810000000000000e+04	 2.1570494201183539e+02	  5.2159784259061780e+02	
  3.3840000000000000e+04	 2.3530349900317603e+02	  5.4950848109160336e+02	
  3.3870000000000000e+04	 2.5710695695403035e+02	  5.9422303448839068e+02	
  3.3900000000000000e+04	 2.7368410139752632e+02	  6.2738720721981963e+02	
  3.3930000000000000e+04	 2.9096511948470618e+02	  6.6196803070710882e+02	
  3.3960000000000000e+04	 3.0563955298434064e+02	  6.7991177245968004e+02	
  3.3990000000000000e+04	 2.6707908815062154e+02	  6.6804495885919505e+02	
  3.4020000000000000e+04	 2.3007276865859632e+02	  6.6607805210351205e+02	
  3.4050000000000000e+04	 2.0355354249672999e+02	  6.6549950194145867e+02	
  3.4080000000000000e+04	 1.7432204860037825e+02	  6.5495822847688396e+02	
  3.4110000000000000e+04	 1.3504674789185810e+02	  6.4339875724270280e+02	
  3.4140000000000000e+04	 9.8809806498186703e+01	  6.3447186698551639e+02	
  3.4170000000000000e+04	 7.8199012125636742e+01	  6.3048430999968002e+02	
  3.4200000000000000e+04	 3.3076504217529433e+01	  6.2182001754943758e+02	
  3.4230000000000000e+04	 -5.8078618304329659e+00	  6.1602467066228201e+02	
  3.4260000000000000e+04	 -7.7593671487872617e+00	  6.1668124497566475e+02	
  3.4290000000000000e+04	 -9.6734659914014873e+00	  6.1565276147950192e+02	
  3.4320000000000000e+04	 -1.0187610189464905e+01	  6.1575610907876035e+02	
  3.4350000000000000e+04	 -9.1890872873901177e+00	  6.1683764714386541e+02	
  3.4380000000000000e+04	 -1.0826728372760508e+01	  6.1519362003366086e+02	
  3.4410000000000000e+04	 -9.0927208849796610e+00	  6.1664828989907210e+02	
  3.4440000000000000e+04	 6.5730610587511613e+00	  6.0611237958870333e+02	
  3.4470000000000000e+04	 3.4543881078150847e+01	  5.8253359169659700e+02	
  3.4500000000000000e+04	 6.0200256844208099e+01	  5.6988446574581769e+02	
  3.4530000000000000e+04	 9.9174869125828394e+01	  5.4987191637804449e+02	
  3.4560000000000000e+04	 1.2017185335362726e+02	  5.3621713257226997e+02	
  3.4590000000000000e+04	 1.4737004631963100e+02	  5.2082260373787619e+02	
  3.4620000000000000e+04	 1.8959353375352705e+02	  4.9702067952594103e+02	
  3.4650000000000000e+04	 2.0573328008401964e+02	  4.7980704835048158e+02	
  3.4680000000000000e+04	 2.2004882093848374e+02	  4.6662702543437433e+02	
  3.4710000000000000e+04	 2.3688063753339597e+02	  4.5719531361591646e+02	
  3.4740000000000000e+04	 2.5882482477239074e+02	  4.4295174512768278e+02	
  3.4770000000000000e+04	 2.7557705064206709e+02	  4.3110437092083851e+02	
  3.4800000000000000e+04	 2.9520951458663620e+02	  4.1958261687681102e+02	
  3.4830000000000000e+04	 3.2861854094572010e+02	  3.8971724797572375e+02	
  3.4860000000000000e+04	 3.5780128000387776e+02	  3.7083428009081058e+02	
  3.4890000000000000e+04	 3.9876647936475263e+02	  3.4386613721638139e+02	
  3.4920000000000000e+04	 4.1530332170400220e+02	  3.3203738413531863e+02	
  3.4950000000000000e+04	 4.3878235941772698e+02	  3.0982447598059440e+02	
  3.4980000000000000e+04	 4.1690832598307452e+02	  3.0804998526417705e+02	
  3.5010000000000000e+04	 3.8482322703939730e+02	  3.0244967766189052e+02	
  3.5040000000000000e+04	 3.3602866397321498e+02	  2.9590213755851079e+02	
  3.5070000000000000e+04	 3.0926737289119325e+02	  2.8420050995209516e+02	
  3.5100000000000000e+04	 2.5891417376196102e+02	  2.7438322744773433e+02	
  3.5130000000000000e+04	 2.1783014331208196e+02	  2.6949348488237905e+02	
  3.5160000000000000e+04	 1.9059169994934354e+02	  2.6739022446893625e+02	
  3.5190000000000000e+04	 1.4243237580357885e+02	  2.5575720029652206e+02	
  3.5220000000000000e+04	 1.0426553083626349e+02	  2.4404804026989618e+02	
  3.5250000000000000e+04	 6.8237743862274300e+01	  2.3679249801217108e+02	
  3.5280000000000000e+04	 3.2885446842260890e+01	  2.3286755279421220e+02	
  3.5310000000000000e+04	 -9.5039707708901915e+00	  2.2078306061997048e+02	
  3.5340000000000000e+04	 -4.8524906793049183e+01	  2.0826327159098349e+02	
  3.5370000000000000e+04	 -7.1975139374166758e+01	  1.9989526741775757e+02	
  3.5400000000000000e+04	 -9.9276412314801277e+01	  1.9669924107145073e+02	
  3.5430000000000000e+04	 -1.5069002957983571e+02	  1.8256160939077654e+02	
  3.5460000000000000e+04	 -1.8462857006257826e+02	  1.7323934882295984e+02	
  3.5490000000000000e+04	 -2.1036499489595730e+02	  1.6871944494237840e+02	
  3.5520000000000000e+04	 -2.5525324220786908e+02	  1.6056130552919362e+02	
  3.5550000000000000e+04	 -2.8571703619306726e+02	  1.4855288541296829e+02	
  3.5580000000000000e+04	 -3.1291866168353761e+02	  1.4813258475914878e+02	
  3.5610000000000000e+04	 -3.4014127234579001e+02	  1.4148394749680236e+02	
  3.5640000000000000e+04	 -3.6434459252245301e+02	  1.3300812086403261e+02	
  3.5670000000000000e+04	 -3.8305008665041737e+02	  1.3035900459331003e+02	
  3.5700000000000000e+04	 -4.0565524568116768e+02	  1.2290666904282421e+02	
  3.5730000000000000e+04	 -4.0416118086315021e+02	  1.2253386459949130e+02	
  3.5760000000000000e+04	 -4.0271001567125842e+02	  1.2376068948757043e+02	
  3.5790000000000000e+04	 -4.0416377144468464e+02	  1.2268565228853545e+02	
  3.5820000000000000e+04	 -4.0244053690769834e+02	  1.2173428787198019e+02	
  3.5850000000000000e+04	 -4.0230048341764643e+02	  1.2270989263532525e+02	
  3.5880000000000000e+04	 -4.0243865711038910e+02	  1.2391589508245129e+02	
  3.5910000000000000e+04	 -4.0098497558379751e+02	  1.2287545613460942e+02	
  3.5940000000000000e+04	 -4.0024444550481098e+02	  1.2458147771156710e+02	
  3.5970000000000000e+04	 -3.7022140177450063e+02	  1.5499725469945068e+02	
  3.6000000000000000e+04	 -3.4559336909857001e+02	  1.8373962257838852e+02	
  3.6030000000000000e+04	 -3.1574990102239184e+02	  2.1881029264970238e+02	
  3.6060000000000000e+04	 -2.9430037391242536e+02	  2.3941148158295070e+02	
  3.6090000000000000e+04	 -2.7842448221024068e+02	  2.6006838020933208e+02	
  3.6120000000000000e+04	 -2.5696741644398304e+02	  2.8188536120887534e+02	
  3.6150000000000000e+04	 -2.3908714038184738e+02	  3.0683059545610809e+02	
  3.6180000000000000e+04	 -2.0675229776775782e+02	  3.3738409872605035e+02	
  3.6210000000000000e+04	 -1.8263394122198312e+02	  3.7745076667215795e+02	
  3.6240000000000000e+04	 -1.6798202820877401e+02	  3.9199098089718177e+02	
  3.6270000000000000e+04	 -1.5370758090515304e+02	  4.0904991390796448e+02	
  3.6300000000000000e+04	 -1.2980315110748273e+02	  4.3828703236182628e+02	
  3.6330000000000000e+04	 -1.1898015387224834e+02	  4.5440597906605382e+02	
  3.6360000000000000e+04	 -1.0496378579957729e+02	  4.7259697436022549e+02	
  3.6390000000000000e+04	 -8.1663001258630317e+01	  5.0809008142556797e+02	
  3.6420000000000000e+04	 -5.7544252548542531e+01	  5.4004950325718369e+02	
  3.6450000000000000e+04	 -4.4051672165975319e+01	  5.6134064835549111e+02	
  3.6480000000000000e+04	 -2.9261715137129613e+01	  5.7532581070789490e+02	
  3.6510000000000000e+04	 -4.7213189488987979e+00	  6.0677819905497620e+02	
  3.6540000000000000e+04	 8.9823525660186334e+00	  6.2340254580877445e+02	
  3.6570000000000000e+04	 8.5032259286541940e+00	  6.2453945189576280e+02	
  3.6600000000000000e+04	 8.1083532519535328e+00	  6.2288685312759787e+02	
  3.6630000000000000e+04	 8.1035925770990946e+00	  6.2353444797745237e+02	
  3.6660000000000000e+04	 7.4821240705236152e+00	  6.2469171183034064e+02	
  3.6690000000000000e+04	 7.3307285818650119e+00	  6.2553187004448250e+02	
  3.6720000000000000e+04	 5.5096561381010272e+00	  6.2490409077546599e+02	
  3.6750000000000000e+04	 5.9894960487610014e+00	  6.2669305486530538e+02	
  3.6780000000000000e+04	 2.8819656112372098e+01	  5.8840752371010967e+02	
  3.6810000000000000e+04	 5.9892312743846574e+01	  5.4879621968550612e+02	
  3.6840000000000000e+04	 7.6955273674453522e+01	  5.1875079076599582e+02	
  3.6870000000000000e+04	 9.9408126781271392e+01	  4.9346377928180817e+02	
  3.6900000000000000e+04	 1.1474291012427270e+02	  4.7049732513586878e+02	
  3.6930000000000000e+04	 1.4196432229361835e+02	  4.3575574930357521e+02	
  3.6960000000000000e+04	 1.5789034477531331e+02	  4.0919075800809208e+02	
  3.6990000000000000e+04	 1.8283535196053936e+02	  3.7562360005169677e+02	
  3.7020000000000000e+04	 1.9223130331610318e+02	  3.6013569156551574e+02	
  3.7050000000000000e+04	 2.2409399263648166e+02	  3.1792939690457320e+02	
  3.7080000000000000e+04	 2.5274101304756343e+02	  2.8087090854546085e+02	
  3.7110000000000000e+04	 2.7544045245496363e+02	  2.4274118478034524e+02	
  3.7140000000000000e+04	 2.9402868659044009e+02	  2.1373868691754981e+02	
  3.7170000000000000e+04	 3.2131376313497134e+02	  1.7674672170030351e+02	
  3.7200000000000000e+04	 3.3610726128455929e+02	  1.5222512196172045e+02	
  3.7230000000000000e+04	 3.6665710398124270e+02	  1.1443316583883734e+02	
  3.7260000000000000e+04	 3.8385801477417073e+02	  9.8075402735896887e+01	
  3.7290000000000000e+04	 4.0678504081879476e+02	  7.0357211656172581e+01	
  3.7320000000000000e+04	 4.1545619147670004e+02	  5.6638581804414059e+01	
  3.7350000000000000e+04	 4.3260354328476546e+02	  2.9512194259093356e+01	
  3.7380000000000000e+04	 4.4608963900948396e+02	  1.1861408380569546e+01	
  3.7410000000000000e+04	 4.6861936293070642e+02	  -1.8713183283748172e+01	
  3.7440000000000000e+04	 4.9011358696192337e+02	  -4.1708532033550512e+01	
  3.7470000000000000e+04	 5.1162020409041338e+02	  -7.0642993245686512e+01	
  3.7500000000000000e+04	 5.2354313005923166e+02	  -9.1727272896352190e+01	
  3.7530000000000000e+04	 5.4647958036220143e+02	  -1.2543982837776915e+02	
  3.7560000000000000e+04	 5.7510250760498116e+02	  -1.5865669577505699e+02	
  3.7590000000000000e+04	 5.9593647662997205e+02	  -1.8434891921383630e+02	
  3.7620000000000000e+04	 6.2623391912737043e+02	  -2.2377084949671743e+02	
  3.7650000000000000e+04	 6.3949399322693387e+02	  -2.3947011390788759e+02	
  3.7680000000000000e+04	 6.6264155955229364e+02	  -2.6892333780348616e+02	
  3.7710000000000000e+04	 6.8796675999751096e+02	  -3.0181389327163964e+02	
  3.7740000000000000e+04	 7.0783498927329867e+02	  -3.2270879598960664e+02	
  3.7770000000000000e+04	 7.2354345401531816e+02	  -3.4958584782360560e+02	
  3.7800000000000000e+04	 7.3554809141869919e+02	  -3.6798223572970500e+02	
  3.7830000000000000e+04	 7.5062804533421468e+02	  -3.8524678499378626e+02	
  3.7860000000000000e+04	 7.7599623824908770e+02	  -4.1943804723762793e+02	
  3.7890000000000000e+04	 7.9007251871679364e+02	  -4.3538742729606776e+02	
  3.7920000000000000e+04	 8.0180686041330227e+02	  -4.5508541885877031e+02	
  3.7950000000000000e+04	 8.0280697713399559e+02	  -4.5653557928497185e+02	
  3.7980000000000000e+04	 7.7422908755867354e+02	  -4.1503182673235506e+02	
  3.8010000000000000e+04	 7.5339777186933293e+02	  -3.8393775645746013e+02	
  3.8040000000000000e+04	 7.3166180669174651e+02	  -3.5973429140376959e+02	
  3.8070000000000000e+04	 7.1096105839379902e+02	  -3.3008802433540933e+02	
  3.8100000000000000e+04	 6.8833947471548151e+02	  -3.0353964570407720e+02	
  3.8130000000000000e+04	 6.7099970998322215e+02	  -2.8844413847987897e+02	
  3.8160000000000000e+04	 6.5024940001768334e+02	  -2.5229557623675987e+02	
  3.8190000000000000e+04	 6.2492645319620397e+02	  -2.1270705370113086e+02	
  3.8220000000000000e+04	 6.1677625341295766e+02	  -1.9752015519501316e+02	
  3.8250000000000000e+04	 5.9845876772965084e+02	  -1.8241340658040806e+02	
  3.8280000000000000e+04	 5.7850600775260034e+02	  -1.6315511458995348e+02	
  3.8310000000000000e+04	 5.4585175891568144e+02	  -1.2105136074849702e+02	
  3.8340000000000000e+04	 5.1902859676296873e+02	  -9.3244841534388968e+01	
  3.8370000000000000e+04	 4.9694692316616346e+02	  -6.4426196789370834e+01	
  3.8400000000000000e+04	 4.7429824032011658e+02	  -3.3037973829876471e+01	
  3.8430000000000000e+04	 4.5149840494741886e+02	  -1.7802019784132739e+00	
  3.8460000000000000e+04	 4.3843877114100786e+02	  1.3623080561450989e+01	
  3.8490000000000000e+04	 4.2423145741817598e+02	  3.1368748977772590e+01	
  3.8520000000000000e+04	 3.9640533634336606e+02	  6.9395406831338420e+01	
  3.8550000000000000e+04	 3.8028987043406590e+02	  8.8320651251097360e+01	
  3.8580000000000000e+04	 3.5598477474214064e+02	  1.2100296685153407e+02	
  3.8610000000000000e+04	 3.4202631407758594e+02	  1.4605685137147370e+02	
  3.8640000000000000e+04	 3.2167859309858022e+02	  1.6881678058265825e+02	
  3.8670000000000000e+04	 2.9475759367962581e+02	  2.0462566218450749e+02	
  3.8700000000000000e+04	 2.7426883318092422e+02	  2.3548540625590991e+02	
  3.8730000000000000e+04	 2.4672487743497192e+02	  2.7362043939418112e+02	
  3.8760000000000000e+04	 2.3004065917555940e+02	  3.0190825470315065e+02	
  3.8790000000000000e+04	 2.1208865362979049e+02	  3.2953613636323070e+02	
  3.8820000000000000e+04	 1.9352976025679041e+02	  3.5297302650655786e+02	
  3.8850000000000000e+04	 1.6469582410398615e+02	  3.9037972619544399e+02	
  3.8880000000000000e+04	 1.3936227987669238e+02	  4.2847057467537911e+02	
  3.8910000000000000e+04	 1.2186992703093337e+02	  4.5151257630334726e+02	
  3.8940000000000000e+04	 1.5859423673504702e+02	  4.3854678737969186e+02	
  3.8970000000000000e+04	 2.0074529302635858e+02	  4.2379539972850728e+02	
  3.9000000000000000e+04	 2.2924022382876046e+02	  4.1904195297043856e+02	
  3.9030000000000000e+04	 2.5990096806391534e+02	  4.1237161235216882e+02	
  3.9060000000000000e+04	 2.9464678538329116e+02	  4.0134383228861242e+02	
  3.9090000000000000e+04	 3.3143373896708181e+02	  3.8647132494497663e+02	
  3.9120000000000000e+04	 3.5713417647573647e+02	  3.8304327480096794e+02	
  3.9150000000000000e+04	 3.8552852448091056e+02	  3.7713366364522744e+02	
  3.9180000000000000e+04	 4.2032028752354540e+02	  3.6774514772363938e+02	
  3.9210000000000000e+04	 4.5347136964097956e+02	  3.5852441206371037e+02	
  3.9240000000000000e+04	 4.9392467114888456e+02	  3.4684429674085595e+02	
  3.9270000000000000e+04	 5.1146857306444940e+02	  3.3977952568732252e+02	
  3.9300000000000000e+04	 5.4224125280132648e+02	  3.3009767059424030e+02	
  3.9330000000000000e+04	 5.7500217905181512e+02	  3.1314936570737729e+02	
