  0.0000000000000000e+00	 -1.4963606671315958e+01	  -4.8217046923119301e+02	
  3.0000000000000000e+01	 -5.7271758194994703e+01	  -5.0240380650684062e+02	
  6.0000000000000000e+01	 -6.8654837732997777e+01	  -5.1543078321089070e+02	
  9.0000000000000000e+01	 -6.6899189678970743e+01	  -5.1730692345900763e+02	
  1.2000000000000000e+02	 -6.8570348538452066e+01	  -5.1584031381206546e+02	
  1.5000000000000000e+02	 -7.0420605785689318e+01	  -5.1783250244442524e+02	
  1.8000000000000000e+02	 -6.9344203235620725e+01	  -5.1807081243893583e+02	
  2.1000000000000000e+02	 -6.9873457555172635e+01	  -5.1621373965294777e+02	
  2.4000000000000000e+02	 -7.0902849468748087e+01	  -5.1751905642918280e+02	
  2.7000000000000000e+02	 -7.0633491671042123e+01	  -5.1932069612576083e+02	
  3.0000000000000000e+02	 -1.0261352075569766e+02	  -4.9094894099614100e+02	
  3.3000000000000000e+02	 -1.1485504359066850e+02	  -4.7716059837298042e+02	
  3.6000000000000000e+02	 -1.3828447532859741e+02	  -4.4849700713830515e+02	
  3.9000000000000000e+02	 -1.7020007595931492e+02	  -4.1153976711752398e+02	
  4.2000000000000000e+02	 -1.8819618829814030e+02	  -3.9247716947180521e+02	
  4.5000000000000000e+02	 -2.1049868942943928e+02	  -3.6535022745965063e+02	
  4.8000000000000000e+02	 -2.3177540980020137e+02	  -3.4580558121220434e+02	
  5.1000000000000000e+02	 -2.5885599155858421e+02	  -3.1460012877643373e+02	
  5.4000000000000000e+02	 -2.8753131482453915e+02	  -2.8641700478804842e+02	
  5.7000000000000000e+02	 -3.0845838634307245e+02	  -2.6855326288738200e+02	
  6.0000000000000000e+02	 -3.4081334752084547e+02	  -2.3342874353934852e+02	
  6.3000000000000000e+02	 -3.6675801765692677e+02	  -2.1038028207204539e+02	
  6.6000000000000000e+02	 -3.9471439423513482e+02	  -1.7747407536060081e+02	
  6.9000000000000000e+02	 -4.2017877725550312e+02	  -1.5690524747532908e+02	
  7.2000000000000000e+02	 -4.5051432855380398e+02	  -1.3234477825074541e+02	
  7.5000000000000000e+02	 -4.7128648671662785e+02	  -1.0570075880486351e+02	
  7.8000000000000000e+02	 -4.9913566292038990e+02	  -7.6027568541899640e+01	
  8.1000000000000000e+02	 -5.3787207966228380e+02	  -3.9077181405301005e+01	
  8.4000000000000000e+02	 -5.5708656898743516e+02	  -2.0211675043587480e+01	
  8.7000000000000000e+02	 -5.8398986186230366e+02	  8.9593132328489560e+00	
  9.0000000000000000e+02	 -6.0741339511410524e+02	  3.2132527742339647e+01	
  9.3000000000000000e+02	 -6.2131834492895814e+02	  4.8229444642137970e+01	
  9.6000000000000000e+02	 -6.5248188007315287e+02	  7.8721523806478871e+01	
  9.9000000000000000e+02	 -6.8913402924325680e+02	  1.1130193806299081e+02	
  1.0200000000000000e+03	 -6.8932203703979815e+02	  1.1068152541475729e+02	
  1.0500000000000000e+03	 -6.8753181403031499e+02	  1.1219794838812010e+02	
  1.0800000000000000e+03	 -6.8887529183410675e+02	  1.1025680271555058e+02	
  1.1100000000000000e+03	 -6.8833792065388525e+02	  1.0972291348943844e+02	
  1.1400000000000000e+03	 -6.8874847356435282e+02	  1.1163924124392840e+02	
  1.1700000000000000e+03	 -6.9073349728768835e+02	  1.0976383226336657e+02	
  1.2000000000000000e+03	 -6.8891956002292295e+02	  1.0914269653935601e+02	
  1.2300000000000000e+03	 -6.4952112369799909e+02	  1.2322909218403449e+02	
  1.2600000000000000e+03	 -6.1978614408602243e+02	  1.3545063038444795e+02	
  1.2900000000000000e+03	 -5.9030107562954834e+02	  1.5090082024306304e+02	
  1.3200000000000000e+03	 -5.6012892573627596e+02	  1.6765354457809113e+02	
  1.3500000000000000e+03	 -5.2148445236443581e+02	  1.7984977034311478e+02	
  1.3800000000000000e+03	 -4.9686586793406923e+02	  1.9012945294558077e+02	
  1.4100000000000000e+03	 -4.5818817370183172e+02	  2.1012627564209188e+02	
  1.4400000000000000e+03	 -4.2653074867703720e+02	  2.2601597911267720e+02	
  1.4700000000000000e+03	 -4.1222986192327130e+02	  2.3587612283401640e+02	
  1.5000000000000000e+03	 -3.6409302763205363e+02	  2.5629838686520918e+02	
  1.5300000000000000e+03	 -3.2589478108991131e+02	  2.6637454794046789e+02	
  1.5600000000000000e+03	 -3.0539386694332069e+02	  2.7884720097731827e+02	
  1.5900000000000000e+03	 -2.7258801824856761e+02	  2.8876019383945061e+02	
  1.6200000000000000e+03	 -2.5263622602606461e+02	  2.9708328132393927e+02	
  1.6500000000000000e+03	 -2.1948573679184054e+02	  3.1386328694963044e+02	
  1.6800000000000000e+03	 -1.9629411398572864e+02	  3.2297027849182268e+02	
  1.7100000000000000e+03	 -1.6953477223521327e+02	  3.3585632702509730e+02	
  1.7400000000000000e+03	 -1.2217978219256480e+02	  3.5224763191342828e+02	
  1.7700000000000000e+03	 -8.6566811245166775e+01	  3.6469682946271996e+02	
  1.8000000000000000e+03	 -4.5368138399751487e+01	  3.8307978533941315e+02	
  1.8300000000000000e+03	 -1.9602241355166665e+01	  3.8766200357073819e+02	
  1.8600000000000000e+03	 1.8875545703150170e+01	  4.0384238502990684e+02	
  1.8900000000000000e+03	 2.7519393769661910e+01	  3.8227770657800068e+02	
  1.9200000000000000e+03	 3.4585467235398561e+01	  3.5897082886431252e+02	
  1.9500000000000000e+03	 3.5536985388007515e+01	  3.3437838114107410e+02	
  1.9800000000000000e+03	 3.8206518916134264e+01	  3.0784500772258048e+02	
  2.0100000000000000e+03	 4.9386283116211175e+01	  2.6859066734508804e+02	
  2.0400000000000000e+03	 5.8707148918190548e+01	  2.3998876118851371e+02	
  2.0700000000000000e+03	 6.4370357543512142e+01	  2.1026862199867105e+02	
  2.1000000000000000e+03	 7.3238886332737877e+01	  1.8559145294756928e+02	
  2.1300000000000000e+03	 8.0118812012519300e+01	  1.4755422992323591e+02	
  2.1600000000000000e+03	 8.7031139344538474e+01	  1.1300842911096490e+02	
  2.1900000000000000e+03	 9.3562950857247145e+01	  7.0405270621630834e+01	
  2.2200000000000000e+03	 9.8038525093765813e+01	  2.5797612088689135e+01	
  2.2500000000000000e+03	 1.0280308215371194e+02	  -8.2854788250355256e+00	
  2.2800000000000000e+03	 1.1187393012971279e+02	  -4.8950234181988449e+01	
  2.3100000000000000e+03	 1.1416896256940746e+02	  -8.3489040118580462e+01	
  2.3400000000000000e+03	 1.2194372250916737e+02	  -1.1585387122373922e+02	
  2.3700000000000000e+03	 1.2492751815159707e+02	  -1.5129187334459874e+02	
  2.4000000000000000e+03	 1.3339597412031102e+02	  -1.8422526683595422e+02	
  2.4300000000000000e+03	 1.4095979972694892e+02	  -2.3074611220555582e+02	
  2.4600000000000000e+03	 1.4696076629345902e+02	  -2.7882430330654978e+02	
  2.4900000000000000e+03	 1.5388971282886601e+02	  -3.2618321139318715e+02	
  2.5200000000000000e+03	 1.6083071874443675e+02	  -3.6916442632529379e+02	
  2.5500000000000000e+03	 1.6357677412628468e+02	  -3.8944973414659768e+02	
  2.5800000000000000e+03	 1.6982752183909815e+02	  -4.2679696432590475e+02	
  2.6100000000000000e+03	 1.7423323772406499e+02	  -4.6426986107009924e+02	
  2.6400000000000000e+03	 1.8378771862055331e+02	  -4.8655836191173182e+02	
  2.6700000000000000e+03	 1.8646552930589735e+02	  -5.1704905304349813e+02	
  2.7000000000000000e+03	 1.8730633968541466e+02	  -5.1751651252632041e+02	
  2.7300000000000000e+03	 1.8856863345150560e+02	  -5.1652040042776514e+02	
  2.7600000000000000e+03	 1.8937973279081106e+02	  -5.1690361069820938e+02	
  2.7900000000000000e+03	 1.8816257346251248e+02	  -5.1614164569407035e+02	
  2.8200000000000000e+03	 1.9679914214406728e+02	  -4.7184280180124892e+02	
  2.8500000000000000e+03	 1.9713041344549774e+02	  -4.2316218963859416e+02	
  2.8800000000000000e+03	 2.0208764076396022e+02	  -3.9596519949914915e+02	
  2.9100000000000000e+03	 2.0797314190009484e+02	  -3.6573260272472118e+02	
  2.9400000000000000e+03	 2.0971412237394506e+02	  -3.4184414267631433e+02	
  2.9700000000000000e+03	 2.1764598574455331e+02	  -2.9098057724101255e+02	
  3.0000000000000000e+03	 2.2389954565246387e+02	  -2.5739774785475237e+02	
  3.0300000000000000e+03	 2.2189619315829736e+02	  -2.2718658720531852e+02	
  3.0600000000000000e+03	 2.2134185928339258e+02	  -1.8209689045817012e+02	
  3.0900000000000000e+03	 2.2165201206319080e+02	  -1.5048218649185696e+02	
  3.1200000000000000e+03	 2.2842738477371455e+02	  -1.0474651904044028e+02	
  3.1500000000000000e+03	 2.3402874910740121e+02	  -7.9586060034276329e+01	
  3.1800000000000000e+03	 2.3920420492404642e+02	  -5.7443617871362605e+01	
  3.2100000000000000e+03	 2.4402384065168346e+02	  -2.7630086876256748e+01	
  3.2400000000000000e+03	 2.4569840676004762e+02	  -6.0058350870913273e+00	
  3.2700000000000000e+03	 2.4941204202351258e+02	  2.3687091486567873e+01	
  3.3000000000000000e+03	 2.5503111697130876e+02	  4.5792053941326735e+01	
  3.3300000000000000e+03	 2.5351508258006936e+02	  9.6051577310155494e+01	
  3.3600000000000000e+03	 2.5179123638361119e+02	  1.2594024094594664e+02	
  3.3900000000000000e+03	 2.5423514684097245e+02	  1.6227541923664899e+02	
  3.4200000000000000e+03	 2.5544730003465227e+02	  1.8078682101150019e+02	
  3.4500000000000000e+03	 2.5723884630608455e+02	  2.2632054737082456e+02	
  3.4800000000000000e+03	 2.5474237460063716e+02	  2.5325409089596431e+02	
  3.5100000000000000e+03	 2.6357309756062790e+02	  2.8305908397810214e+02	
  3.5400000000000000e+03	 2.7142953215844750e+02	  3.1142368970687846e+02	
  3.5700000000000000e+03	 2.6917546279605051e+02	  3.5399822814382441e+02	
  3.6000000000000000e+03	 2.7134554244497059e+02	  3.8308604854965830e+02	
  3.6300000000000000e+03	 2.7471541020476616e+02	  4.0502632058056690e+02	
  3.6600000000000000e+03	 2.7971835561084873e+02	  4.3068371520057781e+02	
  3.6900000000000000e+03	 2.8166287917408408e+02	  4.6674513592328594e+02	
  3.7200000000000000e+03	 2.7994421572376564e+02	  4.7024084299838381e+02	
  3.7500000000000000e+03	 2.8102359565552899e+02	  4.7189051119972061e+02	
  3.7800000000000000e+03	 2.8107948550063787e+02	  4.7386251582588301e+02	
  3.8100000000000000e+03	 2.8135635399051739e+02	  4.7367125160236418e+02	
  3.8400000000000000e+03	 2.8105401594982845e+02	  4.7372674828691356e+02	
  3.8700000000000000e+03	 2.8272628774951812e+02	  4.7332990204534843e+02	
  3.9000000000000000e+03	 2.8230835245715036e+02	  4.7317141040833326e+02	
  3.9300000000000000e+03	 2.8394890903957861e+02	  4.7257386142834184e+02	
  3.9600000000000000e+03	 2.8379596262605861e+02	  4.7274904121681442e+02	
  3.9900000000000000e+03	 2.9056546650996933e+02	  4.4965757581441079e+02	
  4.0200000000000000e+03	 2.9821086286821077e+02	  4.1800875604847874e+02	
  4.0500000000000000e+03	 3.0968821603648865e+02	  3.9488906818455621e+02	
  4.0800000000000000e+03	 3.1751027233595056e+02	  3.6708460029200000e+02	
  4.1100000000000000e+03	 3.3235025928887427e+02	  3.2447926499498948e+02	
  4.1400000000000000e+03	 3.5077600150347683e+02	  2.8468457965490597e+02	
  4.1700000000000000e+03	 3.5964439412272401e+02	  2.5006683791602356e+02	
  4.2000000000000000e+03	 3.7349583332834931e+02	  2.0580309693889410e+02	
  4.2300000000000000e+03	 3.9206576619016971e+02	  1.6146979379206738e+02	
  4.2600000000000000e+03	 4.0032635137693904e+02	  1.3880705008530120e+02	
  4.2900000000000000e+03	 4.1784844041299732e+02	  9.9229543520838831e+01	
  4.3200000000000000e+03	 4.2101262148663335e+02	  7.5799389823473987e+01	
  4.3500000000000000e+03	 4.3861360343603184e+02	  3.9823680403032931e+01	
  4.3800000000000000e+03	 4.4736238284135408e+02	  2.1494558140757729e+01	
  4.4100000000000000e+03	 4.6348502933660995e+02	  -1.9449455234206841e+01	
  4.4400000000000000e+03	 4.8501915306078490e+02	  -6.6341136453919759e+01	
  4.4700000000000000e+03	 5.0236322687634663e+02	  -1.0098731967196694e+02	
  4.5000000000000000e+03	 5.1311428349559424e+02	  -1.1657666739867345e+02	
  4.5300000000000000e+03	 5.1940216587395321e+02	  -1.4029637567234064e+02	
  4.5600000000000000e+03	 5.2649006517622831e+02	  -1.6650103541858249e+02	
  4.5900000000000000e+03	 5.3444472260289672e+02	  -1.8873886218310997e+02	
  4.6200000000000000e+03	 5.4626731657223513e+02	  -2.1403352265826223e+02	
  4.6500000000000000e+03	 5.6537711586166427e+02	  -2.5773451764541585e+02	
  4.6800000000000000e+03	 5.7495060959563386e+02	  -2.9507604001597281e+02	
  4.7100000000000000e+03	 5.8535112381041449e+02	  -3.2046293170833144e+02	
  4.7400000000000000e+03	 6.0225918664499807e+02	  -3.6265135688504250e+02	
  4.7700000000000000e+03	 6.0846222904493561e+02	  -3.8234432273708404e+02	
  4.8000000000000000e+03	 6.2243861950892551e+02	  -4.1751618509414135e+02	
  4.8300000000000000e+03	 6.3166839559680432e+02	  -4.4441843786990262e+02	
  4.8600000000000000e+03	 6.5079949306136348e+02	  -4.7277393073353994e+02	
  4.8900000000000000e+03	 6.6683317253747714e+02	  -5.0756461252595994e+02	
  4.9200000000000000e+03	 6.8103645305613861e+02	  -5.4158363004441333e+02	
  4.9500000000000000e+03	 6.9092053648265312e+02	  -5.6719835990060892e+02	
  4.9800000000000000e+03	 7.0645024584372266e+02	  -6.0266686400273397e+02	
  5.0100000000000000e+03	 7.2017936495190088e+02	  -6.4669048659048690e+02	
  5.0400000000000000e+03	 7.4251418839833264e+02	  -6.8802831734453196e+02	
  5.0700000000000000e+03	 7.5021617761325331e+02	  -7.0532467806491172e+02	
  5.1000000000000000e+03	 7.6149647999320189e+02	  -7.3238630846851140e+02	
  5.1300000000000000e+03	 7.7987566682342549e+02	  -7.7292935176974993e+02	
  5.1600000000000000e+03	 7.7825614204041608e+02	  -7.7109024852356299e+02	
  5.1900000000000000e+03	 7.7738169315460652e+02	  -7.7299442573204590e+02	
  5.2200000000000000e+03	 7.7819292363276861e+02	  -7.7293442953526198e+02	
  5.2500000000000000e+03	 7.7622341877724057e+02	  -7.7232767878479831e+02	
  5.2800000000000000e+03	 7.7471549352261343e+02	  -7.7242062210604649e+02	
  5.3100000000000000e+03	 7.7300856798253392e+02	  -7.7310439686846212e+02	
  5.3400000000000000e+03	 7.5782755174959561e+02	  -7.4515942555641880e+02	
  5.3700000000000000e+03	 7.4185485866218050e+02	  -7.2271082416675722e+02	
  5.4000000000000000e+03	 7.2353194577960903e+02	  -6.9554739540539072e+02	
  5.4300000000000000e+03	 6.9567737215972670e+02	  -6.5494552819151852e+02	
  5.4600000000000000e+03	 6.7317247947719352e+02	  -6.1623068480986524e+02	
  5.4900000000000000e+03	 6.6300580398151737e+02	  -5.9920702964229042e+02	
  5.5200000000000000e+03	 6.4536362681444507e+02	  -5.7122863724643526e+02	
  5.5500000000000000e+03	 6.2926808871456899e+02	  -5.3782725372052312e+02	
  5.5800000000000000e+03	 6.1591768434439155e+02	  -5.0714909875846860e+02	
  5.6100000000000000e+03	 6.0449901670468716e+02	  -4.7910901284643717e+02	
  5.6400000000000000e+03	 5.7717475128730882e+02	  -4.4061036450783138e+02	
  5.6700000000000000e+03	 5.6265192617511229e+02	  -4.1043697496851388e+02	
  5.7000000000000000e+03	 5.3933440003711371e+02	  -3.6620865324114550e+02	
  5.7300000000000000e+03	 5.2400737840398870e+02	  -3.4201666445888338e+02	
  5.7600000000000000e+03	 5.0370841153916672e+02	  -3.1357170176023232e+02	
  5.7900000000000000e+03	 4.8459832892096853e+02	  -2.8626936396974423e+02	
  5.8200000000000000e+03	 4.7010118047248648e+02	  -2.6116307405913574e+02	
  5.8500000000000000e+03	 4.4780719648087143e+02	  -2.2670113589697399e+02	
  5.8800000000000000e+03	 4.3586778925132552e+02	  -2.0486516970178070e+02	
  5.9100000000000000e+03	 4.1908806910115936e+02	  -1.7027684052112332e+02	
  5.9400000000000000e+03	 4.0292276025721839e+02	  -1.3603537134188343e+02	
  5.9700000000000000e+03	 3.8268908936505585e+02	  -9.7122871583153412e+01	
  6.0000000000000000e+03	 3.6008266871517196e+02	  -5.4338117217986706e+01	
  6.0300000000000000e+03	 3.3197480348572947e+02	  -1.0986623939516534e+01	
  6.0600000000000000e+03	 3.0753809218543438e+02	  2.0095569194131514e+01	
  6.0900000000000000e+03	 2.9967269885082112e+02	  3.6699196065079192e+01	
  6.1200000000000000e+03	 2.7872995519578581e+02	  6.6338721260605041e+01	
  6.1500000000000000e+03	 2.5707031752900815e+02	  1.0790700447914742e+02	
  6.1800000000000000e+03	 2.4108942595901979e+02	  1.3529516828604557e+02	
  6.2100000000000000e+03	 2.1892838830572845e+02	  1.6642313259590890e+02	
  6.2400000000000000e+03	 2.0022774286975033e+02	  1.9970971393660346e+02	
  6.2700000000000000e+03	 1.8434961996558476e+02	  2.1868618349775332e+02	
  6.3000000000000000e+03	 1.6620028959380832e+02	  2.5589350835104295e+02	
  6.3300000000000000e+03	 1.4636206752268646e+02	  2.8926544996435081e+02	
  6.3600000000000000e+03	 1.2466230445845360e+02	  3.2667730092771217e+02	
  6.3900000000000000e+03	 1.0901260976861526e+02	  3.5347512686162304e+02	
  6.4200000000000000e+03	 9.1157000746949365e+01	  3.9056487427344558e+02	
  6.4500000000000000e+03	 6.3182759766137707e+01	  4.2680942625289583e+02	
  6.4800000000000000e+03	 1.0248327405455369e+02	  4.0098909390281244e+02	
  6.5100000000000000e+03	 1.2649007861394428e+02	  3.9171471939212341e+02	
  6.5400000000000000e+03	 1.6759530323397652e+02	  3.6922362929617816e+02	
  6.5700000000000000e+03	 2.0560824399668715e+02	  3.4450758692326554e+02	
  6.6000000000000000e+03	 2.2827981135682742e+02	  3.3053328563213745e+02	
  6.6300000000000000e+03	 2.6608548580413463e+02	  3.0469959838047004e+02	
  6.6600000000000000e+03	 2.9165538189739692e+02	  2.8171108245744193e+02	
  6.6900000000000000e+03	 3.0768417423921727e+02	  2.6368287537270561e+02	
  6.7200000000000000e+03	 3.2995056434945860e+02	  2.5413650143382688e+02	
  6.7500000000000000e+03	 3.5505981103549232e+02	  2.4151096201144219e+02	
  6.7800000000000000e+03	 3.8487392791664502e+02	  2.2442414212010954e+02	
  6.8100000000000000e+03	 4.0583812154818423e+02	  2.0775535165459289e+02	
  6.8400000000000000e+03	 4.2452080024916137e+02	  1.9131014190868621e+02	
  6.8700000000000000e+03	 4.4370572785763761e+02	  1.8033888235281020e+02	
  6.9000000000000000e+03	 4.7627090963805335e+02	  1.5388865527763667e+02	
  6.9300000000000000e+03	 5.1756228990635736e+02	  1.3090504257136621e+02	
  6.9600000000000000e+03	 5.4792874228790220e+02	  1.0844797648282659e+02	
  6.9900000000000000e+03	 5.1497270294853865e+02	  1.1813749459401048e+02	
  7.0200000000000000e+03	 4.8538739254376026e+02	  1.2606495096020035e+02	
  7.0500000000000000e+03	 4.4305695092879319e+02	  1.3722546208408374e+02	
  7.0800000000000000e+03	 4.6100665361045924e+02	  1.5379579003502536e+02	
  7.1100000000000000e+03	 4.8149007959255329e+02	  1.7942594490714103e+02	
  7.1400000000000000e+03	 5.0137390021635957e+02	  2.0830039629162439e+02	
  7.1700000000000000e+03	 5.3181879608832230e+02	  2.4444153259395654e+02	
  7.2000000000000000e+03	 5.4702908762055085e+02	  2.6866739533841599e+02	
  7.2300000000000000e+03	 5.6868220049535228e+02	  2.9141155489767868e+02	
  7.2600000000000000e+03	 6.0408486116402207e+02	  3.2790883037437231e+02	
  7.2900000000000000e+03	 6.1976992062680586e+02	  3.4965881102366899e+02	
  7.3200000000000000e+03	 6.5291348318430585e+02	  3.7754562745627379e+02	
  7.3500000000000000e+03	 6.8399554942553300e+02	  4.0832073725688218e+02	
  7.3800000000000000e+03	 7.1047311874757270e+02	  4.3381470179595811e+02	
  7.4100000000000000e+03	 7.3887100777482226e+02	  4.5708204943188514e+02	
  7.4400000000000000e+03	 7.6354351685139136e+02	  4.7866565419756051e+02	
  7.4700000000000000e+03	 7.1935783978390646e+02	  4.7980292846347322e+02	
  7.5000000000000000e+03	 6.9285087250061281e+02	  4.7256682527099633e+02	
  7.5300000000000000e+03	 6.4529372098398710e+02	  4.6826215939827301e+02	
  7.5600000000000000e+03	 6.0900984800915774e+02	  4.6161951784210839e+02	
  7.5900000000000000e+03	 5.7290137736557415e+02	  4.6170500160003547e+02	
  7.6200000000000000e+03	 5.4586248854295468e+02	  4.5680057021528887e+02	
  7.6500000000000000e+03	 5.0150409582629828e+02	  4.4937234209629116e+02	
  7.6800000000000000e+03	 4.7227248926310807e+02	  4.4713645874148943e+02	
  7.7100000000000000e+03	 4.4650429995798038e+02	  4.4869607333981946e+02	
  7.7400000000000000e+03	 4.1597266188437857e+02	  4.4241103152535186e+02	
  7.7700000000000000e+03	 3.8667900686023472e+02	  4.3665120295399083e+02	
  7.8000000000000000e+03	 3.4592709169276247e+02	  4.2994829200117090e+02	
  7.8300000000000000e+03	 2.9934284171155127e+02	  4.2824411532945140e+02	
  7.8600000000000000e+03	 2.5295108806393674e+02	  4.2763668971600879e+02	
  7.8900000000000000e+03	 2.1403228911380620e+02	  4.2724717324841276e+02	
  7.9200000000000000e+03	 1.7943541119147790e+02	  4.2688829548996614e+02	
  7.9500000000000000e+03	 1.4179855286982885e+02	  4.2619030042497434e+02	
  7.9800000000000000e+03	 1.1901815155391020e+02	  4.2896664369111272e+02	
  8.0100000000000000e+03	 7.7952129322224977e+01	  4.2362522921726725e+02	
  8.0400000000000000e+03	 4.1107155932578024e+01	  4.1596995170498309e+02	
  8.0700000000000000e+03	 3.1559177460876953e-01	  4.1083988847848900e+02	
  8.1000000000000000e+03	 -2.4532202861988257e+01	  4.0644320545638652e+02	
  8.1300000000000000e+03	 -6.4188782986838561e+01	  3.9966995131614345e+02	
  8.1600000000000000e+03	 -9.1146394498280344e+01	  3.9608886644344710e+02	
  8.1900000000000000e+03	 -1.2034298840262852e+02	  3.9113979390686075e+02	
  8.2200000000000000e+03	 -1.6054269699092129e+02	  3.9221894649050881e+02	
  8.2500000000000000e+03	 -2.1431945519464014e+02	  3.9042477297237997e+02	
  8.2800000000000000e+03	 -2.3905679659300750e+02	  3.9394744249865914e+02	
  8.3100000000000000e+03	 -2.7564741959707112e+02	  3.9173477569896016e+02	
  8.3400000000000000e+03	 -3.1163109497016524e+02	  3.8747088428200675e+02	
  8.3700000000000000e+03	 -3.4801562675226461e+02	  3.8152533647000109e+02	
  8.4000000000000000e+03	 -3.7622446328760100e+02	  3.8155718620935522e+02	
  8.4300000000000000e+03	 -4.1378746105620866e+02	  3.7849783944645458e+02	
  8.4600000000000000e+03	 -4.4910824596902290e+02	  3.8028666952338233e+02	
  8.4900000000000000e+03	 -4.8093499010062362e+02	  3.7555625084546023e+02	
  8.5200000000000000e+03	 -5.1936005311650945e+02	  3.7573708249241321e+02	
  8.5500000000000000e+03	 -5.5350637292270812e+02	  3.7064961981441417e+02	
  8.5800000000000000e+03	 -5.9575510879308240e+02	  3.7238658794121892e+02	
  8.6100000000000000e+03	 -6.2791740411086766e+02	  3.6694247030699478e+02	
  8.6400000000000000e+03	 -6.6652660928555304e+02	  3.6952396500685973e+02	
  8.6700000000000000e+03	 -7.1242168783406044e+02	  3.6741255752951088e+02	
  8.7000000000000000e+03	 -7.1306501443066179e+02	  3.6857509990934830e+02	
  8.7300000000000000e+03	 -6.9251354697966053e+02	  3.6325036671796187e+02	
  8.7600000000000000e+03	 -6.5616570888600006e+02	  3.5968150297239140e+02	
  8.7900000000000000e+03	 -6.1893085327542917e+02	  3.5647321685553612e+02	
  8.8200000000000000e+03	 -5.8854290092872725e+02	  3.4837077175771907e+02	
  8.8500000000000000e+03	 -5.6664857950683745e+02	  3.4627356624052209e+02	
  8.8800000000000000e+03	 -5.4905357995905445e+02	  3.4721354482849767e+02	
  8.9100000000000000e+03	 -4.9783269318780395e+02	  3.4199717785967050e+02	
  8.9400000000000000e+03	 -4.7339024179061994e+02	  3.3664704666036289e+02	
  8.9700000000000000e+03	 -4.3516098579058360e+02	  3.3616003736694455e+02	
  9.0000000000000000e+03	 -4.1381457128178147e+02	  3.3391590467129339e+02	
  9.0300000000000000e+03	 -3.9604335889247727e+02	  3.2668283709678190e+02	
  9.0600000000000000e+03	 -3.7741784902330022e+02	  3.2834552915689449e+02	
  9.0900000000000000e+03	 -3.5193263654244032e+02	  3.2693198720301115e+02	
  9.1200000000000000e+03	 -3.1878347487469358e+02	  3.1855533130694016e+02	
  9.1500000000000000e+03	 -2.8990320697287950e+02	  3.1864852867145311e+02	
  9.1800000000000000e+03	 -2.3713299420232352e+02	  3.1594687156653987e+02	
  9.2100000000000000e+03	 -1.9923057794953294e+02	  3.1591843818494709e+02	
  9.2400000000000000e+03	 -1.6952428844646241e+02	  3.1609717856961225e+02	
  9.2700000000000000e+03	 -1.2554105033957086e+02	  3.0563224626725548e+02	
  9.3000000000000000e+03	 -8.7447624477872068e+01	  3.0269451313676177e+02	
  9.3300000000000000e+03	 -4.6527565581646911e+01	  2.9977557925555089e+02	
  9.3600000000000000e+03	 -1.5901978330058235e+01	  2.9949273235047730e+02	
  9.3900000000000000e+03	 1.6510117392375939e+01	  2.9773876196166424e+02	
  9.4200000000000000e+03	 4.1652909291662063e+01	  2.9547258492797329e+02	
  9.4500000000000000e+03	 8.3631016577114593e+01	  2.8575438962537061e+02	
  9.4800000000000000e+03	 1.3087282929128810e+02	  2.7773337751437987e+02	
  9.5100000000000000e+03	 1.6331078501370436e+02	  2.7601872961218055e+02	
  9.5400000000000000e+03	 1.9130855058145107e+02	  2.6958254344242329e+02	
  9.5700000000000000e+03	 2.3384490802663470e+02	  2.6564472414672485e+02	
  9.6000000000000000e+03	 2.6535199510525553e+02	  2.5493509428563254e+02	
  9.6300000000000000e+03	 2.8565761802076599e+02	  2.5104941446337739e+02	
  9.6600000000000000e+03	 2.8678785014617904e+02	  2.5025640379790411e+02	
  9.6900000000000000e+03	 2.8576408399718900e+02	  2.5028314965146552e+02	
  9.7200000000000000e+03	 2.8480054600622515e+02	  2.4997516135771039e+02	
  9.7500000000000000e+03	 2.8504426763038384e+02	  2.5022190867014069e+02	
  9.7800000000000000e+03	 2.4943346444455472e+02	  2.5585420740881523e+02	
  9.8100000000000000e+03	 2.0748927618058059e+02	  2.6445740794030269e+02	
  9.8400000000000000e+03	 1.7337641656734155e+02	  2.7204629930902189e+02	
  9.8700000000000000e+03	 1.5361733353340480e+02	  2.8180795129015405e+02	
  9.9000000000000000e+03	 1.2855237498315532e+02	  2.9147165577723604e+02	
  9.9300000000000000e+03	 9.8440247399593702e+01	  3.0472562825576853e+02	
  9.9600000000000000e+03	 6.5700860788225299e+01	  3.1745851097511633e+02	
  9.9900000000000000e+03	 2.9955126497052056e+01	  3.2921744997911094e+02	
  1.0020000000000000e+04	 -1.7545542865301734e+01	  3.3819757684643037e+02	
  1.0050000000000000e+04	 -4.4040685496356325e+01	  3.4332250794667743e+02	
  1.0080000000000000e+04	 -8.5884596788396962e+01	  3.5186102785210369e+02	
  1.0110000000000000e+04	 -1.0279908080660334e+02	  3.5911704677529781e+02	
  1.0140000000000000e+04	 -1.4663823362309313e+02	  3.7110898251045319e+02	
  1.0170000000000000e+04	 -1.8616115943622151e+02	  3.8486754627991053e+02	
  1.0200000000000000e+04	 -2.2839144290422882e+02	  3.9723407477499563e+02	
  1.0230000000000000e+04	 -2.5111530266524375e+02	  4.0201282200645193e+02	
  1.0260000000000000e+04	 -2.8036808529188596e+02	  4.0775416913285403e+02	
  1.0290000000000000e+04	 -3.1814578361769691e+02	  4.1984656874391396e+02	
  1.0320000000000000e+04	 -3.5767885591928797e+02	  4.3281729503081391e+02	
  1.0350000000000000e+04	 -3.9081466551508248e+02	  4.3780377002224787e+02	
  1.0380000000000000e+04	 -4.1620234631159099e+02	  4.4988691038308292e+02	
  1.0410000000000000e+04	 -4.4836360709275573e+02	  4.5687246826766005e+02	
  1.0440000000000000e+04	 -4.7070477186110867e+02	  4.6673510409006008e+02	
  1.0470000000000000e+04	 -5.0703676113184628e+02	  4.7249925470605012e+02	
  1.0500000000000000e+04	 -5.3177894302457128e+02	  4.7599891791996231e+02	
  1.0530000000000000e+04	 -5.7100565780032105e+02	  4.8728489577324950e+02	
  1.0560000000000000e+04	 -6.1827970186018979e+02	  4.9765373885240621e+02	
  1.0590000000000000e+04	 -6.5445086886960871e+02	  5.1206318144426132e+02	
  1.0620000000000000e+04	 -7.0089575834542950e+02	  5.2361545844396971e+02	
  1.0650000000000000e+04	 -7.4045515316138551e+02	  5.3474880454296988e+02	
  1.0680000000000000e+04	 -7.5296335241037627e+02	  5.4132887206094733e+02	
  1.0710000000000000e+04	 -7.5134166391951271e+02	  5.4185510593555409e+02	
  1.0740000000000000e+04	 -7.5247144532224024e+02	  5.4311001443406519e+02	
  1.0770000000000000e+04	 -7.5310878220337065e+02	  5.4485054298235616e+02	
  1.0800000000000000e+04	 -7.5434112938228827e+02	  5.4522557540757577e+02	
  1.0830000000000000e+04	 -7.1868482028870903e+02	  5.2344904870360074e+02	
  1.0860000000000000e+04	 -6.8456348981234237e+02	  5.0313786518268142e+02	
  1.0890000000000000e+04	 -6.6262206617377922e+02	  4.9195326308592570e+02	
  1.0920000000000000e+04	 -6.2473055051429321e+02	  4.7200747582568948e+02	
  1.0950000000000000e+04	 -6.0958198260422546e+02	  4.6144441308478434e+02	
  1.0980000000000000e+04	 -5.7142369410383708e+02	  4.3643135774185168e+02	
  1.1010000000000000e+04	 -5.4021128839272603e+02	  4.1950849853915474e+02	
  1.1040000000000000e+04	 -5.1319108740795502e+02	  4.0115889979938521e+02	
  1.1070000000000000e+04	 -4.8803910626166243e+02	  3.9202923389475757e+02	
  1.1100000000000000e+04	 -4.5745736544632382e+02	  3.7641907744059489e+02	
  1.1130000000000000e+04	 -4.3838363785388492e+02	  3.6644594201430306e+02	
  1.1160000000000000e+04	 -3.9653139063589913e+02	  3.4612322909955924e+02	
  1.1190000000000000e+04	 -3.6423624766163397e+02	  3.2391469209384422e+02	
  1.1220000000000000e+04	 -3.2451377566046159e+02	  3.0029921648481286e+02	
  1.1250000000000000e+04	 -2.9890731270178560e+02	  2.8285348141133386e+02	
  1.1280000000000000e+04	 -2.7134495060777232e+02	  2.7034791380568441e+02	
  1.1310000000000000e+04	 -2.3163498892086977e+02	  2.4503785318193385e+02	
  1.1340000000000000e+04	 -1.9703206733803506e+02	  2.2741323784103696e+02	
  1.1370000000000000e+04	 -1.6727642477352603e+02	  2.1338007773960021e+02	
  1.1400000000000000e+04	 -1.2567609694627622e+02	  1.9184979336939404e+02	
  1.1430000000000000e+04	 -8.7833754530371181e+01	  1.6464352136797845e+02	
  1.1460000000000000e+04	 -5.1653843520071796e+01	  1.4756088448709920e+02	
  1.1490000000000000e+04	 -1.4988900787087132e+01	  1.2617311954204105e+02	
  1.1520000000000000e+04	 5.9069449538021885e+00	  1.1180828796340241e+02	
  1.1550000000000000e+04	 3.1808578701860757e+01	  9.8433425049666596e+01	
  1.1580000000000000e+04	 5.8650829980210624e+01	  7.7281797862628011e+01	
  1.1610000000000000e+04	 7.9185500925623330e+01	  5.9249401760459733e+01	
  1.1640000000000000e+04	 1.2261146871259960e+02	  4.1879797839567161e+01	
  1.1670000000000000e+04	 1.6836154478277871e+02	  2.1491981782762217e+01	
  1.1700000000000000e+04	 1.8758152981280494e+02	  6.9401647410567069e+00	
  1.1730000000000000e+04	 2.1022970429338960e+02	  -6.3531990530188036e+00	
  1.1760000000000000e+04	 2.2575112915150396e+02	  -1.5970328956968876e+01	
  1.1790000000000000e+04	 2.6814911906469666e+02	  -3.2223031975568354e+01	
  1.1820000000000000e+04	 3.0390732182781272e+02	  -4.6256813143558013e+01	
  1.1850000000000000e+04	 3.3802522122613368e+02	  -6.5809884807005744e+01	
  1.1880000000000000e+04	 3.8014339677699013e+02	  -8.9372234071164797e+01	
  1.1910000000000000e+04	 4.0559616116631628e+02	  -1.1006141945850895e+02	
  1.1940000000000000e+04	 4.0379686643957342e+02	  -1.1066920204619029e+02	
  1.1970000000000000e+04	 4.0323482582951959e+02	  -6.2683340564573570e+01	
  1.2000000000000000e+04	 4.0374094319607161e+02	  -3.3452077989737091e+01	
  1.2030000000000000e+04	 4.0043708807690973e+02	  9.7866292317155796e+00	
  1.2060000000000000e+04	 4.0248304370401632e+02	  5.1285798694242921e+01	
  1.2090000000000000e+04	 4.0095471357459854e+02	  8.4732337139908310e+01	
  1.2120000000000000e+04	 4.0395423382386190e+02	  1.1949747545054353e+02	
  1.2150000000000000e+04	 3.6152594220310152e+02	  1.0583267425286705e+02	
  1.2180000000000000e+04	 3.3047023823415992e+02	  9.3694386667990983e+01	
  1.2210000000000000e+04	 2.9773685510360394e+02	  8.0848340290714944e+01	
  1.2240000000000000e+04	 2.9407908027889744e+02	  7.5087424940417918e+01	
  1.2270000000000000e+04	 2.9223341655954579e+02	  7.3211858321896784e+01	
  1.2300000000000000e+04	 2.9239976236217984e+02	  7.1409369982898269e+01	
  1.2330000000000000e+04	 2.9132077157432929e+02	  7.0386935105716873e+01	
  1.2360000000000000e+04	 2.9279987973737855e+02	  7.1968392782963676e+01	
  1.2390000000000000e+04	 2.9295853541311931e+02	  7.2486121156634297e+01	
  1.2420000000000000e+04	 2.5231713308752691e+02	  6.3484802845465055e+01	
  1.2450000000000000e+04	 2.3517511023474745e+02	  5.8940344889783418e+01	
  1.2480000000000000e+04	 2.0038004710411067e+02	  5.0460856630932028e+01	
  1.2510000000000000e+04	 1.6448914528037986e+02	  4.9200224009794603e+01	
  1.2540000000000000e+04	 1.2352999410482238e+02	  3.8913303048859220e+01	
  1.2570000000000000e+04	 9.7102899582636581e+01	  3.5412914222924279e+01	
  1.2600000000000000e+04	 5.9232768770107803e+01	  3.2489538320340024e+01	
  1.2630000000000000e+04	 2.4791477378860534e+01	  2.7410399808247202e+01	
  1.2660000000000000e+04	 -8.7205573365621660e+00	  2.5884188701065803e+01	
  1.2690000000000000e+04	 -5.0832080016214732e+01	  2.0941998846938294e+01	
  1.2720000000000000e+04	 -9.8521295634246144e+01	  1.3399786068778113e+01	
  1.2750000000000000e+04	 -1.2992923042676324e+02	  3.8102872884531394e+00	
  1.2780000000000000e+04	 -1.6827661649816110e+02	  -6.5316178835120908e+00	
  1.2810000000000000e+04	 -2.0861950175591497e+02	  -1.7950648267940874e+01	
  1.2840000000000000e+04	 -2.4693904753190552e+02	  -2.7811029311398332e+01	
  1.2870000000000000e+04	 -2.9786107653074015e+02	  -3.8502855913347034e+01	
  1.2900000000000000e+04	 -3.3370098294138597e+02	  -4.4460771162537242e+01	
  1.2930000000000000e+04	 -3.5104857639004831e+02	  -4.6769026830489821e+01	
  1.2960000000000000e+04	 -3.8118353884491529e+02	  -4.9507350740722188e+01	
  1.2990000000000000e+04	 -3.9779556366584393e+02	  -9.6317202502198228e+01	
  1.3020000000000000e+04	 -4.1680322714439916e+02	  -1.4784159257415743e+02	
  1.3050000000000000e+04	 -4.3063103595993800e+02	  -1.8082752188199248e+02	
  1.3080000000000000e+04	 -4.4633563458910010e+02	  -2.2189381899343735e+02	
  1.3110000000000000e+04	 -4.5768804499675531e+02	  -2.6520683983857492e+02	
  1.3140000000000000e+04	 -4.6169305806125749e+02	  -2.8844998578982296e+02	
  1.3170000000000000e+04	 -4.6941250300888709e+02	  -3.2693805922557891e+02	
  1.3200000000000000e+04	 -4.7752719722206967e+02	  -3.5952488444570679e+02	
  1.3230000000000000e+04	 -4.9331138282239664e+02	  -3.9463010090053206e+02	
  1.3260000000000000e+04	 -5.0647445711957261e+02	  -4.3439400691503556e+02	
  1.3290000000000000e+04	 -4.7704545526229253e+02	  -4.3614598863051646e+02	
  1.3320000000000000e+04	 -4.3184217223088626e+02	  -4.4314394999267444e+02	
  1.3350000000000000e+04	 -3.9077977173057604e+02	  -4.4686805962217153e+02	
  1.3380000000000000e+04	 -3.3904231896391070e+02	  -4.5581041665092954e+02	
  1.3410000000000000e+04	 -3.1004574390725998e+02	  -4.5695239434729666e+02	
  1.3440000000000000e+04	 -2.7924903234786700e+02	  -4.5845463796439003e+02	
  1.3470000000000000e+04	 -2.3820672390937102e+02	  -4.6085576854721955e+02	
  1.3500000000000000e+04	 -1.9660304842745717e+02	  -4.6938935249108317e+02	
  1.3530000000000000e+04	 -1.4707089568303550e+02	  -4.7357456682406939e+02	
  1.3560000000000000e+04	 -1.1496807662830901e+02	  -4.7873313005540007e+02	
  1.3590000000000000e+04	 -9.6967521580816751e+01	  -4.8067685778354746e+02	
  1.3620000000000000e+04	 -5.7684466365518745e+01	  -4.8711493001142958e+02	
  1.3650000000000000e+04	 -3.1611626289042135e+01	  -4.8851924663361143e+02	
  1.3680000000000000e+04	 3.7294914218481168e-01	  -4.8842462332083943e+02	
  1.3710000000000000e+04	 4.2775796351595602e+01	  -4.9085589374924314e+02	
  1.3740000000000000e+04	 7.0232552956772977e+01	  -4.9102776334519524e+02	
  1.3770000000000000e+04	 1.0423561427186711e+02	  -4.9727744667939595e+02	
  1.3800000000000000e+04	 1.5268655191663331e+02	  -5.0011608422152722e+02	
  1.3830000000000000e+04	 1.7622447954446972e+02	  -5.0310824359590299e+02	
  1.3860000000000000e+04	 2.0526732865007176e+02	  -5.0261073389994118e+02	
  1.3890000000000000e+04	 2.4139885759842011e+02	  -5.0521791493137306e+02	
  1.3920000000000000e+04	 2.6909630527530067e+02	  -5.0827933986353986e+02	
  1.3950000000000000e+04	 3.1073300069251457e+02	  -5.0948293309211596e+02	
  1.3980000000000000e+04	 3.4947187236437901e+02	  -5.1856876531050125e+02	
  1.4010000000000000e+04	 3.9011757282417159e+02	  -5.2441205029749835e+02	
  1.4040000000000000e+04	 4.3441910357085374e+02	  -5.3254351472401765e+02	
  1.4070000000000000e+04	 4.6098016230909860e+02	  -5.3850689123790949e+02	
  1.4100000000000000e+04	 4.9457448679861488e+02	  -5.4241006898300509e+02	
  1.4130000000000000e+04	 5.3285129599977154e+02	  -5.4767951426168997e+02	
  1.4160000000000000e+04	 5.6064151646670746e+02	  -5.4698901211169493e+02	
  1.4190000000000000e+04	 6.0631877940253423e+02	  -5.5649045578808034e+02	
  1.4220000000000000e+04	 6.3375136965563991e+02	  -5.6147146788924624e+02	
  1.4250000000000000e+04	 6.3282763942005795e+02	  -5.5963427465752125e+02	
  1.4280000000000000e+04	 6.3295447705687548e+02	  -5.5912699478896195e+02	
  1.4310000000000000e+04	 6.3180296569286531e+02	  -5.5740435040777527e+02	
  1.4340000000000000e+04	 6.3127899251685324e+02	  -5.5870524963213086e+02	
  1.4370000000000000e+04	 6.3051655140651758e+02	  -5.5935455096339751e+02	
  1.4400000000000000e+04	 6.3218844604614378e+02	  -5.6042914065914670e+02	
  1.4430000000000000e+04	 6.3359159418688103e+02	  -5.6090994725501685e+02	
  1.4460000000000000e+04	 6.3252003350651728e+02	  -5.5993334544937466e+02	
  1.4490000000000000e+04	 6.2566121101103693e+02	  -5.3755959773592099e+02	
  1.4520000000000000e+04	 6.1656628961301431e+02	  -4.9515877396621181e+02	
  1.4550000000000000e+04	 6.0028949938453502e+02	  -4.5571416602980219e+02	
  1.4580000000000000e+04	 5.9184379468629504e+02	  -4.3285051365214980e+02	
  1.4610000000000000e+04	 5.8521507862869021e+02	  -3.9899637904666565e+02	
  1.4640000000000000e+04	 5.7151625132359891e+02	  -3.5381286330749367e+02	
  1.4670000000000000e+04	 5.5299492389765112e+02	  -3.0738317887860001e+02	
  1.4700000000000000e+04	 5.3994582016724951e+02	  -2.8453283982991081e+02	
  1.4730000000000000e+04	 5.2873212153827296e+02	  -2.4058996755353843e+02	
  1.4760000000000000e+04	 5.1419514044000550e+02	  -2.0367769407053055e+02	
  1.4790000000000000e+04	 4.9655389408081868e+02	  -1.6093869539996419e+02	
  1.4820000000000000e+04	 4.8736392655053498e+02	  -1.2007037406651460e+02	
  1.4850000000000000e+04	 4.7339839760974877e+02	  -7.9055798539727732e+01	
  1.4880000000000000e+04	 4.5986201344720564e+02	  -4.9280108201894862e+01	
  1.4910000000000000e+04	 4.4404392248155204e+02	  -9.7121070286239544e+00	
  1.4940000000000000e+04	 4.3890677289737425e+02	  1.0088174920720661e+01	
  1.4970000000000000e+04	 4.3336187003573122e+02	  4.0379999142691446e+01	
  1.5000000000000000e+04	 4.2570836232583304e+02	  7.6930732328677266e+01	
  1.5030000000000000e+04	 4.1328942928264672e+02	  1.2325163593252942e+02	
  1.5060000000000000e+04	 4.0355936685528945e+02	  1.6562322555629018e+02	
  1.5090000000000000e+04	 3.8748119597905185e+02	  2.0116478114327276e+02	
  1.5120000000000000e+04	 3.6949754475547127e+02	  2.3989798445158164e+02	
  1.5150000000000000e+04	 3.6221675130564199e+02	  2.7127122601575070e+02	
  1.5180000000000000e+04	 3.5769546889244845e+02	  2.9113079641272884e+02	
  1.5210000000000000e+04	 3.4040751896785036e+02	  3.3038773904062271e+02	
  1.5240000000000000e+04	 3.2613983782903534e+02	  3.7005969673440939e+02	
  1.5270000000000000e+04	 3.1443117895080621e+02	  3.9713106329442792e+02	
  1.5300000000000000e+04	 3.0429167916248457e+02	  4.2574172362406000e+02	
  1.5330000000000000e+04	 2.9137767732486191e+02	  4.6002117835355148e+02	
  1.5360000000000000e+04	 2.8554444591804395e+02	  4.8559408545716684e+02	
  1.5390000000000000e+04	 2.7927892520028331e+02	  5.0618478358568939e+02	
  1.5420000000000000e+04	 2.6652275082667904e+02	  5.3868099967032151e+02	
  1.5450000000000000e+04	 2.5961018531459541e+02	  5.8143891681180958e+02	
  1.5480000000000000e+04	 2.5296302111801259e+02	  6.0825702011968542e+02	
  1.5510000000000000e+04	 2.6250418699389985e+02	  5.8026703090361730e+02	
  1.5540000000000000e+04	 2.7056604998597408e+02	  5.4444582410000760e+02	
  1.5570000000000000e+04	 2.7256714619188926e+02	  5.1740842317340650e+02	
  1.5600000000000000e+04	 2.8111094423073303e+02	  4.8561533130568267e+02	
  1.5630000000000000e+04	 2.9046585738495094e+02	  4.4881598408334116e+02	
  1.5660000000000000e+04	 2.9320958570065153e+02	  4.1060947916088224e+02	
  1.5690000000000000e+04	 2.9706626402784724e+02	  3.8987553671882750e+02	
  1.5720000000000000e+04	 3.0767449496609532e+02	  3.6150955756039986e+02	
  1.5750000000000000e+04	 3.1694700920061092e+02	  3.3099128832821896e+02	
  1.5780000000000000e+04	 3.2701240474047995e+02	  3.0175159177508226e+02	
  1.5810000000000000e+04	 3.2800976746067386e+02	  2.7762991057493554e+02	
  1.5840000000000000e+04	 3.3236690687251098e+02	  2.3920715784998251e+02	
  1.5870000000000000e+04	 3.3534820472128678e+02	  2.0295523208105098e+02	
  1.5900000000000000e+04	 3.4500367384804946e+02	  1.6742504446184910e+02	
  1.5930000000000000e+04	 3.5496128067130013e+02	  1.2498516883415544e+02	
  1.5960000000000000e+04	 3.6487632545787693e+02	  8.8556816090067258e+01	
  1.5990000000000000e+04	 3.6056726164909787e+02	  6.2376901420650462e+01	
  1.6020000000000000e+04	 3.4509566506838519e+02	  1.7275245872482252e+01	
  1.6050000000000000e+04	 3.4168144234504831e+02	  -5.0118107180771432e+00	
  1.6080000000000000e+04	 3.2567216167268066e+02	  -5.0437317479516985e+01	
  1.6110000000000000e+04	 3.1928544950530517e+02	  -7.5453306249027179e+01	
  1.6140000000000000e+04	 3.1302565857664439e+02	  -9.8656919236335540e+01	
  1.6170000000000000e+04	 3.0786297960538184e+02	  -1.1976752092400156e+02	
  1.6200000000000000e+04	 3.0314655098140071e+02	  -1.5042565070467890e+02	
  1.6230000000000000e+04	 2.8906658192065692e+02	  -1.9057514777292923e+02	
  1.6260000000000000e+04	 2.8008032417873767e+02	  -2.1563952219622087e+02	
  1.6290000000000000e+04	 2.6917233572128407e+02	  -2.4415499810976937e+02	
  1.6320000000000000e+04	 2.6284692843163657e+02	  -2.6217601061596537e+02	
  1.6350000000000000e+04	 2.5364828659390224e+02	  -3.0297735126534178e+02	
  1.6380000000000000e+04	 2.6188996433588107e+02	  -2.8512008852204349e+02	
  1.6410000000000000e+04	 2.7621067243302974e+02	  -2.6328114277849932e+02	
  1.6440000000000000e+04	 2.9660938530957554e+02	  -2.1961607666331665e+02	
  1.6470000000000000e+04	 3.1029268250840164e+02	  -1.8944574179776259e+02	
  1.6500000000000000e+04	 3.1485024666593335e+02	  -1.6327321361456549e+02	
  1.6530000000000000e+04	 3.3239568802281048e+02	  -1.1899708531513541e+02	
  1.6560000000000000e+04	 3.4270702334184085e+02	  -8.8820993571360617e+01	
  1.6590000000000000e+04	 3.5710408289733107e+02	  -6.7121469167644676e+01	
  1.6620000000000000e+04	 3.6701611641833222e+02	  -2.9042622470598445e+01	
  1.6650000000000000e+04	 3.8819884793883716e+02	  1.4067601291742896e+01	
  1.6680000000000000e+04	 4.0259826838265599e+02	  3.8669131477736812e+01	
  1.6710000000000000e+04	 4.0906506506662191e+02	  6.8179675401521735e+01	
  1.6740000000000000e+04	 4.2149098460768465e+02	  9.8370887034132963e+01	
  1.6770000000000000e+04	 4.4046707456139046e+02	  1.3920478363507470e+02	
  1.6800000000000000e+04	 4.4150592090190548e+02	  1.4485203684547110e+02	
  1.6830000000000000e+04	 4.4256375112581992e+02	  1.4483887062234578e+02	
  1.6860000000000000e+04	 4.4123860541772842e+02	  1.4677065686696545e+02	
  1.6890000000000000e+04	 4.4131478516896919e+02	  1.4502991300891671e+02	
  1.6920000000000000e+04	 4.1092802464383163e+02	  1.3844275196089623e+02	
  1.6950000000000000e+04	 3.7864549465381742e+02	  1.2231431245319098e+02	
  1.6980000000000000e+04	 3.4874238487812147e+02	  1.1509555575275033e+02	
  1.7010000000000000e+04	 3.2364529441474883e+02	  1.0849810706661860e+02	
  1.7040000000000000e+04	 2.9776213704051679e+02	  9.5699816181096423e+01	
  1.7070000000000000e+04	 2.7394760046471021e+02	  8.6368989749831059e+01	
  1.7100000000000000e+04	 2.4746241559156539e+02	  8.0715635202068228e+01	
  1.7130000000000000e+04	 2.2611469808393721e+02	  7.5103165873787091e+01	
  1.7160000000000000e+04	 1.9661944363531154e+02	  6.0768059504197616e+01	
  1.7190000000000000e+04	 1.5430645501872863e+02	  4.3228307926914098e+01	
  1.7220000000000000e+04	 1.1683941553083829e+02	  3.2213513044993739e+01	
  1.7250000000000000e+04	 7.9143041197951305e+01	  1.7212162758163561e+01	
  1.7280000000000000e+04	 4.6890096725694626e+01	  4.4375409938808357e+00	
  1.7310000000000000e+04	 4.2881400920809014e+00	  -1.2612532371726333e+01	
  1.7340000000000000e+04	 -4.2419720048272822e+01	  -3.2726793111618733e+01	
  1.7370000000000000e+04	 -7.0952233097857359e+01	  -4.4683740161137088e+01	
  1.7400000000000000e+04	 -9.2052296623679780e+01	  -5.2634024104905116e+01	
  1.7430000000000000e+04	 -1.0082895928699236e+02	  -6.0647727895614366e+01	
  1.7460000000000000e+04	 -1.0264944447715752e+02	  -6.1563624189573581e+01	
  1.7490000000000000e+04	 -1.0346111467339739e+02	  -6.0556490726797136e+01	
  1.7520000000000000e+04	 -1.0521027114622333e+02	  -6.2416231724736832e+01	
  1.7550000000000000e+04	 -8.3585267986112484e+01	  -1.0388494327115036e+02	
  1.7580000000000000e+04	 -6.6288269043282895e+01	  -1.2609085942037981e+02	
  1.7610000000000000e+04	 -4.5658599796323415e+01	  -1.6262234376069796e+02	
  1.7640000000000000e+04	 -2.2250761218068206e+01	  -1.9733042786086324e+02	
  1.7670000000000000e+04	 -1.3687678007969717e+01	  -2.1059674805665006e+02	
  1.7700000000000000e+04	 2.3769177692090917e+00	  -2.3521100313279700e+02	
  1.7730000000000000e+04	 1.8127533218643556e+01	  -2.6517191275940326e+02	
  1.7760000000000000e+04	 3.9156791021389452e+01	  -3.0541831732437890e+02	
  1.7790000000000000e+04	 5.8191394463825056e+01	  -3.3468966372701618e+02	
  1.7820000000000000e+04	 7.4141102987648452e+01	  -3.6301345478934968e+02	
  1.7850000000000000e+04	 8.7355717625713055e+01	  -3.9122711963276845e+02	
  1.7880000000000000e+04	 1.0334838014503929e+02	  -4.1734297794137819e+02	
  1.7910000000000000e+04	 1.1703807580784380e+02	  -4.4567429282651324e+02	
  1.7940000000000000e+04	 1.3670801033740682e+02	  -4.7212906834505804e+02	
  1.7970000000000000e+04	 1.6399817635479880e+02	  -5.1304328466999766e+02	
  1.8000000000000000e+04	 1.7824377964716152e+02	  -5.3737220879580047e+02	
  1.8030000000000000e+04	 2.0623037801877851e+02	  -5.8155042006587314e+02	
  1.8060000000000000e+04	 2.2378369738506166e+02	  -6.1347707769651515e+02	
  1.8090000000000000e+04	 2.4634940149582172e+02	  -6.5311002640463482e+02	
  1.8120000000000000e+04	 2.7037736562413801e+02	  -6.9999559297226529e+02	
  1.8150000000000000e+04	 2.3446747040649868e+02	  -7.0264914377334946e+02	
  1.8180000000000000e+04	 1.8370215224208474e+02	  -6.9829330774263030e+02	
  1.8210000000000000e+04	 1.6094102251627726e+02	  -7.0233839249428866e+02	
  1.8240000000000000e+04	 1.4089403312832434e+02	  -7.0435314919950520e+02	
  1.8270000000000000e+04	 9.3641986885460099e+01	  -7.0756445102549640e+02	
  1.8300000000000000e+04	 6.9762660415823291e+01	  -7.0562719281306875e+02	
  1.8330000000000000e+04	 2.3666715349593865e+01	  -7.1019542222404675e+02	
  1.8360000000000000e+04	 -1.0991953795748572e+01	  -7.1235934427087182e+02	
  1.8390000000000000e+04	 -4.7932401818339791e+01	  -7.0810465115923546e+02	
  1.8420000000000000e+04	 -7.5253033729911380e+01	  -7.1234309391413217e+02	
  1.8450000000000000e+04	 -1.2449661570994196e+02	  -7.1546486450777593e+02	
  1.8480000000000000e+04	 -1.5642951268335042e+02	  -7.0990679646906005e+02	
  1.8510000000000000e+04	 -2.0786555164550759e+02	  -7.1151344437956050e+02	
  1.8540000000000000e+04	 -2.4519312453243265e+02	  -7.1480645909191230e+02	
  1.8570000000000000e+04	 -2.6617805044359022e+02	  -7.1515844859494450e+02	
  1.8600000000000000e+04	 -3.0675880551281045e+02	  -7.0960803739065034e+02	
  1.8630000000000000e+04	 -3.6034393823888865e+02	  -7.0644647492672766e+02	
  1.8660000000000000e+04	 -3.8768672685360929e+02	  -7.0307118977802406e+02	
  1.8690000000000000e+04	 -4.2861531889147727e+02	  -7.0048183883992704e+02	
  1.8720000000000000e+04	 -4.6747637234999002e+02	  -7.0112815267704389e+02	
  1.8750000000000000e+04	 -5.1036585039207546e+02	  -7.0536027065993460e+02	
  1.8780000000000000e+04	 -5.3976339239949266e+02	  -7.0344885062891865e+02	
  1.8810000000000000e+04	 -5.3866999402583474e+02	  -7.0321494298962182e+02	
  1.8840000000000000e+04	 -5.3929084965561378e+02	  -7.0243452075357675e+02	
  1.8870000000000000e+04	 -5.4038548030737263e+02	  -7.0176439901263780e+02	
  1.8900000000000000e+04	 -5.4237527752211201e+02	  -7.0247681997048312e+02	
  1.8930000000000000e+04	 -5.4173296908904001e+02	  -7.0208639843766980e+02	
  1.8960000000000000e+04	 -5.4136442971335362e+02	  -7.0267964217359452e+02	
  1.8990000000000000e+04	 -5.4225476759166781e+02	  -7.0332785719132107e+02	
  1.9020000000000000e+04	 -5.4257709079816493e+02	  -6.6566676570676850e+02	
  1.9050000000000000e+04	 -5.5145680770416311e+02	  -6.2390148204291359e+02	
  1.9080000000000000e+04	 -5.5233720094411422e+02	  -5.9136344778569253e+02	
  1.9110000000000000e+04	 -5.5220070868945629e+02	  -5.7047602509597448e+02	
  1.9140000000000000e+04	 -5.5942450792063403e+02	  -5.4764052485078105e+02	
  1.9170000000000000e+04	 -5.5948882780812494e+02	  -5.1940801125941493e+02	
  1.9200000000000000e+04	 -5.6567493690863023e+02	  -4.9551548534033049e+02	
  1.9230000000000000e+04	 -5.7059615985356402e+02	  -4.7495111752509933e+02	
  1.9260000000000000e+04	 -5.7113439072263941e+02	  -4.5157186631110613e+02	
  1.9290000000000000e+04	 -5.7760921282327433e+02	  -4.2566298110185591e+02	
  1.9320000000000000e+04	 -5.8327149050421792e+02	  -3.8603973186198925e+02	
  1.9350000000000000e+04	 -5.8621289384348040e+02	  -3.3420555709223106e+02	
  1.9380000000000000e+04	 -5.9164986007027915e+02	  -3.0989784296495384e+02	
  1.9410000000000000e+04	 -5.9980201932465195e+02	  -2.6650939600423169e+02	
  1.9440000000000000e+04	 -6.0609614918570082e+02	  -2.3122164882829890e+02	
  1.9470000000000000e+04	 -6.0725059062085018e+02	  -1.8566048049578052e+02	
  1.9500000000000000e+04	 -5.8051533386509766e+02	  -1.5263551932852542e+02	
  1.9530000000000000e+04	 -5.5804958437897028e+02	  -1.2786204114696272e+02	
  1.9560000000000000e+04	 -5.3365997797577199e+02	  -9.5373618814701004e+01	
  1.9590000000000000e+04	 -5.0249723245286043e+02	  -6.6090765256923675e+01	
  1.9620000000000000e+04	 -4.9033901534422341e+02	  -4.9271451227491426e+01	
  1.9650000000000000e+04	 -4.6613367778758095e+02	  -2.1628004426904553e+01	
  1.9680000000000000e+04	 -4.4237403253710903e+02	  -1.2616091150365207e+00	
  1.9710000000000000e+04	 -4.2379522067166278e+02	  2.4384804897904033e+01	
  1.9740000000000000e+04	 -3.9810814939185462e+02	  5.2823111981472884e+01	
  1.9770000000000000e+04	 -3.7645092420182436e+02	  7.9882077149700820e+01	
  1.9800000000000000e+04	 -3.5300430677421372e+02	  1.0985152897212539e+02	
  1.9830000000000000e+04	 -3.2993037543019892e+02	  9.3359316201473248e+01	
  1.9860000000000000e+04	 -3.0865162653104869e+02	  7.9668931359569683e+01	
  1.9890000000000000e+04	 -2.7191008048948271e+02	  6.5086773429779228e+01	
  1.9920000000000000e+04	 -2.5358672907898719e+02	  5.1274765794333995e+01	
  1.9950000000000000e+04	 -2.1861240755439223e+02	  3.6634689703898367e+01	
  1.9980000000000000e+04	 -1.9756960359518774e+02	  2.0476501060293273e+01	
  2.0010000000000000e+04	 -1.5180809956867478e+02	  -5.5975468187682651e+00	
  2.0040000000000000e+04	 -1.1430082905769434e+02	  -2.4002530465369372e+01	
  2.0070000000000000e+04	 -8.4053615000155744e+01	  -3.9731377769184135e+01	
  2.0100000000000000e+04	 -3.8831735726740362e+01	  -6.2724404773430251e+01	
  2.0130000000000000e+04	 -9.5727050574795172e+00	  -7.7230377588767823e+01	
  2.0160000000000000e+04	 2.0264332663246829e+01	  -9.3822981139288231e+01	
  2.0190000000000000e+04	 4.6124632018793164e+01	  -1.1313949292824452e+02	
  2.0220000000000000e+04	 6.1878250587114806e+01	  -1.1832307644598581e+02	
  2.0250000000000000e+04	 8.4261123815775534e+01	  -1.2705860539772634e+02	
  2.0280000000000000e+04	 1.1311724820578632e+02	  -1.4719062367096114e+02	
  2.0310000000000000e+04	 1.4749667933232024e+02	  -1.6302763192584203e+02	
  2.0340000000000000e+04	 1.6868554309747009e+02	  -1.7040381357290980e+02	
  2.0370000000000000e+04	 2.0510817320204779e+02	  -1.8961198116940253e+02	
  2.0400000000000000e+04	 2.2386714140063833e+02	  -2.0188293583278187e+02	
  2.0430000000000000e+04	 2.4758083778214618e+02	  -2.1684574570578388e+02	
  2.0460000000000000e+04	 2.6916955546700581e+02	  -2.2985932522028986e+02	
  2.0490000000000000e+04	 3.0446971953376197e+02	  -2.4852542589283584e+02	
  2.0520000000000000e+04	 3.2153526120264104e+02	  -2.5983243860989734e+02	
  2.0550000000000000e+04	 3.5449320166859212e+02	  -2.8063502089525315e+02	
  2.0580000000000000e+04	 3.7825901769126204e+02	  -2.9216223828560157e+02	
  2.0610000000000000e+04	 4.1765776569468073e+02	  -3.1042997855287263e+02	
  2.0640000000000000e+04	 3.8504521551019263e+02	  -2.9489775329352369e+02	
  2.0670000000000000e+04	 3.5995218594388007e+02	  -2.8019813558870669e+02	
  2.0700000000000000e+04	 3.2638658106980074e+02	  -2.6984946099496136e+02	
  2.0730000000000000e+04	 3.0307002168801404e+02	  -2.6215828390792706e+02	
  2.0760000000000000e+04	 2.7177183749851753e+02	  -2.4485065054176076e+02	
  2.0790000000000000e+04	 2.4118951529833427e+02	  -2.2579975698849736e+02	
  2.0820000000000000e+04	 2.1979268071596647e+02	  -2.1402443696638463e+02	
  2.0850000000000000e+04	 1.8947006559392690e+02	  -2.0144759458588788e+02	
  2.0880000000000000e+04	 1.4929715619477466e+02	  -1.8513545773920731e+02	
  2.0910000000000000e+04	 1.2926883560173385e+02	  -1.8379348605348233e+02	
  2.0940000000000000e+04	 1.3118574453909352e+02	  -1.8328486047696165e+02	
  2.0970000000000000e+04	 1.2995283950546295e+02	  -1.8256598870710013e+02	
  2.1000000000000000e+04	 1.2927112563471252e+02	  -1.8080470814498091e+02	
  2.1030000000000000e+04	 1.2778305345793129e+02	  -1.7973482724645928e+02	
  2.1060000000000000e+04	 1.2941741055764868e+02	  -1.8001700651898318e+02	
  2.1090000000000000e+04	 1.3090564524380315e+02	  -1.8067823275559707e+02	
  2.1120000000000000e+04	 1.4100352676333088e+02	  -2.0804263617717373e+02	
  2.1150000000000000e+04	 1.4955101166410699e+02	  -2.3235517856172262e+02	
  2.1180000000000000e+04	 1.5948698556106481e+02	  -2.8222087713630867e+02	
  2.1210000000000000e+04	 1.7362649746914667e+02	  -3.3188946005987350e+02	
  2.1240000000000000e+04	 1.7762603132600208e+02	  -3.5163505486458325e+02	
  2.1270000000000000e+04	 1.8515581928226814e+02	  -3.7432450168316160e+02	
  2.1300000000000000e+04	 1.9782834961019157e+02	  -4.1390623793005591e+02	
  2.1330000000000000e+04	 2.0840532743533876e+02	  -4.4941349913981924e+02	
  2.1360000000000000e+04	 2.1231859098225843e+02	  -4.9094448255786796e+02	
  2.1390000000000000e+04	 2.1314811785176016e+02	  -4.8756059269956899e+02	
  2.1420000000000000e+04	 2.1139645074115603e+02	  -4.8869318800585944e+02	
  2.1450000000000000e+04	 2.1322675647970362e+02	  -4.8858280939114911e+02	
  2.1480000000000000e+04	 2.1449192867443878e+02	  -4.8851975114775587e+02	
  2.1510000000000000e+04	 2.1418564644532299e+02	  -4.8846980261586395e+02	
  2.1540000000000000e+04	 2.1429402400489062e+02	  -4.8813628222795933e+02	
  2.1570000000000000e+04	 2.1343406632605684e+02	  -4.8674482779821790e+02	
  2.1600000000000000e+04	 2.3274412831919466e+02	  -5.1727047385003118e+02	
  2.1630000000000000e+04	 2.6707631260196655e+02	  -5.5289037449730768e+02	
  2.1660000000000000e+04	 2.8057798772506095e+02	  -5.7400872505156781e+02	
  2.1690000000000000e+04	 2.9656537586502327e+02	  -5.9417993266826818e+02	
  2.1720000000000000e+04	 3.1294517336381472e+02	  -6.1449593326001514e+02	
  2.1750000000000000e+04	 3.3697012418242383e+02	  -6.4265623672188235e+02	
  2.1780000000000000e+04	 3.5224442168758833e+02	  -6.6575124154490470e+02	
  2.1810000000000000e+04	 3.2772146992738783e+02	  -6.3045445137927072e+02	
  2.1840000000000000e+04	 3.0961247493395371e+02	  -6.0348216074855884e+02	
  2.1870000000000000e+04	 2.9973316310138460e+02	  -5.9015556231142705e+02	
  2.1900000000000000e+04	 2.7902584440402092e+02	  -5.6033501885018120e+02	
  2.1930000000000000e+04	 2.5569974757526231e+02	  -5.2580949237008042e+02	
  2.1960000000000000e+04	 2.3758627998282705e+02	  -4.9520708145616288e+02	
  2.1990000000000000e+04	 2.1466047904312498e+02	  -4.6042644073528351e+02	
  2.2020000000000000e+04	 2.0461027893570318e+02	  -4.4048656796136800e+02	
  2.2050000000000000e+04	 1.9088755877687262e+02	  -4.1934894135433575e+02	
  2.2080000000000000e+04	 1.7588011326690943e+02	  -4.0482258845105014e+02	
  2.2110000000000000e+04	 1.5548464580296863e+02	  -3.6566094109617131e+02	
  2.2140000000000000e+04	 1.4214787357320122e+02	  -3.4086048541690610e+02	
  2.2170000000000000e+04	 1.1788769588970845e+02	  -3.0092130686983495e+02	
  2.2200000000000000e+04	 1.0586608388610512e+02	  -2.7167530847619480e+02	
  2.2230000000000000e+04	 8.5294581398589827e+01	  -2.4414898164689356e+02	
  2.2260000000000000e+04	 6.8588012940765609e+01	  -2.2122171493554100e+02	
  2.2290000000000000e+04	 5.0701752048344083e+01	  -1.9710264925365846e+02	
  2.2320000000000000e+04	 3.1793218174531773e+01	  -1.5574338528863339e+02	
  2.2350000000000000e+04	 7.7518015996869210e+00	  -1.1149925964475284e+02	
  2.2380000000000000e+04	 -5.8229016614694817e+00	  -8.1839246758873983e+01	
  2.2410000000000000e+04	 -1.6419017234588274e+01	  -6.5924471171707296e+01	
  2.2440000000000000e+04	 -4.0311830252173777e+01	  -2.9567538450828920e+01	
  2.2470000000000000e+04	 -5.7105549362501229e+01	  7.5966798543708194e+00	
  2.2500000000000000e+04	 -6.7297748729909273e+01	  3.2163466237697442e+01	
  2.2530000000000000e+04	 -8.8486969949599697e+01	  6.8252486786990715e+01	
  2.2560000000000000e+04	 -1.0204936107363397e+02	  9.5063369290967501e+01	
  2.2590000000000000e+04	 -1.1767438530333442e+02	  1.2452779321086108e+02	
  2.2620000000000000e+04	 -1.3745243859887495e+02	  1.6209159396317725e+02	
  2.2650000000000000e+04	 -1.5272572051706396e+02	  1.8848715142857372e+02	
  2.2680000000000000e+04	 -1.6983741638108191e+02	  2.1630627883280712e+02	
  2.2710000000000000e+04	 -1.9004305434722531e+02	  2.5884317181646838e+02	
  2.2740000000000000e+04	 -2.0037765805083353e+02	  2.8185107899960508e+02	
  2.2770000000000000e+04	 -2.2111669790448710e+02	  3.1288888967879529e+02	
  2.2800000000000000e+04	 -2.4357129559124056e+02	  3.5253616162158755e+02	
  2.2830000000000000e+04	 -2.5214083439204416e+02	  3.6931648899529824e+02	
  2.2860000000000000e+04	 -2.6654076732556956e+02	  3.9158432818643905e+02	
  2.2890000000000000e+04	 -2.3068985932537186e+02	  3.8016792420537064e+02	
  2.2920000000000000e+04	 -2.0110613844649919e+02	  3.7509783289803590e+02	
  2.2950000000000000e+04	 -1.5266571919113824e+02	  3.6089394570603599e+02	
  2.2980000000000000e+04	 -1.2789737551061148e+02	  3.5756132798348295e+02	
  2.3010000000000000e+04	 -9.4391687145593110e+01	  3.4980196209954289e+02	
  2.3040000000000000e+04	 -5.7351732681633742e+01	  3.3529813265492015e+02	
  2.3070000000000000e+04	 -9.1336188205722948e+00	  3.1953534007884627e+02	
  2.3100000000000000e+04	 2.3993071238402365e+01	  3.0742151424264779e+02	
  2.3130000000000000e+04	 6.8042337035891336e+01	  2.9186096868574231e+02	
  2.3160000000000000e+04	 8.7454358705517805e+01	  2.7819977053021984e+02	
  2.3190000000000000e+04	 1.1060509689551779e+02	  2.6577118236582032e+02	
  2.3220000000000000e+04	 1.5152752326626901e+02	  2.4769347314677290e+02	
  2.3250000000000000e+04	 1.8946968786315801e+02	  2.3157678260852762e+02	
  2.3280000000000000e+04	 2.1444588924710831e+02	  2.2771381598986787e+02	
  2.3310000000000000e+04	 2.6058955052678050e+02	  2.0765557836888939e+02	
  2.3340000000000000e+04	 2.9632816401972536e+02	  1.9791655948297438e+02	
  2.3370000000000000e+04	 3.2380560414248248e+02	  1.8612277344705907e+02	
  2.3400000000000000e+04	 3.6812391098948825e+02	  1.7017704320842503e+02	
  2.3430000000000000e+04	 3.4008979605973144e+02	  1.7168241074846654e+02	
  2.3460000000000000e+04	 3.1501698385916364e+02	  1.7347947670984843e+02	
  2.3490000000000000e+04	 2.8874985949159981e+02	  1.7525540081163348e+02	
  2.3520000000000000e+04	 2.5832363440466884e+02	  1.7860664015151715e+02	
  2.3550000000000000e+04	 2.2996699301014374e+02	  1.7864484423181031e+02	
  2.3580000000000000e+04	 1.9309555987478419e+02	  1.7421243936523803e+02	
  2.3610000000000000e+04	 1.6196229709491365e+02	  1.7545837608772075e+02	
  2.3640000000000000e+04	 1.3059866948784443e+02	  1.7380727979025548e+02	
  2.3670000000000000e+04	 9.3175213400468564e+01	  1.7545385581691099e+02	
  2.3700000000000000e+04	 6.2249946090724769e+01	  1.7363029706517671e+02	
  2.3730000000000000e+04	 2.3479243659608393e+01	  1.6873471183295018e+02	
  2.3760000000000000e+04	 7.6488249896546989e-01	  1.6205137448375464e+02	
  2.3790000000000000e+04	 -1.7697772330826087e+01	  1.6275204309732771e+02	
  2.3820000000000000e+04	 -5.6072401256971048e+01	  1.6182387250235453e+02	
  2.3850000000000000e+04	 -8.3026122409287368e+01	  1.6204214073183056e+02	
  2.3880000000000000e+04	 -1.2295696693256450e+02	  1.6189141003509400e+02	
  2.3910000000000000e+04	 -1.6205334458166564e+02	  1.5407796084202994e+02	
  2.3940000000000000e+04	 -1.9956669136953309e+02	  1.5508856479170291e+02	
  2.3970000000000000e+04	 -2.3720884949496718e+02	  1.5567572743191317e+02	
  2.4000000000000000e+04	 -2.6907598103943349e+02	  1.5033677244354161e+02	
  2.4030000000000000e+04	 -3.1468544261314247e+02	  1.5076674682847849e+02	
  2.4060000000000000e+04	 -3.4241359970384337e+02	  1.4316509176886939e+02	
  2.4090000000000000e+04	 -3.4190784295170909e+02	  1.4464195987676450e+02	
  2.4120000000000000e+04	 -3.4010555358371295e+02	  1.4521915039725550e+02	
  2.4150000000000000e+04	 -3.3992187205473107e+02	  1.4503678426460215e+02	
  2.4180000000000000e+04	 -3.3901996610600821e+02	  1.4450958807326893e+02	
  2.4210000000000000e+04	 -3.4076332356698742e+02	  1.4331297024620719e+02	
  2.4240000000000000e+04	 -3.4240541251043140e+02	  1.4440450451760944e+02	
  2.4270000000000000e+04	 -3.1916984893243915e+02	  1.1906575674741381e+02	
  2.4300000000000000e+04	 -2.8386668891212582e+02	  8.0732089930977153e+01	
  2.4330000000000000e+04	 -2.6743916772999722e+02	  6.2464399718675068e+01	
  2.4360000000000000e+04	 -2.4928409837329110e+02	  4.3889750626341865e+01	
  2.4390000000000000e+04	 -2.1915288590813785e+02	  7.8658486778602636e+00	
  2.4420000000000000e+04	 -2.0010088074681661e+02	  -4.0107624435353983e+00	
  2.4450000000000000e+04	 -1.8684537082912570e+02	  -1.7928758530702765e+01	
  2.4480000000000000e+04	 -1.5825201801726035e+02	  -5.4563631404820285e+01	
  2.4510000000000000e+04	 -1.3609261414238526e+02	  -7.6891935660037234e+01	
  2.4540000000000000e+04	 -1.0476692038839012e+02	  -1.0538115160432076e+02	
  2.4570000000000000e+04	 -7.8964408665770506e+01	  -1.3607893536307481e+02	
  2.4600000000000000e+04	 -4.8228589248731417e+01	  -1.6206229531255690e+02	
  2.4630000000000000e+04	 -2.9601094551459134e+01	  -1.8187213244537020e+02	
  2.4660000000000000e+04	 5.9634757568081724e+00	  -2.1804120192932669e+02	
  2.4690000000000000e+04	 2.7225932622295257e+01	  -2.3583387432901145e+02	
  2.4720000000000000e+04	 4.6364011101669419e+01	  -2.5893667431421414e+02	
  2.4750000000000000e+04	 6.9793343552137600e+01	  -2.8955796911802349e+02	
  2.4780000000000000e+04	 9.0035760406869883e+01	  -3.1173692656008842e+02	
  2.4810000000000000e+04	 1.1553736179798572e+02	  -3.3619367700374562e+02	
  2.4840000000000000e+04	 1.3586330710886614e+02	  -3.6443107710356537e+02	
  2.4870000000000000e+04	 1.3640941426225044e+02	  -3.6550931323087627e+02	
  2.4900000000000000e+04	 1.3731423278904978e+02	  -3.4486119825493057e+02	
  2.4930000000000000e+04	 1.3105912890490808e+02	  -3.1751810383414596e+02	
  2.4960000000000000e+04	 1.2135667682423596e+02	  -2.7605041386724213e+02	
  2.4990000000000000e+04	 1.1826098191635512e+02	  -2.3954384554033919e+02	
  2.5020000000000000e+04	 1.0637511014594909e+02	  -1.9238967754340706e+02	
  2.5050000000000000e+04	 9.9113145524342983e+01	  -1.6621146320788839e+02	
  2.5080000000000000e+04	 9.3596951527372724e+01	  -1.4192752209989243e+02	
  2.5110000000000000e+04	 9.1022010964814811e+01	  -9.8254999141732497e+01	
  2.5140000000000000e+04	 8.8110638975804349e+01	  -7.2930702204232063e+01	
  2.5170000000000000e+04	 8.3977338168578143e+01	  -3.1820111517687849e+01	
  2.5200000000000000e+04	 8.0113299042806759e+01	  -3.2418249495674019e+00	
  2.5230000000000000e+04	 7.5508712924455068e+01	  3.0259291429883753e+01	
  2.5260000000000000e+04	 7.4321647607040063e+01	  6.2898881854307710e+01	
  2.5290000000000000e+04	 7.2868464920547112e+01	  8.8186881830540841e+01	
  2.5320000000000000e+04	 6.8857289570785213e+01	  1.1987708758868959e+02	
  2.5350000000000000e+04	 6.8800675435007605e+01	  1.4810688728298948e+02	
  2.5380000000000000e+04	 6.3639694605410526e+01	  1.9945608969209286e+02	
