  0.0000000000000000e+00	 -3.0047874851036767e+02	  1.8234490067401924e+02	
  3.0000000000000000e+01	 -2.7089109790231987e+02	  2.1296649442045924e+02	
  6.0000000000000000e+01	 -2.5605949036828872e+02	  2.3775249737833283e+02	
  9.0000000000000000e+01	 -2.3191075014301569e+02	  2.6076574694985089e+02	
  1.2000000000000000e+02	 -2.4344276729315629e+02	  2.4073163471150522e+02	
  1.5000000000000000e+02	 -2.6480960570846338e+02	  1.9249572834323936e+02	
  1.8000000000000000e+02	 -2.4183830515036669e+02	  1.7516877089337254e+02	
  2.1000000000000000e+02	 -2.0816111525352198e+02	  1.5720456034522630e+02	
  2.4000000000000000e+02	 -1.7603931447891890e+02	  1.3244692913484747e+02	
  2.7000000000000000e+02	 -1.5474331335847685e+02	  1.2016291424965009e+02	
  3.0000000000000000e+02	 -1.3185865659535057e+02	  1.0626426397108021e+02	
  3.3000000000000000e+02	 -9.9913594178881070e+01	  8.7962668151995985e+01	
  3.6000000000000000e+02	 -7.9257429513634349e+01	  7.2075166233121891e+01	
  3.9000000000000000e+02	 -4.0290730709087299e+01	  4.3001861541661157e+01	
  4.2000000000000000e+02	 -6.4586171112475910e-01	  1.9951836739106795e+01	
  4.5000000000000000e+02	 -6.5828967014463435e-01	  1.8706692636161407e+01	
  4.8000000000000000e+02	 6.8632472736864480e-01	  2.0312436426704657e+01	
  5.1000000000000000e+02	 1.1426978679156439e+00	  2.1362397471564279e+01	
  5.4000000000000000e+02	 1.7856184718708623e+00	  2.1343711286889121e+01	
  5.7000000000000000e+02	 1.5650271554413687e+01	  7.3678993316257237e+00	
  6.0000000000000000e+02	 3.9611992100378878e+01	  -1.7391168762219877e+01	
  6.3000000000000000e+02	 6.5660439716757409e+01	  -4.1946734160874996e+01	
  6.6000000000000000e+02	 1.0313469352702941e+02	  -7.9712812513346364e+01	
  6.9000000000000000e+02	 1.2434096648387356e+02	  -1.0878255882648472e+02	
  7.2000000000000000e+02	 1.4820251625569742e+02	  -1.3719655450812729e+02	
  7.5000000000000000e+02	 1.7539191273814470e+02	  -1.6906306492591602e+02	
  7.8000000000000000e+02	 2.0505529378876520e+02	  -2.0360950231554102e+02	
  8.1000000000000000e+02	 2.3446692215112367e+02	  -2.2826608665985174e+02	
  8.4000000000000000e+02	 2.7089378618798821e+02	  -2.6553894819420424e+02	
  8.7000000000000000e+02	 2.8913348906374750e+02	  -2.9029512389319189e+02	
  9.0000000000000000e+02	 3.2237429000631727e+02	  -3.2094995592594154e+02	
  9.3000000000000000e+02	 3.5917020275368975e+02	  -3.5976418440821658e+02	
  9.6000000000000000e+02	 3.7943894595202488e+02	  -3.7531379573113782e+02	
  9.9000000000000000e+02	 3.9442966709203796e+02	  -3.9774614295561122e+02	
  1.0200000000000000e+03	 4.2422528508255982e+02	  -4.2586007842971588e+02	
  1.0500000000000000e+03	 4.4407354034250301e+02	  -4.4278137116915400e+02	
  1.0800000000000000e+03	 4.6478216556069708e+02	  -4.5873296422378792e+02	
  1.1100000000000000e+03	 4.8462438010921369e+02	  -4.8539127265700319e+02	
  1.1400000000000000e+03	 4.8544330064394302e+02	  -4.8499726626378492e+02	
  1.1700000000000000e+03	 4.8700230232033744e+02	  -4.8308650327615874e+02	
  1.2000000000000000e+03	 4.8781089911386334e+02	  -4.8267619807219131e+02	
  1.2300000000000000e+03	 4.5765502783759786e+02	  -4.8692706393310630e+02	
  1.2600000000000000e+03	 4.1486292723060535e+02	  -4.8161157579906410e+02	
  1.2900000000000000e+03	 3.9274497357430550e+02	  -4.8073120534248920e+02	
  1.3200000000000000e+03	 3.6855926986821459e+02	  -4.7974229201874635e+02	
  1.3500000000000000e+03	 3.4240671988741906e+02	  -4.7577431402969023e+02	
  1.3800000000000000e+03	 3.1711459263837986e+02	  -4.7433122429878802e+02	
  1.4100000000000000e+03	 2.7169903376263125e+02	  -4.7635251697293057e+02	
  1.4400000000000000e+03	 2.3612286733545372e+02	  -4.8045142877423024e+02	
  1.4700000000000000e+03	 2.0684663724965628e+02	  -4.7580848574254838e+02	
  1.5000000000000000e+03	 1.6578734082604308e+02	  -4.7983459930909964e+02	
  1.5300000000000000e+03	 1.2092459405502892e+02	  -4.7599841640524835e+02	
  1.5600000000000000e+03	 8.4775165884434330e+01	  -4.7262336755820536e+02	
  1.5900000000000000e+03	 4.6143828056835069e+01	  -4.7283835881378087e+02	
  1.6200000000000000e+03	 -1.5246026571710374e+00	  -4.7373743095569625e+02	
  1.6500000000000000e+03	 -3.4240956895266926e+01	  -4.7792858196850659e+02	
  1.6800000000000000e+03	 -5.9491431443589050e+01	  -4.7966965152818597e+02	
  1.7100000000000000e+03	 -5.9919085737913456e+01	  -4.8070200696343306e+02	
  1.7400000000000000e+03	 -6.0190807253865557e+01	  -4.7999131896940770e+02	
  1.7700000000000000e+03	 -6.1215618414898529e+01	  -4.8026752491429266e+02	
  1.8000000000000000e+03	 -5.9356920679184789e+01	  -4.7878232682947754e+02	
  1.8300000000000000e+03	 -6.0978787667618100e+01	  -4.7998471542957907e+02	
  1.8600000000000000e+03	 -6.2708799273947882e+01	  -4.7947679384652793e+02	
  1.8900000000000000e+03	 -6.4084674955479585e+01	  -4.8080974429244583e+02	
  1.9200000000000000e+03	 -3.5397348160663860e+01	  -4.8548168691731962e+02	
  1.9500000000000000e+03	 4.6392832007879576e+00	  -4.8643307055584177e+02	
  1.9800000000000000e+03	 3.5566620289761190e+01	  -4.9121109189848556e+02	
  2.0100000000000000e+03	 5.2223913202786918e+01	  -4.9157357323502060e+02	
  2.0400000000000000e+03	 9.8945280903341171e+01	  -4.8820999893343259e+02	
  2.0700000000000000e+03	 1.4527100406962387e+02	  -4.8918947554634303e+02	
  2.1000000000000000e+03	 1.8544129521257622e+02	  -4.9503601915509711e+02	
  2.1300000000000000e+03	 2.3603518240293457e+02	  -4.9594469891324906e+02	
  2.1600000000000000e+03	 2.6947834130152836e+02	  -4.9660720848362740e+02	
  2.1900000000000000e+03	 2.9114902378199611e+02	  -5.0256236445117764e+02	
  2.2200000000000000e+03	 3.4228727160281915e+02	  -5.0119247396607830e+02	
  2.2500000000000000e+03	 3.5657320337980696e+02	  -5.0127011564791638e+02	
  2.2800000000000000e+03	 3.5555419772524789e+02	  -5.0129809897393670e+02	
  2.3100000000000000e+03	 3.5502559145932577e+02	  -5.0179763992311092e+02	
  2.3400000000000000e+03	 3.5615905916016868e+02	  -5.0255009702380431e+02	
  2.3700000000000000e+03	 3.4049529903025280e+02	  -4.5662796107303916e+02	
  2.4000000000000000e+03	 3.2366574215824539e+02	  -4.2363513622061157e+02	
  2.4300000000000000e+03	 3.1313205194765777e+02	  -3.9413225357060401e+02	
  2.4600000000000000e+03	 3.0182490483683097e+02	  -3.6310282626106618e+02	
  2.4900000000000000e+03	 2.9363677675122705e+02	  -3.3744561004667622e+02	
  2.5200000000000000e+03	 2.8821706660338003e+02	  -3.1442741045917296e+02	
  2.5500000000000000e+03	 2.7748950809095243e+02	  -2.7786073108134462e+02	
  2.5800000000000000e+03	 2.6569520953974097e+02	  -2.4942279721643746e+02	
  2.6100000000000000e+03	 2.4837616306159651e+02	  -2.0936961536405067e+02	
  2.6400000000000000e+03	 2.3424131267194142e+02	  -1.6207152054758950e+02	
  2.6700000000000000e+03	 2.2527260099158289e+02	  -1.1952488551939592e+02	
  2.7000000000000000e+03	 2.1271000132920199e+02	  -8.3086627009130609e+01	
  2.7300000000000000e+03	 1.9833110051322396e+02	  -4.0682021877342727e+01	
  2.7600000000000000e+03	 1.9183047243628326e+02	  -1.0650252196850559e+01	
  2.7900000000000000e+03	 1.7436694688670588e+02	  3.0535996166832419e+01	
  2.8200000000000000e+03	 1.6362547324637086e+02	  5.9651808214704097e+01	
  2.8500000000000000e+03	 1.5162459276267819e+02	  9.7686157033614421e+01	
  2.8800000000000000e+03	 1.3644591606721858e+02	  1.3400506191501501e+02	
  2.9100000000000000e+03	 1.2896690452281680e+02	  1.5424252934125818e+02	
  2.9400000000000000e+03	 1.1576652097580487e+02	  1.8215429663359873e+02	
  2.9700000000000000e+03	 1.0064180151781454e+02	  2.1939342875080337e+02	
  3.0000000000000000e+03	 8.9237234822433322e+01	  2.5492904477066898e+02	
  3.0300000000000000e+03	 7.1234096790876038e+01	  3.0004937581146464e+02	
  3.0600000000000000e+03	 5.8031774192078515e+01	  3.3720351161387021e+02	
  3.0900000000000000e+03	 4.4204403316889454e+01	  3.1384719273430994e+02	
  3.1200000000000000e+03	 3.3490897564467730e+01	  2.8322116697950861e+02	
  3.1500000000000000e+03	 1.4469539274313959e+01	  2.4979773253404295e+02	
  3.1800000000000000e+03	 3.0190538997093874e+00	  2.2378483314815821e+02	
  3.2100000000000000e+03	 -8.2871902487332676e+00	  2.0314128166876594e+02	
  3.2400000000000000e+03	 -2.6434534631148580e+01	  1.7852567587755405e+02	
  3.2700000000000000e+03	 -4.4634394974649794e+01	  1.5079531018327918e+02	
  3.3000000000000000e+03	 -6.5499624854370822e+01	  1.0935910772696664e+02	
  3.3300000000000000e+03	 -7.5080836870738693e+01	  8.5498091028807579e+01	
  3.3600000000000000e+03	 -9.2694070657802058e+01	  5.2157341911050914e+01	
  3.3900000000000000e+03	 -1.1341348405093666e+02	  1.7179767428568219e+01	
  3.4200000000000000e+03	 -1.2400550361678671e+02	  -1.2626346219618487e+01	
  3.4500000000000000e+03	 -1.3627622611983094e+02	  -3.8742967111337343e+01	
  3.4800000000000000e+03	 -1.4766087777103272e+02	  -6.0590810467267268e+01	
  3.5100000000000000e+03	 -1.6093910055134828e+02	  -9.7149816665704350e+01	
  3.5400000000000000e+03	 -1.7294744139635455e+02	  -1.2217478220901481e+02	
  3.5700000000000000e+03	 -1.8837132405161219e+02	  -1.6264236985389454e+02	
  3.6000000000000000e+03	 -1.9768653524387224e+02	  -1.8810863937433152e+02	
  3.6300000000000000e+03	 -2.1767107023289415e+02	  -2.1586484710485357e+02	
  3.6600000000000000e+03	 -2.3042018271658023e+02	  -2.3308306444732801e+02	
  3.6900000000000000e+03	 -2.3686703979947066e+02	  -2.5609825214972864e+02	
  3.7200000000000000e+03	 -2.5727858158810147e+02	  -3.0106435017422911e+02	
  3.7500000000000000e+03	 -2.7110430645482592e+02	  -3.4245490552809929e+02	
  3.7800000000000000e+03	 -2.8768595698040201e+02	  -3.6727770203272462e+02	
  3.8100000000000000e+03	 -3.0557959843931621e+02	  -3.9724053476269739e+02	
  3.8400000000000000e+03	 -3.2327056472248478e+02	  -4.2210589260658793e+02	
  3.8700000000000000e+03	 -3.3381556404427442e+02	  -4.5080038888828204e+02	
  3.9000000000000000e+03	 -3.4304698179051888e+02	  -4.7220018337245665e+02	
  3.9300000000000000e+03	 -3.5176701322922901e+02	  -4.8901228501512026e+02	
  3.9600000000000000e+03	 -3.6309398265146615e+02	  -5.0721717571146951e+02	
  3.9900000000000000e+03	 -3.8582471510163106e+02	  -5.4688314348020106e+02	
  4.0200000000000000e+03	 -4.0261305018289931e+02	  -5.7959619830832810e+02	
  4.0500000000000000e+03	 -4.1402485784511100e+02	  -6.2684416217155513e+02	
  4.0800000000000000e+03	 -4.5720424472602730e+02	  -5.9688635431195678e+02	
  4.1100000000000000e+03	 -4.8942381376533751e+02	  -5.7346232989760824e+02	
  4.1400000000000000e+03	 -5.1322365769781061e+02	  -5.6571541182759245e+02	
  4.1700000000000000e+03	 -5.4827181261626367e+02	  -5.4172830604954174e+02	
  4.2000000000000000e+03	 -5.8513257083426902e+02	  -5.1791056346960784e+02	
  4.2300000000000000e+03	 -6.1147661687372431e+02	  -4.9889351146202688e+02	
  4.2600000000000000e+03	 -6.3157002232749153e+02	  -4.8914655877666877e+02	
  4.2900000000000000e+03	 -6.6269433806654285e+02	  -4.7270876558655772e+02	
  4.3200000000000000e+03	 -7.0077697699871896e+02	  -4.4615665811090355e+02	
  4.3500000000000000e+03	 -7.2934801435097324e+02	  -4.2387735349144873e+02	
  4.3800000000000000e+03	 -7.5283642560909402e+02	  -4.1158451030372203e+02	
  4.4100000000000000e+03	 -7.2728016517305616e+02	  -3.9187109196588841e+02	
  4.4400000000000000e+03	 -6.9501255415302558e+02	  -3.7360944297906821e+02	
  4.4700000000000000e+03	 -6.5470067370422942e+02	  -3.4454445864869706e+02	
  4.5000000000000000e+03	 -6.2816833542355323e+02	  -3.2690493502644932e+02	
  4.5300000000000000e+03	 -5.9209837720201335e+02	  -3.0606908017587614e+02	
  4.5600000000000000e+03	 -5.6004393871367245e+02	  -2.9013725452680342e+02	
  4.5900000000000000e+03	 -5.1994769548412523e+02	  -2.6904587207590765e+02	
  4.6200000000000000e+03	 -4.9497838946409274e+02	  -2.5479820290213266e+02	
  4.6500000000000000e+03	 -4.6431988149749156e+02	  -2.3234403186452099e+02	
  4.6800000000000000e+03	 -4.4608493606040565e+02	  -2.1956757886731589e+02	
  4.7100000000000000e+03	 -4.1350324114813122e+02	  -1.9360283941376531e+02	
  4.7400000000000000e+03	 -3.8701609359521007e+02	  -1.7649876147857316e+02	
  4.7700000000000000e+03	 -3.8768587290511886e+02	  -1.7713867347446717e+02	
  4.8000000000000000e+03	 -3.8855743066580050e+02	  -1.7850355988065726e+02	
  4.8300000000000000e+03	 -3.8851688477938495e+02	  -1.7870792142620851e+02	
  4.8600000000000000e+03	 -3.6330496577942745e+02	  -1.7889564638198249e+02	
  4.8900000000000000e+03	 -3.4493834018316267e+02	  -1.7412723372930319e+02	
  4.9200000000000000e+03	 -3.0218055361876850e+02	  -1.7213641297898059e+02	
  4.9500000000000000e+03	 -2.6128731122853338e+02	  -1.6802951400572849e+02	
  4.9800000000000000e+03	 -2.1942595604392042e+02	  -1.6480647295677733e+02	
  5.0100000000000000e+03	 -1.7166675844629464e+02	  -1.5922182115366238e+02	
  5.0400000000000000e+03	 -1.4987309478787000e+02	  -1.5704113070436210e+02	
  5.0700000000000000e+03	 -1.1670540734505397e+02	  -1.4983068178900149e+02	
  5.1000000000000000e+03	 -7.9221656605777525e+01	  -1.4247774088350673e+02	
  5.1300000000000000e+03	 -3.1196530369758364e+01	  -1.3612483325346531e+02	
  5.1600000000000000e+03	 -3.9235692757147120e+00	  -1.3324223123818086e+02	
  5.1900000000000000e+03	 4.3384460575584441e+01	  -1.2766842733916044e+02	
  5.2200000000000000e+03	 8.1599274513411274e+01	  -1.2921632970300089e+02	
  5.2500000000000000e+03	 1.1137840874532057e+02	  -1.2327375541943927e+02	
  5.2800000000000000e+03	 1.3686128729106690e+02	  -1.1716640850409901e+02	
  5.3100000000000000e+03	 1.6549155768511417e+02	  -1.1348919291057942e+02	
  5.3400000000000000e+03	 2.0057906364826749e+02	  -1.1248189465461645e+02	
  5.3700000000000000e+03	 2.3812323675186477e+02	  -1.1104837506273385e+02	
  5.4000000000000000e+03	 2.6157912996637782e+02	  -1.1463697733601724e+02	
  5.4300000000000000e+03	 2.9539397395817468e+02	  -1.1232887525910337e+02	
  5.4600000000000000e+03	 3.2825459835035042e+02	  -1.1419126922695223e+02	
  5.4900000000000000e+03	 3.7448587049299317e+02	  -1.0547853188376358e+02	
  5.5200000000000000e+03	 3.7398879133088957e+02	  -1.0631501293415253e+02	
  5.5500000000000000e+03	 3.7364531109245513e+02	  -1.0823517049505656e+02	
  5.5800000000000000e+03	 3.6664131979601962e+02	  -8.9484201189892474e+01	
  5.6100000000000000e+03	 3.5931008964806506e+02	  -7.2797378053638340e+01	
  5.6400000000000000e+03	 3.5293803057445859e+02	  -3.8036734846355444e+01	
  5.6700000000000000e+03	 3.4650221631416161e+02	  8.7898353208156124e+00	
  5.7000000000000000e+03	 3.3683941746019019e+02	  4.5413727029504933e+01	
  5.7300000000000000e+03	 3.3643640255075485e+02	  9.4789118330719432e+01	
  5.7600000000000000e+03	 3.2654653536494243e+02	  1.3029502425551016e+02	
  5.7900000000000000e+03	 3.2316913874516979e+02	  1.5728446869920904e+02	
  5.8200000000000000e+03	 3.0052636782942687e+02	  1.8993507507837467e+02	
  5.8500000000000000e+03	 2.7651837863909390e+02	  2.2631085262154187e+02	
  5.8800000000000000e+03	 2.5889982681579141e+02	  2.6062328249481385e+02	
  5.9100000000000000e+03	 2.3635978742757024e+02	  2.9245136102579693e+02	
  5.9400000000000000e+03	 2.0903853424721754e+02	  3.2896390885594661e+02	
  5.9700000000000000e+03	 1.8450870478025666e+02	  3.6660782809421693e+02	
  6.0000000000000000e+03	 1.7637029055884688e+02	  3.8273519543025009e+02	
  6.0300000000000000e+03	 1.5742210365372509e+02	  4.0881134098277391e+02	
  6.0600000000000000e+03	 1.3309664376632298e+02	  4.3315281604607588e+02	
  6.0900000000000000e+03	 1.1754175337759071e+02	  4.5616741417163183e+02	
  6.1200000000000000e+03	 1.0438212350067604e+02	  4.7263224508595181e+02	
  6.1500000000000000e+03	 7.9144305582581381e+01	  5.0354117700338691e+02	
  6.1800000000000000e+03	 6.0759707211593515e+01	  5.4390476373279000e+02	
  6.2100000000000000e+03	 4.1559755575601358e+01	  5.6941780248868633e+02	
  6.2400000000000000e+03	 4.2849739943045030e+01	  5.2532959714018102e+02	
  6.2700000000000000e+03	 4.4975356929316767e+01	  4.7384410465302221e+02	
  6.3000000000000000e+03	 4.7903408043028797e+01	  4.2756677945700386e+02	
  6.3300000000000000e+03	 4.8643588009979929e+01	  3.8881245545321622e+02	
  6.3600000000000000e+03	 5.2245582263033214e+01	  3.6441553360488450e+02	
  6.3900000000000000e+03	 4.8532024872789300e+01	  3.4265683190881185e+02	
  6.4200000000000000e+03	 5.5564736927836428e+01	  2.9780186293110552e+02	
  6.4500000000000000e+03	 5.3761972260538769e+01	  2.7091293487406767e+02	
  6.4800000000000000e+03	 5.6931380814075872e+01	  2.4181102577439927e+02	
  6.5100000000000000e+03	 5.8585394765695931e+01	  2.1902266668853707e+02	
  6.5400000000000000e+03	 6.2876104228885140e+01	  1.7227003733078959e+02	
  6.5700000000000000e+03	 6.7090736807670638e+01	  1.3848588149187515e+02	
  6.6000000000000000e+03	 7.1605848878758792e+01	  1.0849049391258630e+02	
  6.6300000000000000e+03	 6.8032221615051085e+01	  7.1182319054645973e+01	
  6.6600000000000000e+03	 6.8180942890101377e+01	  3.6709654848573777e+01	
  6.6900000000000000e+03	 7.2595004251588691e+01	  1.1218580176999208e+01	
  6.7200000000000000e+03	 7.7820278986134454e+01	  -7.4010529068428212e+00	
  6.7500000000000000e+03	 1.0366991287431445e+02	  -1.6817559925977953e+01	
  6.7800000000000000e+03	 1.2892439850386725e+02	  -2.2446046405282903e+01	
  6.8100000000000000e+03	 1.6828319628829132e+02	  -3.6078412355781168e+01	
  6.8400000000000000e+03	 1.9247504126784094e+02	  -4.2211612574707473e+01	
  6.8700000000000000e+03	 2.1745084168052887e+02	  -4.7784041280542269e+01	
  6.9000000000000000e+03	 2.5558718513700643e+02	  -6.5141556521033834e+01	
  6.9300000000000000e+03	 2.7839232382140966e+02	  -6.5572938194951362e+01	
  6.9600000000000000e+03	 3.1006630239581932e+02	  -7.1478735377423178e+01	
  6.9900000000000000e+03	 2.9938407290474072e+02	  -4.7053563154159647e+01	
  7.0200000000000000e+03	 2.9401600550131405e+02	  -2.0403655567557479e+01	
  7.0500000000000000e+03	 2.8413963568333281e+02	  1.7594641253241754e+00	
  7.0800000000000000e+03	 2.6041921774206577e+02	  4.2029667417182623e+01	
  7.1100000000000000e+03	 2.4130824079830987e+02	  7.2922791690493071e+01	
  7.1400000000000000e+03	 2.2249685906992153e+02	  1.1660085540382434e+02	
  7.1700000000000000e+03	 2.1497377476568187e+02	  1.4270943418041603e+02	
  7.2000000000000000e+03	 2.0287182610852540e+02	  1.7498852883378103e+02	
  7.2300000000000000e+03	 1.8572407772037289e+02	  2.1554905232101865e+02	
  7.2600000000000000e+03	 1.6840775790422850e+02	  2.4906939617158559e+02	
  7.2900000000000000e+03	 1.4857976892567339e+02	  2.7997520623051389e+02	
  7.3200000000000000e+03	 1.3670962610224063e+02	  3.1219659487526781e+02	
  7.3500000000000000e+03	 1.1623731016306883e+02	  3.4328749161332530e+02	
  7.3800000000000000e+03	 1.0228946426235743e+02	  3.2561123056449424e+02	
  7.4100000000000000e+03	 8.2559646466808204e+01	  2.9627872640084024e+02	
  7.4400000000000000e+03	 6.7284922781643502e+01	  2.6288737321347969e+02	
  7.4700000000000000e+03	 4.0737817104029709e+01	  2.2357658201742598e+02	
  7.5000000000000000e+03	 2.3193295110325373e+01	  1.9348379228827130e+02	
  7.5300000000000000e+03	 -3.6767470780194067e+00	  1.5689141891785366e+02	
  7.5600000000000000e+03	 -2.3886669450380776e+01	  1.3170091454232187e+02	
  7.5900000000000000e+03	 -3.1061284576820114e+01	  1.1807712604669376e+02	
  7.6200000000000000e+03	 -4.8192433039198271e+01	  9.1086016136839817e+01	
  7.6500000000000000e+03	 -6.4803719233875825e+01	  6.1810594180593583e+01	
  7.6800000000000000e+03	 -9.1684895556284062e+01	  2.1143394960087882e+01	
  7.7100000000000000e+03	 -1.0513389936084269e+02	  5.6553985050165707e+00	
  7.7400000000000000e+03	 -1.2800020497812693e+02	  -2.5656445613336601e+01	
  7.7700000000000000e+03	 -1.4044400578570813e+02	  -5.0686652124005562e+01	
  7.8000000000000000e+03	 -1.6124393070163313e+02	  -8.8811899590774203e+01	
  7.8300000000000000e+03	 -1.8435292133075421e+02	  -1.3076086871211876e+02	
  7.8600000000000000e+03	 -2.0542697239019770e+02	  -1.5766789520155987e+02	
  7.8900000000000000e+03	 -2.1710270645994686e+02	  -1.9275672687549627e+02	
  7.9200000000000000e+03	 -2.3985434030503080e+02	  -2.2240816331944441e+02	
  7.9500000000000000e+03	 -2.6078992068979119e+02	  -2.6295098575570887e+02	
  7.9800000000000000e+03	 -2.6984029837457899e+02	  -2.8176676856390446e+02	
  8.0100000000000000e+03	 -2.5515756330056325e+02	  -2.6706903225089667e+02	
  8.0400000000000000e+03	 -2.3567830345638060e+02	  -2.5015128951140920e+02	
  8.0700000000000000e+03	 -2.1283654285786207e+02	  -2.1057486640402357e+02	
  8.1000000000000000e+03	 -1.9091294623067867e+02	  -1.7210672055299290e+02	
  8.1300000000000000e+03	 -1.7944068266656205e+02	  -1.5619347516359326e+02	
  8.1600000000000000e+03	 -1.6209187636954761e+02	  -1.2430765760592016e+02	
  8.1900000000000000e+03	 -1.4302680035265053e+02	  -1.0629133623655538e+02	
  8.2200000000000000e+03	 -1.2553552872851817e+02	  -7.3526748626414957e+01	
  8.2500000000000000e+03	 -1.0921493869739004e+02	  -5.5492988149359022e+01	
  8.2800000000000000e+03	 -9.2786252395230605e+01	  -3.7183272148778400e+01	
  8.3100000000000000e+03	 -7.0325255444340797e+01	  -2.2995813864581507e+00	
  8.3400000000000000e+03	 -5.0199822227512556e+01	  3.0427495558404893e+01	
  8.3700000000000000e+03	 -2.4266338652876506e+01	  6.2496715758404129e+01	
  8.4000000000000000e+03	 -6.5526660368339442e+00	  8.1217641750230982e+01	
  8.4300000000000000e+03	 1.9209576283564555e+01	  1.1999025274742185e+02	
  8.4600000000000000e+03	 2.9444660757820404e+01	  1.4321687711935542e+02	
  8.4900000000000000e+03	 4.3583541163176335e+01	  1.6296858633596526e+02	
  8.5200000000000000e+03	 5.3090190329818682e+01	  1.8127151206478095e+02	
  8.5500000000000000e+03	 6.8991359202398229e+01	  2.0820272046398600e+02	
  8.5800000000000000e+03	 9.9077640298741301e+01	  2.3938071874535612e+02	
  8.6100000000000000e+03	 1.2003801293910954e+02	  2.6802661133181266e+02	
  8.6400000000000000e+03	 1.3071564686152490e+02	  2.4756002061468837e+02	
  8.6700000000000000e+03	 1.5658176047795794e+02	  2.1725677456892515e+02	
  8.7000000000000000e+03	 1.7198952749533376e+02	  1.9168128836606812e+02	
  8.7300000000000000e+03	 1.9400957143079745e+02	  1.6636307327974259e+02	
  8.7600000000000000e+03	 2.0737073717713173e+02	  1.4604179076140403e+02	
  8.7900000000000000e+03	 2.2936003665546167e+02	  1.2443653657117682e+02	
  8.8200000000000000e+03	 2.4816696278495436e+02	  9.1377201019542355e+01	
  8.8500000000000000e+03	 2.6636054225806799e+02	  7.3379147254935688e+01	
  8.8800000000000000e+03	 2.8982081485323863e+02	  3.7946735227353479e+01	
  8.9100000000000000e+03	 3.1509358913717904e+02	  1.4551629711663786e+01	
  8.9400000000000000e+03	 3.1523118789728943e+02	  4.6377746854375090e+01	
  8.9700000000000000e+03	 3.1638339926707749e+02	  7.2842051753034596e+01	
  9.0000000000000000e+03	 3.1736939206226390e+02	  1.0330539020127510e+02	
  9.0300000000000000e+03	 3.1356926424167511e+02	  1.5043822128605274e+02	
  9.0600000000000000e+03	 3.1547806033016008e+02	  1.8561621963136741e+02	
  9.0900000000000000e+03	 3.0985438491080095e+02	  2.3828647559794385e+02	
  9.1200000000000000e+03	 2.6734229302790942e+02	  2.0970400253571205e+02	
  9.1500000000000000e+03	 2.5018317011047245e+02	  1.9166602267225414e+02	
  9.1800000000000000e+03	 2.2764615891367418e+02	  1.7298339830862528e+02	
  9.2100000000000000e+03	 2.0085123644616493e+02	  1.5094799068538725e+02	
  9.2400000000000000e+03	 1.7554561585239534e+02	  1.2979679635705423e+02	
  9.2700000000000000e+03	 1.5466897503780976e+02	  1.2005453545907649e+02	
  9.3000000000000000e+03	 1.1765759929528681e+02	  9.9053573611463108e+01	
  9.3300000000000000e+03	 9.1923190273916305e+01	  7.4623471119552164e+01	
  9.3600000000000000e+03	 6.8130795215587611e+01	  5.9787104579417147e+01	
  9.3900000000000000e+03	 3.1167631408091374e+01	  3.3388824625565107e+01	
  9.4200000000000000e+03	 9.7231589310422919e+00	  2.1707498201614811e+01	
  9.4500000000000000e+03	 8.7715326219341136e+00	  1.9964219047916330e+01	
  9.4800000000000000e+03	 -2.8289185656412137e+00	  -3.0185415439249276e+01	
  9.5100000000000000e+03	 -8.7259690041862186e+00	  -6.7348630711191106e+01	
  9.5400000000000000e+03	 -1.4568723681843496e+01	  -9.6900554207711565e+01	
  9.5700000000000000e+03	 -2.1451704966046570e+01	  -1.3833837987013365e+02	
  9.6000000000000000e+03	 -2.7938688404120935e+01	  -1.6576589153302018e+02	
  9.6300000000000000e+03	 -2.9456366407126595e+01	  -1.9452332666721230e+02	
  9.6600000000000000e+03	 -3.3096394360970208e+01	  -2.2283786494780981e+02	
  9.6900000000000000e+03	 -3.5796228825987207e+01	  -2.6623369850287418e+02	
  9.7200000000000000e+03	 -4.0318569178549822e+01	  -2.8853304745794219e+02	
  9.7500000000000000e+03	 -4.0623071340556379e+01	  -3.2442074820822307e+02	
  9.7800000000000000e+03	 -4.6714480844173529e+01	  -3.7301089543228278e+02	
  9.8100000000000000e+03	 -5.2262875326893422e+01	  -4.2164851047017004e+02	
  9.8400000000000000e+03	 -5.6264797402272968e+01	  -4.4770248537354519e+02	
  9.8700000000000000e+03	 -6.5564947049376457e+01	  -4.8260608686027706e+02	
  9.9000000000000000e+03	 -6.8150025117461183e+01	  -4.8362369557938888e+02	
  9.9300000000000000e+03	 -6.7115557612496360e+01	  -4.8404004573881406e+02	
  9.9600000000000000e+03	 -6.7615515615540005e+01	  -4.8590277688054226e+02	
  9.9900000000000000e+03	 -6.9363318998430415e+01	  -4.8448397251594190e+02	
  1.0020000000000000e+04	 -6.8204897652086999e+01	  -4.8328959858271139e+02	
  1.0050000000000000e+04	 -6.9771873151048723e+01	  -4.8237005523081376e+02	
  1.0080000000000000e+04	 -6.9454536157343099e+01	  -4.8352936868327049e+02	
  1.0110000000000000e+04	 -6.9934357343102036e+01	  -4.8391958295975650e+02	
  1.0140000000000000e+04	 -7.0758590588810449e+01	  -4.4429333317471873e+02	
  1.0170000000000000e+04	 -6.6905317004178414e+01	  -4.2524340434453933e+02	
  1.0200000000000000e+04	 -6.9665574504036783e+01	  -3.9217196976377170e+02	
  1.0230000000000000e+04	 -7.0522657516096928e+01	  -3.6754802372488359e+02	
  1.0260000000000000e+04	 -6.7408827758976116e+01	  -3.4696670977523661e+02	
  1.0290000000000000e+04	 -7.0506005398818715e+01	  -2.9881041716864149e+02	
  1.0320000000000000e+04	 -7.1460371542248126e+01	  -2.5845159973686395e+02	
  1.0350000000000000e+04	 -7.2959429225964200e+01	  -2.1929216085207969e+02	
  1.0380000000000000e+04	 -6.8598261093596577e+01	  -1.9754727916036666e+02	
  1.0410000000000000e+04	 -6.9255668330728000e+01	  -1.5423919447903415e+02	
  1.0440000000000000e+04	 -6.7335137189599479e+01	  -1.2686258350541655e+02	
  1.0470000000000000e+04	 -6.4699304934912561e+01	  -8.8486502395563662e+01	
  1.0500000000000000e+04	 -6.4019514110397353e+01	  -8.9276904107442476e+01	
  1.0530000000000000e+04	 -6.4326699642208595e+01	  -8.9885904092023296e+01	
  1.0560000000000000e+04	 -6.3360030967768836e+01	  -8.9988858939514074e+01	
  1.0590000000000000e+04	 -6.1647930872325141e+01	  -8.9201247251755063e+01	
  1.0620000000000000e+04	 -6.0801906227170342e+01	  -9.0143030529443166e+01	
  1.0650000000000000e+04	 -6.0761877574036177e+01	  -8.9568918863220460e+01	
  1.0680000000000000e+04	 -4.4814332975656193e+01	  -4.1314137691821330e+01	
  1.0710000000000000e+04	 -3.2080683293122412e+01	  -6.1539605602280787e+00	
  1.0740000000000000e+04	 -1.8208234142251079e+01	  4.2475530105769415e+01	
  1.0770000000000000e+04	 -5.1610359171444884e+00	  9.0399299265994443e+01	
  1.0800000000000000e+04	 -4.8369758744718716e+00	  1.1354225584754444e+02	
  1.0830000000000000e+04	 -3.4742703416211995e-01	  1.3015725414091202e+02	
  1.0860000000000000e+04	 1.1364441009082395e+01	  1.7952133657795432e+02	
  1.0890000000000000e+04	 1.6082710237874913e+01	  2.1196032713870426e+02	
  1.0920000000000000e+04	 2.9376797062210994e+01	  2.4636403965119044e+02	
  1.0950000000000000e+04	 3.6191715382553809e+01	  2.7916665236400326e+02	
  1.0980000000000000e+04	 4.1462806815065697e+01	  3.0831097215922722e+02	
  1.1010000000000000e+04	 4.6814067134411147e+01	  3.3219916134242965e+02	
  1.1040000000000000e+04	 5.4800718305657320e+01	  3.5796042725961689e+02	
  1.1070000000000000e+04	 6.0559782940391983e+01	  3.8642605753460663e+02	
  1.1100000000000000e+04	 7.1674123678438804e+01	  4.2793297339421366e+02	
  1.1130000000000000e+04	 7.1190166966884703e+01	  4.2619707039717474e+02	
  1.1160000000000000e+04	 7.0388046689368934e+01	  4.2556289252437267e+02	
  1.1190000000000000e+04	 7.1099415426870621e+01	  4.2414083831651226e+02	
  1.1220000000000000e+04	 7.0161396480971760e+01	  4.2402934625128057e+02	
  1.1250000000000000e+04	 7.1578770305287378e+01	  4.2244770272366151e+02	
  1.1280000000000000e+04	 7.0284473440382783e+01	  4.2135461812714937e+02	
  1.1310000000000000e+04	 6.9517600777303215e+01	  4.2064104426520890e+02	
  1.1340000000000000e+04	 7.1323230400387260e+01	  4.1936331882819849e+02	
  1.1370000000000000e+04	 4.8834859153140748e+01	  4.0104323186936472e+02	
  1.1400000000000000e+04	 1.6662872982264247e+01	  3.7512502107203608e+02	
  1.1430000000000000e+04	 -1.2188929293855733e+01	  3.5436365255461499e+02	
  1.1460000000000000e+04	 -3.4898110554483701e+01	  3.3126466068975890e+02	
  1.1490000000000000e+04	 -7.0581461645186394e+01	  3.0921879873523289e+02	
  1.1520000000000000e+04	 -1.0535157096931522e+02	  2.8687201998935757e+02	
  1.1550000000000000e+04	 -1.3328331030911573e+02	  2.7103338339682682e+02	
  1.1580000000000000e+04	 -1.7207164627550807e+02	  2.3918395617181955e+02	
  1.1610000000000000e+04	 -1.9489414383641198e+02	  2.2542467479844734e+02	
  1.1640000000000000e+04	 -2.2071513501997768e+02	  2.0943378678555450e+02	
  1.1670000000000000e+04	 -2.5038557799106715e+02	  1.8329161883039393e+02	
  1.1700000000000000e+04	 -2.8684023596709358e+02	  1.6151578981159349e+02	
  1.1730000000000000e+04	 -3.1638264350486577e+02	  1.3320904312930179e+02	
  1.1760000000000000e+04	 -3.3507081868031798e+02	  1.2274838769702522e+02	
  1.1790000000000000e+04	 -3.5738410199510957e+02	  1.0870135151226162e+02	
  1.1820000000000000e+04	 -3.9529141995255372e+02	  7.6857353181104443e+01	
  1.1850000000000000e+04	 -4.0946289670835580e+02	  6.0792786036722717e+01	
  1.1880000000000000e+04	 -4.4292601763641920e+02	  4.0923711267452418e+01	
  1.1910000000000000e+04	 -4.7674288793712844e+02	  1.5056778347450212e+01	
  1.1940000000000000e+04	 -5.0064375168084945e+02	  -5.0775363208401956e+00	
  1.1970000000000000e+04	 -5.2949121696753446e+02	  -3.2383349534486683e+01	
  1.2000000000000000e+04	 -5.5347225423312284e+02	  -4.6249905200065015e+01	
  1.2030000000000000e+04	 -5.1747646157591475e+02	  -2.4789865995390631e+01	
  1.2060000000000000e+04	 -4.8320472881745803e+02	  1.5729323771350003e+00	
  1.2090000000000000e+04	 -4.4336613513184568e+02	  2.7799372111888854e+01	
  1.2120000000000000e+04	 -4.0540972160506499e+02	  6.0553468879524956e+01	
  1.2150000000000000e+04	 -3.8497429432588041e+02	  7.9411326195673496e+01	
  1.2180000000000000e+04	 -3.5187874161034097e+02	  9.9908266379087550e+01	
  1.2210000000000000e+04	 -3.3581859965741938e+02	  1.1154534098208519e+02	
  1.2240000000000000e+04	 -3.0012704589548719e+02	  1.3561784610821979e+02	
  1.2270000000000000e+04	 -2.5740912480867729e+02	  1.6871058793775319e+02	
  1.2300000000000000e+04	 -2.3971799594684441e+02	  1.8403905348947166e+02	
  1.2330000000000000e+04	 -2.2042792472180366e+02	  1.9534693338955691e+02	
  1.2360000000000000e+04	 -1.9153200134484274e+02	  2.2042712307343155e+02	
  1.2390000000000000e+04	 -1.6310052909092099e+02	  1.9138345577225564e+02	
  1.2420000000000000e+04	 -1.4009870046434642e+02	  1.6493842393136777e+02	
  1.2450000000000000e+04	 -1.0910069222626689e+02	  1.2786940458634086e+02	
  1.2480000000000000e+04	 -8.2653514858515422e+01	  9.5062269990090414e+01	
  1.2510000000000000e+04	 -5.6537194784145278e+01	  7.1260528511133316e+01	
  1.2540000000000000e+04	 -2.8249087107097786e+01	  3.8693524080822158e+01	
  1.2570000000000000e+04	 2.1162839948317789e+00	  7.1205633148094094e+00	
  1.2600000000000000e+04	 3.0987020461437005e+01	  -2.4210796434510755e+01	
  1.2630000000000000e+04	 6.5741327302434343e+01	  -5.9945903596337097e+01	
  1.2660000000000000e+04	 8.9175140673385499e+01	  -8.8170847879581629e+01	
  1.2690000000000000e+04	 1.1097793684687824e+02	  -1.0684637022963503e+02	
  1.2720000000000000e+04	 1.3020803853823543e+02	  -1.2358893262144480e+02	
  1.2750000000000000e+04	 1.4608396538214129e+02	  -1.3956390418302124e+02	
  1.2780000000000000e+04	 1.6465776779753460e+02	  -1.6017740989327658e+02	
  1.2810000000000000e+04	 1.8402820032390929e+02	  -1.8177302807564610e+02	
  1.2840000000000000e+04	 2.0244792703404914e+02	  -1.9664130160683035e+02	
  1.2870000000000000e+04	 2.2445100476078809e+02	  -2.1862035694696411e+02	
  1.2900000000000000e+04	 2.4727013512732321e+02	  -2.3848765792138155e+02	
  1.2930000000000000e+04	 2.6914529947751407e+02	  -2.6266055707163446e+02	
  1.2960000000000000e+04	 2.8364912240381062e+02	  -2.7831237317965662e+02	
  1.2990000000000000e+04	 3.1144270981263168e+02	  -3.0853667605660843e+02	
  1.3020000000000000e+04	 3.4556772160499440e+02	  -3.3980408807934771e+02	
  1.3050000000000000e+04	 3.6954745697389808e+02	  -3.7111037007134775e+02	
  1.3080000000000000e+04	 3.7339042365298860e+02	  -3.7207433213121931e+02	
  1.3110000000000000e+04	 3.7284506360091325e+02	  -3.7224479737871195e+02	
  1.3140000000000000e+04	 3.7371110587128118e+02	  -3.7064695170758768e+02	
  1.3170000000000000e+04	 3.7333850612847175e+02	  -3.7219127798057394e+02	
  1.3200000000000000e+04	 3.7408794601265737e+02	  -3.7034975343181526e+02	
  1.3230000000000000e+04	 3.7510962179870739e+02	  -3.7099611647047919e+02	
  1.3260000000000000e+04	 3.7521907389329488e+02	  -3.7188839034824684e+02	
  1.3290000000000000e+04	 3.8937627623402045e+02	  -3.4872996991498809e+02	
  1.3320000000000000e+04	 4.1091315637036769e+02	  -3.2378382486644404e+02	
  1.3350000000000000e+04	 4.3698980964130021e+02	  -3.0420591105523971e+02	
  1.3380000000000000e+04	 4.5688451968726378e+02	  -2.7490098600197121e+02	
  1.3410000000000000e+04	 4.8679833208653616e+02	  -2.4230602595726833e+02	
  1.3440000000000000e+04	 5.1509493859997724e+02	  -2.1076512474127568e+02	
  1.3470000000000000e+04	 5.3912118393808305e+02	  -1.7811026915261326e+02	
  1.3500000000000000e+04	 5.6380554671323841e+02	  -1.4634618798289173e+02	
  1.3530000000000000e+04	 5.7917678074447645e+02	  -1.3064204559355255e+02	
  1.3560000000000000e+04	 6.0268909321486001e+02	  -1.0208804772946110e+02	
  1.3590000000000000e+04	 6.3129446386114887e+02	  -6.9849224561470010e+01	
  1.3620000000000000e+04	 6.5505845705424281e+02	  -4.7549416330569059e+01	
  1.3650000000000000e+04	 6.7314571455870043e+02	  -2.3915911279261600e+01	
  1.3680000000000000e+04	 6.3788785760265898e+02	  -2.0485740601924750e+01	
  1.3710000000000000e+04	 5.8978179233285471e+02	  -1.0122735554738256e+01	
  1.3740000000000000e+04	 5.6937409001583603e+02	  -7.7787138019547379e+00	
  1.3770000000000000e+04	 5.4816194497382332e+02	  -4.4324088105715287e+00	
  1.3800000000000000e+04	 5.1879684238631592e+02	  2.1875691545856304e+00	
  1.3830000000000000e+04	 4.8249895079069881e+02	  1.0735598060366524e+01	
  1.3860000000000000e+04	 4.5994728025873843e+02	  1.6100605838976335e+01	
  1.3890000000000000e+04	 4.1325256612624332e+02	  2.2605134817189750e+01	
  1.3920000000000000e+04	 3.8232440907137305e+02	  2.3951458995116461e+01	
  1.3950000000000000e+04	 3.6324875968634569e+02	  2.4982234678997376e+01	
  1.3980000000000000e+04	 3.1966937795908268e+02	  3.8900266991195302e+01	
  1.4010000000000000e+04	 2.9467580202023851e+02	  4.3347364554203764e+01	
  1.4040000000000000e+04	 2.5702745908426988e+02	  5.7810081495554144e+01	
  1.4070000000000000e+04	 2.3714905098019520e+02	  6.4189770202463080e+01	
  1.4100000000000000e+04	 2.0857980526201447e+02	  6.6369421910113928e+01	
  1.4130000000000000e+04	 1.7567023831518060e+02	  7.7861450204333750e+01	
  1.4160000000000000e+04	 1.2505828069898087e+02	  8.8239377012638087e+01	
  1.4190000000000000e+04	 9.2361539295754696e+01	  9.8196029182922445e+01	
  1.4220000000000000e+04	 4.8818194625564324e+01	  1.1230182682911257e+02	
  1.4250000000000000e+04	 1.8173724751369150e+01	  1.1902681699602907e+02	
  1.4280000000000000e+04	 -2.6931200850342819e+01	  1.3451749682314721e+02	
  1.4310000000000000e+04	 -5.2393338555086913e+01	  1.4002747205460904e+02	
  1.4340000000000000e+04	 -8.9642568353461883e+01	  1.4893041000868087e+02	
  1.4370000000000000e+04	 -1.0875587378392872e+02	  1.4908350721793627e+02	
  1.4400000000000000e+04	 -1.3121009748618064e+02	  1.5650540547365895e+02	
  1.4430000000000000e+04	 -1.7583695590031675e+02	  1.6453008591637578e+02	
  1.4460000000000000e+04	 -2.0702868114257831e+02	  1.7039203033298736e+02	
  1.4490000000000000e+04	 -2.3150786620154651e+02	  1.7987278263647551e+02	
  1.4520000000000000e+04	 -2.7052609271373467e+02	  1.8936885551484650e+02	
  1.4550000000000000e+04	 -3.0873657431623917e+02	  1.9118922233789402e+02	
  1.4580000000000000e+04	 -3.2469217884326122e+02	  1.9575756824649412e+02	
  1.4610000000000000e+04	 -3.2465588648410568e+02	  1.9626293480513610e+02	
  1.4640000000000000e+04	 -3.2515128098118475e+02	  1.9718840956933593e+02	
  1.4670000000000000e+04	 -3.2551732005511343e+02	  1.9688374756983325e+02	
  1.4700000000000000e+04	 -2.9831255101476813e+02	  2.2215039258049964e+02	
  1.4730000000000000e+04	 -2.7012770291570558e+02	  2.5115125167450594e+02	
  1.4760000000000000e+04	 -2.3112378621237343e+02	  2.8616207749837690e+02	
  1.4790000000000000e+04	 -2.0872599925601600e+02	  3.1085177884640143e+02	
  1.4820000000000000e+04	 -1.9407178541817927e+02	  3.3057454285098129e+02	
  1.4850000000000000e+04	 -1.7207516649109246e+02	  3.5434445193598964e+02	
  1.4880000000000000e+04	 -1.3827167468542268e+02	  3.8713949432372755e+02	
  1.4910000000000000e+04	 -1.1599478037534872e+02	  4.0650593590959897e+02	
  1.4940000000000000e+04	 -8.5088362099578859e+01	  4.3963728422653003e+02	
  1.4970000000000000e+04	 -6.3568020888038234e+01	  4.5337059158513466e+02	
  1.5000000000000000e+04	 -2.3391152025752604e+01	  4.8229610726585094e+02	
  1.5030000000000000e+04	 -7.3308024873998647e+00	  5.0134564831331915e+02	
  1.5060000000000000e+04	 3.5728139722412209e+01	  5.3341981828306666e+02	
  1.5090000000000000e+04	 6.7183448391626797e+01	  5.6223151519449937e+02	
  1.5120000000000000e+04	 9.1100101075824028e+01	  5.8522549681040482e+02	
  1.5150000000000000e+04	 1.1865410603018302e+02	  5.9874669546687551e+02	
  1.5180000000000000e+04	 1.1901759422810095e+02	  5.9772562255037474e+02	
  1.5210000000000000e+04	 1.1882546642027329e+02	  5.9867052671362637e+02	
  1.5240000000000000e+04	 1.1693333150473012e+02	  5.9787175746138678e+02	
  1.5270000000000000e+04	 1.1666365235819831e+02	  5.9808080690291013e+02	
  1.5300000000000000e+04	 1.1476559970913604e+02	  5.9639039477293534e+02	
  1.5330000000000000e+04	 1.1513590767190621e+02	  5.9450825375801310e+02	
  1.5360000000000000e+04	 1.1473707517708336e+02	  5.9371776821539333e+02	
  1.5390000000000000e+04	 1.1275162458833296e+02	  5.9264988923820727e+02	
  1.5420000000000000e+04	 1.0020587817460536e+02	  5.7617683875933176e+02	
  1.5450000000000000e+04	 7.5224933893891887e+01	  5.4070453364028924e+02	
  1.5480000000000000e+04	 5.9879746036157023e+01	  5.1923594976325523e+02	
  1.5510000000000000e+04	 3.7582631952986382e+01	  4.7797306253930776e+02	
  1.5540000000000000e+04	 2.5032552429941568e+01	  4.5605777910026313e+02	
  1.5570000000000000e+04	 7.3532556329589553e+00	  4.2432584316643965e+02	
  1.5600000000000000e+04	 -4.2826407709722289e+00	  4.0860902905433687e+02	
  1.5630000000000000e+04	 -2.5291102752148095e+01	  3.6898118754839527e+02	
  1.5660000000000000e+04	 -3.7302544774275027e+01	  3.4294957845928928e+02	
  1.5690000000000000e+04	 -5.3548970861738972e+01	  3.2041434284610227e+02	
  1.5720000000000000e+04	 -6.0712102748515129e+01	  3.0532792617734970e+02	
  1.5750000000000000e+04	 -7.8859022996637577e+01	  2.7822004899141479e+02	
  1.5780000000000000e+04	 -9.8048761725377744e+01	  2.4665109206345070e+02	
  1.5810000000000000e+04	 -1.1469655058133274e+02	  2.2802838298248113e+02	
  1.5840000000000000e+04	 -1.2560989929714181e+02	  2.0960920097993488e+02	
  1.5870000000000000e+04	 -1.4972625256083043e+02	  1.7857277502271623e+02	
  1.5900000000000000e+04	 -1.6695553694365361e+02	  1.5695371976320754e+02	
  1.5930000000000000e+04	 -1.8290383355269586e+02	  1.2831064512293622e+02	
  1.5960000000000000e+04	 -1.9880508055086710e+02	  9.7908241968961633e+01	
  1.5990000000000000e+04	 -2.2676979338930798e+02	  5.2839002667435750e+01	
  1.6020000000000000e+04	 -2.3845512658048133e+02	  3.0830720417402194e+01	
  1.6050000000000000e+04	 -2.5747654331870251e+02	  -7.0710818977940200e+00	
  1.6080000000000000e+04	 -2.6828775833517545e+02	  -2.5253664230618153e+01	
  1.6110000000000000e+04	 -2.7904723719130106e+02	  -5.0180344342507844e+01	
  1.6140000000000000e+04	 -2.9731517849513136e+02	  -7.0641451609084413e+01	
  1.6170000000000000e+04	 -3.2298604947067918e+02	  -1.0846126938047776e+02	
  1.6200000000000000e+04	 -3.3129076616507513e+02	  -5.4628624700957104e+01	
  1.6230000000000000e+04	 -3.3361641433071412e+02	  -2.9940386854905228e+01	
  1.6260000000000000e+04	 -3.3432150134483817e+02	  2.0145862958193042e+01	
  1.6290000000000000e+04	 -3.3690369881620887e+02	  5.7669853409809043e+01	
  1.6320000000000000e+04	 -3.3466645086571009e+02	  1.0710602101749279e+02	
  1.6350000000000000e+04	 -3.4349792689189763e+02	  1.5182526505602058e+02	
  1.6380000000000000e+04	 -3.4232111578936554e+02	  1.7505684131255433e+02	
  1.6410000000000000e+04	 -3.4428871100714872e+02	  1.7400154758746493e+02	
  1.6440000000000000e+04	 -3.4579904559378792e+02	  1.7517052629530610e+02	
  1.6470000000000000e+04	 -3.4471265608874103e+02	  1.7369440054242216e+02	
  1.6500000000000000e+04	 -3.6753590417269987e+02	  1.8491325664581146e+02	
  1.6530000000000000e+04	 -3.6582723805553417e+02	  1.8383123194301461e+02	
  1.6560000000000000e+04	 -3.5706100876205812e+02	  2.0802848580828456e+02	
  1.6590000000000000e+04	 -3.4904153887015485e+02	  2.3063637774939932e+02	
  1.6620000000000000e+04	 -3.3980094380677457e+02	  2.6780915878342523e+02	
  1.6650000000000000e+04	 -3.3976686319355730e+02	  2.9004732723439673e+02	
  1.6680000000000000e+04	 -3.3086996995089515e+02	  3.4198736853515231e+02	
  1.6710000000000000e+04	 -3.2121399079556215e+02	  3.8220239148979397e+02	
  1.6740000000000000e+04	 -3.1690067542409525e+02	  4.2777871707892115e+02	
  1.6770000000000000e+04	 -3.0747941383448409e+02	  4.5327107874292398e+02	
  1.6800000000000000e+04	 -3.0614290008919119e+02	  4.9372889491414560e+02	
  1.6830000000000000e+04	 -3.0029472290621817e+02	  5.1427872844245508e+02	
  1.6860000000000000e+04	 -2.9843867876044231e+02	  5.1320686653306609e+02	
  1.6890000000000000e+04	 -2.9687387353056204e+02	  5.1345134103583666e+02	
  1.6920000000000000e+04	 -2.9538306860687976e+02	  5.1415617676149327e+02	
  1.6950000000000000e+04	 -2.9582434141949449e+02	  5.1353664615666776e+02	
  1.6980000000000000e+04	 -2.9546866842107823e+02	  5.1287240527650749e+02	
  1.7010000000000000e+04	 -2.9575036135325115e+02	  5.1298949884123658e+02	
  1.7040000000000000e+04	 -2.6254316954432022e+02	  5.1136799101460088e+02	
  1.7070000000000000e+04	 -2.2245965153353606e+02	  5.1284378272376898e+02	
  1.7100000000000000e+04	 -1.7220913710870457e+02	  5.0866346476866130e+02	
  1.7130000000000000e+04	 -1.3518806832481573e+02	  5.0319752782043139e+02	
  1.7160000000000000e+04	 -9.2112917860891955e+01	  5.0149452919130869e+02	
  1.7190000000000000e+04	 -4.3771639111759455e+01	  4.9655011062930163e+02	
  1.7220000000000000e+04	 4.3369281085667382e+00	  4.9477185515112996e+02	
  1.7250000000000000e+04	 2.1080991447049321e+01	  4.9375906273657665e+02	
  1.7280000000000000e+04	 6.7756224824411930e+01	  4.9492838838951940e+02	
  1.7310000000000000e+04	 1.1512950899728293e+02	  4.9261039788650641e+02	
  1.7340000000000000e+04	 1.3218244897564472e+02	  4.9417658525569249e+02	
  1.7370000000000000e+04	 1.5674207846597355e+02	  4.9123344568344908e+02	
  1.7400000000000000e+04	 1.9868190448876345e+02	  4.9679538680659357e+02	
  1.7430000000000000e+04	 2.3484558474587325e+02	  4.9489247791770470e+02	
  1.7460000000000000e+04	 2.3122280675418961e+02	  4.9843924346741483e+02	
  1.7490000000000000e+04	 2.3310958613963516e+02	  4.9679970942615614e+02	
  1.7520000000000000e+04	 2.3158525660027470e+02	  4.9768127165754481e+02	
  1.7550000000000000e+04	 2.3232718803556713e+02	  4.9712668709359804e+02	
  1.7580000000000000e+04	 2.8378113183878190e+02	  4.9710988415457416e+02	
  1.7610000000000000e+04	 3.0660274658341740e+02	  4.9927965220350734e+02	
  1.7640000000000000e+04	 3.4374731522831195e+02	  4.9674906192087866e+02	
  1.7670000000000000e+04	 3.9766787843621017e+02	  4.9431802702505263e+02	
  1.7700000000000000e+04	 4.3023161333714251e+02	  4.9332846805023490e+02	
  1.7730000000000000e+04	 4.8128969297039799e+02	  4.9517238546062202e+02	
  1.7760000000000000e+04	 5.2318391992630734e+02	  4.9401351322704147e+02	
  1.7790000000000000e+04	 5.6468017850126876e+02	  4.9359900187833665e+02	
  1.7820000000000000e+04	 5.8671192346721591e+02	  4.9018974634929225e+02	
  1.7850000000000000e+04	 6.0803377441332316e+02	  4.9113280172470911e+02	
  1.7880000000000000e+04	 6.2784694529161322e+02	  4.9109401496261825e+02	
  1.7910000000000000e+04	 6.6882470403346781e+02	  4.8686808583696774e+02	
  1.7940000000000000e+04	 6.9548775921654283e+02	  4.8974162466379704e+02	
  1.7970000000000000e+04	 7.4053173692575695e+02	  4.9102730728275691e+02	
  1.8000000000000000e+04	 7.9208735242678790e+02	  4.8397942698598234e+02	
  1.8030000000000000e+04	 7.5783794127022941e+02	  4.6329754182741863e+02	
  1.8060000000000000e+04	 7.1756020838066456e+02	  4.3436063580671083e+02	
  1.8090000000000000e+04	 6.8308888192649374e+02	  4.1186268266606533e+02	
  1.8120000000000000e+04	 6.4503093301126967e+02	  3.9353385121639622e+02	
  1.8150000000000000e+04	 6.0862369642214082e+02	  3.7297594134495762e+02	
  1.8180000000000000e+04	 5.8942793471400716e+02	  3.6722025056033772e+02	
  1.8210000000000000e+04	 5.5032960308559223e+02	  3.4280282227893088e+02	
  1.8240000000000000e+04	 5.0870822928761464e+02	  3.2408434432439810e+02	
  1.8270000000000000e+04	 4.6414513332999206e+02	  3.0405808521745166e+02	
  1.8300000000000000e+04	 4.3353303119236875e+02	  2.7851934631986296e+02	
  1.8330000000000000e+04	 4.0851834185988054e+02	  2.6243568616532133e+02	
  1.8360000000000000e+04	 3.7203669309377204e+02	  2.4188131731227492e+02	
  1.8390000000000000e+04	 3.3821980973791347e+02	  2.2287339998578088e+02	
  1.8420000000000000e+04	 3.1194607224970900e+02	  2.0294497801553311e+02	
  1.8450000000000000e+04	 2.7943686972324645e+02	  1.8586833721802515e+02	
  1.8480000000000000e+04	 2.3897683771065078e+02	  1.6416720394593045e+02	
  1.8510000000000000e+04	 2.1505847189129165e+02	  1.4680357505099695e+02	
  1.8540000000000000e+04	 1.9196834575211804e+02	  1.3608265659350053e+02	
  1.8570000000000000e+04	 1.5917222778202594e+02	  1.0968552060123807e+02	
  1.8600000000000000e+04	 1.3162870526617283e+02	  9.5794431724569350e+01	
  1.8630000000000000e+04	 9.5612484168905212e+01	  7.2950230224819848e+01	
  1.8660000000000000e+04	 7.8423334666391696e+01	  6.5308777138032738e+01	
  1.8690000000000000e+04	 4.1353888450356720e+01	  4.0329137897222743e+01	
  1.8720000000000000e+04	 7.2187037063428363e+00	  2.6998309980048347e+01	
  1.8750000000000000e+04	 -1.6331800457454513e+01	  1.1092959455996061e+01	
  1.8780000000000000e+04	 -4.4090795816884665e+01	  -3.9163158438410246e+00	
  1.8810000000000000e+04	 -7.5941316418337180e+01	  -1.7865275868595788e+01	
  1.8840000000000000e+04	 -1.0734050698921641e+02	  -3.7284988176569463e+01	
  1.8870000000000000e+04	 -1.3553388964283033e+02	  -5.8998263044236545e+01	
  1.8900000000000000e+04	 -1.6217648296775451e+02	  -7.6302796035340535e+01	
  1.8930000000000000e+04	 -1.8554153205198759e+02	  -8.5827534244518517e+01	
  1.8960000000000000e+04	 -2.0525859209381736e+02	  -1.0263724318321027e+02	
  1.8990000000000000e+04	 -2.3008326538377833e+02	  -1.1541519138176385e+02	
  1.9020000000000000e+04	 -2.6811195691135970e+02	  -1.3670976363871571e+02	
  1.9050000000000000e+04	 -3.1084487869357213e+02	  -1.5956461462089734e+02	
  1.9080000000000000e+04	 -3.4783366599715504e+02	  -1.8117619859661448e+02	
  1.9110000000000000e+04	 -3.7420222297267787e+02	  -2.0111182025724023e+02	
  1.9140000000000000e+04	 -3.9689059872602513e+02	  -2.1114529280720456e+02	
  1.9170000000000000e+04	 -4.1043070315536289e+02	  -2.1857522060357837e+02	
  1.9200000000000000e+04	 -4.1999350228654231e+02	  -2.2519726075239095e+02	
  1.9230000000000000e+04	 -4.2110781172232612e+02	  -2.2484914201494539e+02	
  1.9260000000000000e+04	 -4.2074783205525978e+02	  -2.2531482188095831e+02	
  1.9290000000000000e+04	 -4.2186229891833688e+02	  -2.2716614756247984e+02	
  1.9320000000000000e+04	 -4.2372670886827206e+02	  -2.2533770139533820e+02	
  1.9350000000000000e+04	 -4.2451236787627749e+02	  -2.2446541223188163e+02	
  1.9380000000000000e+04	 -4.2535759113489848e+02	  -2.2438189831727598e+02	
  1.9410000000000000e+04	 -4.2732551898434576e+02	  -2.2476810026693889e+02	
  1.9440000000000000e+04	 -4.2668730769827948e+02	  -2.2663854540107624e+02	
  1.9470000000000000e+04	 -3.8872801020467119e+02	  -2.5103729134553245e+02	
  1.9500000000000000e+04	 -3.4930609843123852e+02	  -2.6668220297468173e+02	
  1.9530000000000000e+04	 -3.1881578409548439e+02	  -2.7567157443524667e+02	
  1.9560000000000000e+04	 -2.7773008250145358e+02	  -2.9864836274566949e+02	
  1.9590000000000000e+04	 -2.4081779874256011e+02	  -3.2055702560996622e+02	
  1.9620000000000000e+04	 -2.1829579439476538e+02	  -3.2662036831080229e+02	
  1.9650000000000000e+04	 -1.8531139645851385e+02	  -3.4564041292730877e+02	
  1.9680000000000000e+04	 -1.4667126041414684e+02	  -3.6250917321093550e+02	
  1.9710000000000000e+04	 -1.2919420908488519e+02	  -3.7088241215414996e+02	
  1.9740000000000000e+04	 -1.0370174787906140e+02	  -3.8787145813508107e+02	
  1.9770000000000000e+04	 -7.0232458707068474e+01	  -4.0611657995847787e+02	
  1.9800000000000000e+04	 -2.4690694896793467e+01	  -4.2719192022405633e+02	
  1.9830000000000000e+04	 -1.8328259346311953e+00	  -4.3386468447563993e+02	
  1.9860000000000000e+04	 1.9789278143361557e+01	  -4.4522806105297889e+02	
  1.9890000000000000e+04	 4.5456038092302947e+01	  -4.5576118126897848e+02	
  1.9920000000000000e+04	 6.1623987146209345e+01	  -4.6569503271420820e+02	
  1.9950000000000000e+04	 7.8667380847699292e+01	  -4.7100732499453852e+02	
  1.9980000000000000e+04	 1.0612455734647074e+02	  -4.8676738610941459e+02	
  2.0010000000000000e+04	 1.2052526547381612e+02	  -4.9325489639405072e+02	
  2.0040000000000000e+04	 1.6210934716949771e+02	  -5.0955827816590477e+02	
  2.0070000000000000e+04	 1.5538538668451540e+02	  -4.8328810683541019e+02	
  2.0100000000000000e+04	 1.4561586744448869e+02	  -4.4761403859713829e+02	
  2.0130000000000000e+04	 1.3307263964768524e+02	  -4.1119203804476371e+02	
  2.0160000000000000e+04	 1.2509693544911458e+02	  -3.8092061897498201e+02	
  2.0190000000000000e+04	 1.1478728290655161e+02	  -3.4076823172052184e+02	
  2.0220000000000000e+04	 9.7317950812680522e+01	  -3.0141131212851440e+02	
  2.0250000000000000e+04	 8.2486036059281318e+01	  -2.5386192188836046e+02	
  2.0280000000000000e+04	 7.4898444747133595e+01	  -2.3071364355851986e+02	
  2.0310000000000000e+04	 7.1831005023702375e+01	  -2.2573838923124603e+02	
  2.0340000000000000e+04	 7.2372308556288189e+01	  -2.2376496151299284e+02	
  2.0370000000000000e+04	 7.3613179826753793e+01	  -2.2488207197416151e+02	
  2.0400000000000000e+04	 7.3479940106435336e+01	  -2.2378307755556486e+02	
  2.0430000000000000e+04	 7.3208795851880353e+01	  -2.2258369246546243e+02	
  2.0460000000000000e+04	 7.1490160324405281e+01	  -1.9453522322905414e+02	
  2.0490000000000000e+04	 7.0418290666535327e+01	  -1.7012342684154527e+02	
  2.0520000000000000e+04	 6.7522657937477476e+01	  -1.4353467591256694e+02	
  2.0550000000000000e+04	 6.3175879369830369e+01	  -9.9878421375847424e+01	
  2.0580000000000000e+04	 5.5733314174963581e+01	  -6.8703590440990268e+01	
  2.0610000000000000e+04	 5.4033907799277074e+01	  -1.9367624469376914e+01	
  2.0640000000000000e+04	 5.2891237487509613e+01	  2.5888596006964349e+01	
  2.0670000000000000e+04	 5.3984814895585551e+01	  6.3519694552439141e+01	
  2.0700000000000000e+04	 5.2195830013273522e+01	  8.5073656239334596e+01	
  2.0730000000000000e+04	 4.5054600457849816e+01	  1.1356684890888917e+02	
  2.0760000000000000e+04	 3.9381096593297102e+01	  1.5813033330782881e+02	
  2.0790000000000000e+04	 3.2345516428514117e+01	  1.9360319481511235e+02	
  2.0820000000000000e+04	 2.8267647743189343e+01	  2.4101576811904255e+02	
  2.0850000000000000e+04	 2.0182079983904814e+01	  2.8972917265119020e+02	
  2.0880000000000000e+04	 1.9730066407570373e+01	  3.1006200691276928e+02	
  2.0910000000000000e+04	 1.2718410415651357e+01	  3.3991901736772064e+02	
  2.0940000000000000e+04	 7.0756558676356587e+00	  3.8243205580529582e+02	
  2.0970000000000000e+04	 5.6844422089311255e+00	  4.2218678223882307e+02	
  2.1000000000000000e+04	 9.2389069579887462e+00	  4.4663315588800418e+02	
  2.1030000000000000e+04	 8.2531556036575697e+00	  4.8595151398509961e+02	
  2.1060000000000000e+04	 8.5677421512615659e-01	  5.2037450230937304e+02	
  2.1090000000000000e+04	 4.5451111384544349e+00	  5.4133242275182522e+02	
  2.1120000000000000e+04	 4.8632780970474251e+01	  5.3553695157218738e+02	
  2.1150000000000000e+04	 8.5847112900784083e+01	  5.2665550912789968e+02	
  2.1180000000000000e+04	 1.1668823664902627e+02	  5.2102581803159262e+02	
  2.1210000000000000e+04	 1.5594085554807987e+02	  5.0544231144277137e+02	
  2.1240000000000000e+04	 1.9249608470723010e+02	  4.9796212442963093e+02	
  2.1270000000000000e+04	 2.3222231459155887e+02	  4.8474543799930160e+02	
  2.1300000000000000e+04	 2.5353773148783972e+02	  4.7788279870399026e+02	
  2.1330000000000000e+04	 2.7731341116305288e+02	  4.7684528721060587e+02	
  2.1360000000000000e+04	 3.1706738040083656e+02	  4.7060757184066966e+02	
  2.1390000000000000e+04	 3.5474727642850877e+02	  4.5879286807384068e+02	
  2.1420000000000000e+04	 3.8895566387488725e+02	  4.5090979009882864e+02	
  2.1450000000000000e+04	 4.0818821802305081e+02	  4.4533136093490850e+02	
  2.1480000000000000e+04	 4.2985338059407127e+02	  4.3868484262438233e+02	
  2.1510000000000000e+04	 4.2888750564143248e+02	  4.4035389930092111e+02	
  2.1540000000000000e+04	 4.2710887122348663e+02	  4.3962646196244123e+02	
  2.1570000000000000e+04	 4.2517838901361262e+02	  4.4026578123075438e+02	
  2.1600000000000000e+04	 4.2543209157116547e+02	  4.4020018801447651e+02	
  2.1630000000000000e+04	 4.2672660894204199e+02	  4.3993273222920766e+02	
  2.1660000000000000e+04	 4.2813920990436594e+02	  4.4125853100168820e+02	
  2.1690000000000000e+04	 4.2714238078459920e+02	  4.4050032537485322e+02	
  2.1720000000000000e+04	 4.0497753567405726e+02	  4.0408903332126198e+02	
  2.1750000000000000e+04	 3.9067684192278938e+02	  3.7363303107746088e+02	
  2.1780000000000000e+04	 3.6638972279815141e+02	  3.2888677292922807e+02	
  2.1810000000000000e+04	 3.4811598816251501e+02	  2.9704916354066637e+02	
  2.1840000000000000e+04	 3.3238973973374533e+02	  2.7354799809717440e+02	
  2.1870000000000000e+04	 3.1820026625593925e+02	  2.4661737162209178e+02	
  2.1900000000000000e+04	 3.0926953054158514e+02	  2.2886574019293761e+02	
  2.1930000000000000e+04	 2.9985149475690309e+02	  2.0253575220214159e+02	
  2.1960000000000000e+04	 2.8477862943502856e+02	  1.7599210309457075e+02	
  2.1990000000000000e+04	 2.6914862738349160e+02	  1.4585466875698580e+02	
  2.2020000000000000e+04	 2.5007208958029992e+02	  1.0416122265811623e+02	
  2.2050000000000000e+04	 2.3591813664832230e+02	  7.1985365960016580e+01	
  2.2080000000000000e+04	 2.1763748475758564e+02	  3.6962786096122002e+01	
  2.2110000000000000e+04	 1.9565291004818187e+02	  -7.5535345123114865e+00	
  2.2140000000000000e+04	 1.7777135960264428e+02	  -4.7743730187068437e+01	
  2.2170000000000000e+04	 1.5480050245559767e+02	  -9.2291636833631969e+01	
  2.2200000000000000e+04	 1.3940541012139497e+02	  -1.2585322089614995e+02	
  2.2230000000000000e+04	 1.1888111415594503e+02	  -1.6535191392678439e+02	
  2.2260000000000000e+04	 9.5936964965650816e+01	  -1.9955016036478253e+02	
  2.2290000000000000e+04	 7.0370024090453626e+01	  -2.4514498426674550e+02	
  2.2320000000000000e+04	 4.8752149843991113e+01	  -2.7946848045861032e+02	
  2.2350000000000000e+04	 2.7318315293706760e+01	  -3.1916843160438805e+02	
  2.2380000000000000e+04	 1.3528827747750828e+01	  -3.4598863964722887e+02	
  2.2410000000000000e+04	 7.6699975689209072e+00	  -3.6774846272390403e+02	
  2.2440000000000000e+04	 -1.4138893613239336e+00	  -3.8841367536890959e+02	
  2.2470000000000000e+04	 -1.3202069264508969e+01	  -4.0700573843300282e+02	
  2.2500000000000000e+04	 -2.5578969668199612e+01	  -4.3668403715945504e+02	
  2.2530000000000000e+04	 -1.7705007347031842e+01	  -3.8817925195905298e+02	
  2.2560000000000000e+04	 -7.3069981988120869e+00	  -3.4872980221455214e+02	
  2.2590000000000000e+04	 -1.5837415273799555e+00	  -3.0940149810348083e+02	
  2.2620000000000000e+04	 5.4074906139042946e+00	  -2.7851764131749570e+02	
  2.2650000000000000e+04	 1.5434765863532704e+01	  -2.2430886421612928e+02	
  2.2680000000000000e+04	 2.6502783459639005e+01	  -1.7711538721500148e+02	
  2.2710000000000000e+04	 3.0730530712051571e+01	  -1.2494291705597387e+02	
  2.2740000000000000e+04	 3.2859617802489282e+01	  -7.5802113033356449e+01	
  2.2770000000000000e+04	 4.1512671034362711e+01	  -5.0426124721936127e+01	
  2.2800000000000000e+04	 4.5713361280513382e+01	  -1.1661528595662496e+01	
  2.2830000000000000e+04	 4.9126986690793217e+01	  3.8334451407908425e+01	
  2.2860000000000000e+04	 5.9222916812856241e+01	  7.5625113819117175e+01	
  2.2890000000000000e+04	 6.6885937343866630e+01	  1.2578959207658231e+02	
  2.2920000000000000e+04	 6.9893043395333351e+01	  1.4492243006621825e+02	
  2.2950000000000000e+04	 7.6351889701100333e+01	  1.8563271182260857e+02	
  2.2980000000000000e+04	 8.8083438955121423e+01	  2.3664264354920459e+02	
  2.3010000000000000e+04	 9.4837085669237979e+01	  2.5886947383101915e+02	
  2.3040000000000000e+04	 9.7577761014495692e+01	  2.9688724921649447e+02	
  2.3070000000000000e+04	 1.0106492101445247e+02	  3.2142846354266760e+02	
  2.3100000000000000e+04	 1.1016088562238433e+02	  3.5339546497790951e+02	
  2.3130000000000000e+04	 1.1211932495920431e+02	  3.8727679105129141e+02	
  2.3160000000000000e+04	 1.1312391339112293e+02	  3.8905476695992621e+02	
  2.3190000000000000e+04	 1.1496903714263145e+02	  3.8803494039773915e+02	
  2.3220000000000000e+04	 1.1488600427900916e+02	  3.8917762957485184e+02	
  2.3250000000000000e+04	 1.1342613164861395e+02	  3.8763700981747962e+02	
  2.3280000000000000e+04	 1.1186469196833001e+02	  3.8677183770093365e+02	
  2.3310000000000000e+04	 1.1350585041391186e+02	  3.8673468405705876e+02	
  2.3340000000000000e+04	 1.1372677864758114e+02	  3.8687232566952247e+02	
  2.3370000000000000e+04	 1.3908888230443569e+02	  3.6703058149370258e+02	
  2.3400000000000000e+04	 1.7173782448530375e+02	  3.4257616939414117e+02	
  2.3430000000000000e+04	 2.0639537714877696e+02	  3.2196884668136283e+02	
  2.3460000000000000e+04	 2.5398749304782825e+02	  3.0015122377174987e+02	
  2.3490000000000000e+04	 2.7771595663089818e+02	  2.8653083446678716e+02	
  2.3520000000000000e+04	 2.9734172689675171e+02	  2.7479286051461111e+02	
  2.3550000000000000e+04	 2.6198142423400088e+02	  2.4155667138895129e+02	
  2.3580000000000000e+04	 2.3331382626185939e+02	  2.1872044732287802e+02	
  2.3610000000000000e+04	 2.1885224326526406e+02	  2.0831387268489578e+02	
  2.3640000000000000e+04	 1.8585595521911009e+02	  1.7466029354971647e+02	
  2.3670000000000000e+04	 1.6241769991418829e+02	  1.5177176750252886e+02	
  2.3700000000000000e+04	 1.2997063071848658e+02	  1.2441213215518108e+02	
  2.3730000000000000e+04	 1.1328335300877063e+02	  1.0466748530175636e+02	
  2.3760000000000000e+04	 7.7309075219877428e+01	  7.3135890689858996e+01	
  2.3790000000000000e+04	 3.6096380824455053e+01	  4.2403360798277916e+01	
  2.3820000000000000e+04	 7.0102146030237975e+01	  6.9097485595224569e+01	
  2.3850000000000000e+04	 1.0492240190640638e+02	  9.6341826207581562e+01	
  2.3880000000000000e+04	 1.2533638343966655e+02	  1.0653898334039637e+02	
  2.3910000000000000e+04	 1.5203125544233473e+02	  1.3573225201398668e+02	
  2.3940000000000000e+04	 1.7096919467800763e+02	  1.5008006997500465e+02	
  2.3970000000000000e+04	 2.0379487421905455e+02	  1.7920481341083973e+02	
  2.4000000000000000e+04	 2.3689811602094815e+02	  1.9995710648064144e+02	
  2.4030000000000000e+04	 2.6386942878673062e+02	  2.2622246628259629e+02	
  2.4060000000000000e+04	 2.3964101182849782e+02	  2.1517532929927691e+02	
  2.4090000000000000e+04	 2.0599050430280894e+02	  1.9503964898505768e+02	
  2.4120000000000000e+04	 1.7356434156293631e+02	  1.8071715982423953e+02	
  2.4150000000000000e+04	 1.3617248713906901e+02	  1.5234606362300323e+02	
  2.4180000000000000e+04	 1.0186258648082639e+02	  1.3773056641189027e+02	
  2.4210000000000000e+04	 8.6930823166112475e+01	  1.2858039755369208e+02	
  2.4240000000000000e+04	 5.3666174752604078e+01	  1.0716883659623613e+02	
  2.4270000000000000e+04	 3.3352315283266954e+01	  9.0750599503435723e+01	
  2.4300000000000000e+04	 1.5311251291991013e+01	  8.0407213877839951e+01	
  2.4330000000000000e+04	 -1.4037614509432185e+01	  6.1298934372430423e+01	
  2.4360000000000000e+04	 -4.0638938116972994e+01	  4.4332818601086103e+01	
  2.4390000000000000e+04	 -6.7472376020214142e+01	  2.2986127685487510e+01	
  2.4420000000000000e+04	 -9.1292609504164474e+01	  8.7597457099288683e+00	
  2.4450000000000000e+04	 -1.2025381342279542e+02	  -7.3095901548975135e+00	
  2.4480000000000000e+04	 -1.4068953496930615e+02	  -1.9120448817944272e+01	
  2.4510000000000000e+04	 -1.7729155027232454e+02	  -4.1753974837784810e+01	
  2.4540000000000000e+04	 -1.9594877871917947e+02	  -5.9022113314261517e+01	
  2.4570000000000000e+04	 -2.2056840787795940e+02	  -6.9332659467230371e+01	
  2.4600000000000000e+04	 -2.6096007912923443e+02	  -9.4320766628764375e+01	
  2.4630000000000000e+04	 -2.8207087371798497e+02	  -1.0391380844145476e+02	
  2.4660000000000000e+04	 -3.0334030894610851e+02	  -1.1139758776119461e+02	
  2.4690000000000000e+04	 -3.3200022289587071e+02	  -1.3308604250196692e+02	
  2.4720000000000000e+04	 -3.6433899911582279e+02	  -1.6129572854464001e+02	
  2.4750000000000000e+04	 -3.9056202334459664e+02	  -1.7605012422639874e+02	
  2.4780000000000000e+04	 -3.6486005540546040e+02	  -1.9982588682257185e+02	
  2.4810000000000000e+04	 -3.4755906456495086e+02	  -2.2150920880003642e+02	
  2.4840000000000000e+04	 -3.2460120783613468e+02	  -2.3959794282044814e+02	
  2.4870000000000000e+04	 -3.1000626193305169e+02	  -2.5489436684828411e+02	
  2.4900000000000000e+04	 -2.9416179032721942e+02	  -2.6995752921243741e+02	
  2.4930000000000000e+04	 -2.5180821387416694e+02	  -2.9655619661017840e+02	
  2.4960000000000000e+04	 -2.2044388498486421e+02	  -3.2862623030834493e+02	
  2.4990000000000000e+04	 -1.8066388351374758e+02	  -3.6017684243596580e+02	
  2.5020000000000000e+04	 -1.5086445509492904e+02	  -3.7791453019951274e+02	
  2.5050000000000000e+04	 -1.2850556113789634e+02	  -4.0206150091870450e+02	
  2.5080000000000000e+04	 -1.0711749305976792e+02	  -4.1923308214526810e+02	
  2.5110000000000000e+04	 -1.0189016748422465e+02	  -3.8816252958567640e+02	
  2.5140000000000000e+04	 -9.3031365327373351e+01	  -3.6741247941495800e+02	
  2.5170000000000000e+04	 -8.6434488560111888e+01	  -3.4457824344820369e+02	
  2.5200000000000000e+04	 -7.4077405564969894e+01	  -3.1028628151335602e+02	
  2.5230000000000000e+04	 -5.8971759427755799e+01	  -2.6024343706284446e+02	
  2.5260000000000000e+04	 -4.8642665327937308e+01	  -2.3240883525136587e+02	
  2.5290000000000000e+04	 -4.0047184553424756e+01	  -2.0760835588136783e+02	
  2.5320000000000000e+04	 -2.9333537431818783e+01	  -1.6310267776971079e+02	
  2.5350000000000000e+04	 -2.9001845808556865e+01	  -1.2464047230309563e+02	
  2.5380000000000000e+04	 -1.6364145477258980e+01	  -7.6437942575198164e+01	
  2.5410000000000000e+04	 -6.2640303499410166e+00	  -2.9462396705605826e+01	
  2.5440000000000000e+04	 -5.4386353066051178e+00	  6.7654697666607788e-01	
  2.5470000000000000e+04	 -6.0825056830270423e+00	  2.4903197614889647e+00	
  2.5500000000000000e+04	 -6.8954617185999023e+00	  4.3848414016859447e+00	
  2.5530000000000000e+04	 -7.6106480011010991e+00	  3.6386598361330549e+00	
  2.5560000000000000e+04	 9.9395273410907503e+00	  3.1815294883268447e+01	
  2.5590000000000000e+04	 2.8608868486066839e+01	  6.0180779677981079e+01	
  2.5620000000000000e+04	 4.7112696545709554e+01	  9.3959019089252791e+01	
  2.5650000000000000e+04	 6.9454423779477736e+01	  1.3505751019477162e+02	
  2.5680000000000000e+04	 7.7343139292752838e+01	  1.5916427137562221e+02	
  2.5710000000000000e+04	 9.2140890281714235e+01	  1.8850032864356535e+02	
  2.5740000000000000e+04	 1.1211108352150185e+02	  2.2772890112240941e+02	
  2.5770000000000000e+04	 1.2590476073740362e+02	  2.5087391467418070e+02	
  2.5800000000000000e+04	 1.3943968302599237e+02	  2.8054923061005576e+02	
  2.5830000000000000e+04	 1.5867022627410466e+02	  3.1959462191433823e+02	
  2.5860000000000000e+04	 1.8315615713124788e+02	  3.5603481188507106e+02	
  2.5890000000000000e+04	 2.0383700343099434e+02	  3.8742654891244837e+02	
  2.5920000000000000e+04	 2.2372597130932658e+02	  4.2118343911175180e+02	
  2.5950000000000000e+04	 2.4803818893023634e+02	  4.6183265136295489e+02	
  2.5980000000000000e+04	 2.5373892551592553e+02	  4.8992805110104325e+02	
  2.6010000000000000e+04	 2.5213963469140813e+02	  4.8917305108693796e+02	
  2.6040000000000000e+04	 2.5323174083482846e+02	  4.8845829255176761e+02	
  2.6070000000000000e+04	 2.5501024538947678e+02	  4.8648650381517444e+02	
  2.6100000000000000e+04	 2.5326195363050729e+02	  4.8845138180952728e+02	
  2.6130000000000000e+04	 2.5170757134630125e+02	  4.8684225495200519e+02	
  2.6160000000000000e+04	 2.5121793291737740e+02	  4.8854838867188852e+02	
  2.6190000000000000e+04	 2.5019437798028480e+02	  4.8988941427908344e+02	
  2.6220000000000000e+04	 2.3769420029985025e+02	  4.5951354209708842e+02	
  2.6250000000000000e+04	 2.1693099287113125e+02	  4.2733031136055786e+02	
  2.6280000000000000e+04	 2.0301461753804929e+02	  3.9521559794812543e+02	
  2.6310000000000000e+04	 1.8938537060566856e+02	  3.7654838545020624e+02	
  2.6340000000000000e+04	 1.7218510351464994e+02	  3.4190115581788950e+02	
  2.6370000000000000e+04	 1.5403154737051040e+02	  3.2316405425903872e+02	
  2.6400000000000000e+04	 1.3166099655214219e+02	  2.8128732634410829e+02	
  2.6430000000000000e+04	 1.0821052987573674e+02	  2.4502933264273085e+02	
  2.6460000000000000e+04	 8.7147214206482886e+01	  2.0283919938969851e+02	
  2.6490000000000000e+04	 7.3750366935506563e+01	  1.8068043530797698e+02	
  2.6520000000000000e+04	 5.0483546043771909e+01	  1.4263877168405105e+02	
  2.6550000000000000e+04	 3.0531831349701076e+01	  1.0355473642434777e+02	
  2.6580000000000000e+04	 1.1836653012628190e+01	  7.2865597867827944e+01	
  2.6610000000000000e+04	 -4.5312997350668311e+00	  4.4454555905597161e+01	
  2.6640000000000000e+04	 -3.0912853766734749e+01	  -1.2973627498197260e+00	
  2.6670000000000000e+04	 -5.1774145372273097e+01	  -3.6734065780829738e+01	
  2.6700000000000000e+04	 -6.4997664707139862e+01	  -6.4034224349789667e+01	
  2.6730000000000000e+04	 -8.2564383527189207e+01	  -1.0090321123126574e+02	
  2.6760000000000000e+04	 -9.8606840262423304e+01	  -1.2432251531515280e+02	
  2.6790000000000000e+04	 -1.1422285796761608e+02	  -1.4875258889150047e+02	
  2.6820000000000000e+04	 -1.4124881762693258e+02	  -1.8559000131988972e+02	
  2.6850000000000000e+04	 -1.5027728862015357e+02	  -2.0587633885240203e+02	
  2.6880000000000000e+04	 -1.7809933381267498e+02	  -2.4682862325169475e+02	
  2.6910000000000000e+04	 -1.8974164428259186e+02	  -2.6911272980869376e+02	
  2.6940000000000000e+04	 -2.1294917278524457e+02	  -2.9414086303793385e+02	
  2.6970000000000000e+04	 -2.2576172371086889e+02	  -3.2302627669039384e+02	
  2.7000000000000000e+04	 -2.2644709084313885e+02	  -3.2176409339254661e+02	
  2.7030000000000000e+04	 -2.2508087686547884e+02	  -3.2219164627472844e+02	
  2.7060000000000000e+04	 -2.2701550537348845e+02	  -3.2200321661274978e+02	
  2.7090000000000000e+04	 -2.2560713799792049e+02	  -3.2098698228265704e+02	
  2.7120000000000000e+04	 -2.7378827192098242e+02	  -3.1701600064055913e+02	
  2.7150000000000000e+04	 -3.1198845873448238e+02	  -3.1036824753720060e+02	
  2.7180000000000000e+04	 -3.5689722989762879e+02	  -3.0682380451347206e+02	
  2.7210000000000000e+04	 -3.7858877866492202e+02	  -3.0651115656566094e+02	
  2.7240000000000000e+04	 -4.1326345262437030e+02	  -3.0763825024426393e+02	
  2.7270000000000000e+04	 -4.4490410377170741e+02	  -3.0764602904539828e+02	
  2.7300000000000000e+04	 -4.8874231867217861e+02	  -3.0371549320640071e+02	
  2.7330000000000000e+04	 -5.2288174841416151e+02	  -3.0447250748842293e+02	
  2.7360000000000000e+04	 -5.4507769205997249e+02	  -3.0547186087101807e+02	
  2.7390000000000000e+04	 -5.8733164667550659e+02	  -3.0022130010203597e+02	
  2.7420000000000000e+04	 -6.0945277376355330e+02	  -2.9432576817580866e+02	
  2.7450000000000000e+04	 -6.3202225174246121e+02	  -2.9225303631573883e+02	
  2.7480000000000000e+04	 -6.8444140373225582e+02	  -2.8491754824853444e+02	
  2.7510000000000000e+04	 -7.2354380994967516e+02	  -2.7533886085243415e+02	
  2.7540000000000000e+04	 -7.6522530516106224e+02	  -2.7343206448801556e+02	
  2.7570000000000000e+04	 -7.6760074921517764e+02	  -2.7482336512783525e+02	
  2.7600000000000000e+04	 -7.6667887358293251e+02	  -2.7485232087274250e+02	
  2.7630000000000000e+04	 -7.6673574305893101e+02	  -2.7512408552544679e+02	
  2.7660000000000000e+04	 -7.6522781462508715e+02	  -2.7630847467666916e+02	
  2.7690000000000000e+04	 -7.6448045142319461e+02	  -2.7435791451104524e+02	
  2.7720000000000000e+04	 -7.4086423958509567e+02	  -2.4527057771089181e+02	
  2.7750000000000000e+04	 -7.1463825286213591e+02	  -2.1202006676789284e+02	
  2.7780000000000000e+04	 -6.8701399882167959e+02	  -1.7994949369352821e+02	
  2.7810000000000000e+04	 -6.6430661443395729e+02	  -1.5517812711286251e+02	
  2.7840000000000000e+04	 -6.4935002417907162e+02	  -1.7405790641894208e+02	
  2.7870000000000000e+04	 -6.3604110184270564e+02	  -2.0105109175085892e+02	
  2.7900000000000000e+04	 -6.1557019672291051e+02	  -2.4358303319866772e+02	
  2.7930000000000000e+04	 -5.9154564613711091e+02	  -2.7485594974006563e+02	
  2.7960000000000000e+04	 -5.6882775451761904e+02	  -3.0992506698300031e+02	
  2.7990000000000000e+04	 -5.4940435211630574e+02	  -3.3565337652767170e+02	
  2.8020000000000000e+04	 -5.2184739057190632e+02	  -3.8037044094224962e+02	
  2.8050000000000000e+04	 -4.9725096672357796e+02	  -4.2305398913153863e+02	
  2.8080000000000000e+04	 -4.7298542748206069e+02	  -4.5585939111044559e+02	
  2.8110000000000000e+04	 -4.6239381186339170e+02	  -4.7697682241631645e+02	
  2.8140000000000000e+04	 -4.4107727315975410e+02	  -5.0424604082132549e+02	
  2.8170000000000000e+04	 -4.1630380151124592e+02	  -5.4108094692308839e+02	
  2.8200000000000000e+04	 -3.9490762617276539e+02	  -5.6797751502650965e+02	
  2.8230000000000000e+04	 -3.6666874062592126e+02	  -6.0533479286203340e+02	
  2.8260000000000000e+04	 -3.5245640875217879e+02	  -6.3610562924672581e+02	
  2.8290000000000000e+04	 -3.2761798745840156e+02	  -6.7052885195339820e+02	
  2.8320000000000000e+04	 -3.2103059109670181e+02	  -6.4601668134335614e+02	
  2.8350000000000000e+04	 -3.0962398575899073e+02	  -6.2786006744047654e+02	
  2.8380000000000000e+04	 -2.9184049582977883e+02	  -5.8903348822017495e+02	
  2.8410000000000000e+04	 -2.7347251360687255e+02	  -5.5127580767962718e+02	
  2.8440000000000000e+04	 -2.5637813321958362e+02	  -5.0383863401632033e+02	
  2.8470000000000000e+04	 -2.3647141069400075e+02	  -4.6618878678853827e+02	
  2.8500000000000000e+04	 -2.1899529748571891e+02	  -4.3351762793483886e+02	
  2.8530000000000000e+04	 -2.1082732984703176e+02	  -4.1222619202013794e+02	
  2.8560000000000000e+04	 -1.9811778174839827e+02	  -3.8248012507939256e+02	
  2.8590000000000000e+04	 -1.8808694479683044e+02	  -3.5667772960498166e+02	
  2.8620000000000000e+04	 -1.8438771766522677e+02	  -3.4121146102353424e+02	
  2.8650000000000000e+04	 -1.6493134230105386e+02	  -2.9570045101224014e+02	
  2.8680000000000000e+04	 -1.5439777038847578e+02	  -2.7061076791838934e+02	
  2.8710000000000000e+04	 -1.3649195326866953e+02	  -2.2573563884643136e+02	
  2.8740000000000000e+04	 -1.1770667962887109e+02	  -1.8200507657062610e+02	
  2.8770000000000000e+04	 -1.0230014950367999e+02	  -1.4673602138283582e+02	
  2.8800000000000000e+04	 -8.3888036673590904e+01	  -1.0549631405502775e+02	
  2.8830000000000000e+04	 -7.0753734016116752e+01	  -6.7345660830000895e+01	
  2.8860000000000000e+04	 -5.6536610177100940e+01	  -3.2636617278660154e+01	
  2.8890000000000000e+04	 -3.7541988725180005e+01	  1.0216822712585866e+01	
  2.8920000000000000e+04	 -3.4114065405103361e+01	  2.9926809783727414e+01	
  2.8950000000000000e+04	 -1.9969512340496117e+01	  7.1780602745290409e+01	
  2.8980000000000000e+04	 -5.8608297347766722e+00	  1.0383073164960440e+02	
  2.9010000000000000e+04	 5.3624143754552627e+00	  1.3774496478191540e+02	
  2.9040000000000000e+04	 1.4442287360808162e+01	  1.6721114431074636e+02	
  2.9070000000000000e+04	 2.3962528027249054e+01	  1.8549670818309593e+02	
  2.9100000000000000e+04	 4.2086458505218033e+01	  2.2742161877197435e+02	
  2.9130000000000000e+04	 6.2210442572794200e+01	  2.7624975222070691e+02	
  2.9160000000000000e+04	 6.5970062590400715e+01	  2.9225790015573364e+02	
  2.9190000000000000e+04	 7.3915306349979957e+01	  3.1640578759389700e+02	
  2.9220000000000000e+04	 9.0915609339984826e+01	  3.5605471041371140e+02	
  2.9250000000000000e+04	 1.0819391524527738e+02	  3.8044960595891587e+02	
  2.9280000000000000e+04	 1.2020398021418907e+02	  4.0223023620055943e+02	
  2.9310000000000000e+04	 1.2376243198582760e+02	  4.2184995427998484e+02	
  2.9340000000000000e+04	 1.2377615121679113e+02	  4.2337712877253176e+02	
  2.9370000000000000e+04	 1.2385494141476356e+02	  4.2494336394117744e+02	
  2.9400000000000000e+04	 1.2321735330224415e+02	  4.2635864313589082e+02	
  2.9430000000000000e+04	 1.2341932488150437e+02	  4.2699417639502849e+02	
  2.9460000000000000e+04	 1.2264361465831507e+02	  4.2556903765661013e+02	
  2.9490000000000000e+04	 1.4413392502021694e+02	  3.9627757576667682e+02	
  2.9520000000000000e+04	 1.5897912698135534e+02	  3.7025975644962296e+02	
  2.9550000000000000e+04	 1.8360466541950242e+02	  3.2438222035185254e+02	
  2.9580000000000000e+04	 2.0951033747444868e+02	  2.8338156420559636e+02	
  2.9610000000000000e+04	 2.2921665423332723e+02	  2.4238186898776468e+02	
  2.9640000000000000e+04	 2.4452082782992693e+02	  2.2133583973612079e+02	
  2.9670000000000000e+04	 2.6784219491933908e+02	  1.8657855496789031e+02	
  2.9700000000000000e+04	 2.7810051383438366e+02	  1.6324319371784028e+02	
  2.9730000000000000e+04	 2.9195040567365919e+02	  1.3890026308152369e+02	
  2.9760000000000000e+04	 3.1656273959976460e+02	  1.0309007437782964e+02	
  2.9790000000000000e+04	 3.3831788975111459e+02	  7.2052943546570887e+01	
  2.9820000000000000e+04	 3.5149178130592270e+02	  4.8206458344611519e+01	
  2.9850000000000000e+04	 3.7575668599168756e+02	  7.5956646943585042e+00	
  2.9880000000000000e+04	 3.9704186316952809e+02	  -2.7824979926460628e+01	
  2.9910000000000000e+04	 4.2431443797801677e+02	  -6.6829306250151632e+01	
  2.9940000000000000e+04	 4.4139847568260836e+02	  -9.7572104645353477e+01	
  2.9970000000000000e+04	 4.6990291388523326e+02	  -1.3565055891533524e+02	
  3.0000000000000000e+04	 4.8641698002900881e+02	  -1.6001899689927413e+02	
  3.0030000000000000e+04	 5.0354564489842483e+02	  -1.7732913929676371e+02	
  3.0060000000000000e+04	 5.2652474899324829e+02	  -2.0901374766910172e+02	
  3.0090000000000000e+04	 5.3922928662632046e+02	  -2.3437093658363224e+02	
  3.0120000000000000e+04	 5.5856993861760213e+02	  -2.7027324436923834e+02	
  3.0150000000000000e+04	 5.7206870755668592e+02	  -2.9659790070923623e+02	
  3.0180000000000000e+04	 5.9901403980707732e+02	  -3.3016601017659400e+02	
  3.0210000000000000e+04	 6.1471480925460617e+02	  -3.4382418599574680e+02	
  3.0240000000000000e+04	 5.8944524343968783e+02	  -3.3125873150298406e+02	
  3.0270000000000000e+04	 5.6283584727857044e+02	  -3.1889154803000844e+02	
  3.0300000000000000e+04	 5.1379969445435665e+02	  -3.0530451452999290e+02	
  3.0330000000000000e+04	 4.7850541804974540e+02	  -2.9577989883804770e+02	
  3.0360000000000000e+04	 4.4097130793765632e+02	  -2.8593679016111525e+02	
  3.0390000000000000e+04	 4.2264070665948327e+02	  -2.7497712387624256e+02	
  3.0420000000000000e+04	 3.9039142976981628e+02	  -2.7001108343072207e+02	
  3.0450000000000000e+04	 3.7379410620144819e+02	  -2.6343163839842606e+02	
  3.0480000000000000e+04	 3.3774195989276245e+02	  -2.5438282198386301e+02	
  3.0510000000000000e+04	 2.9832327731385493e+02	  -2.4406407622081556e+02	
  3.0540000000000000e+04	 2.6345441958969002e+02	  -2.3395424675826735e+02	
  3.0570000000000000e+04	 2.3394823802684519e+02	  -2.1778187409069270e+02	
  3.0600000000000000e+04	 1.9387136880268378e+02	  -1.9994388868210456e+02	
  3.0630000000000000e+04	 1.5255543949718572e+02	  -1.9031433228322842e+02	
  3.0660000000000000e+04	 1.2797533135143595e+02	  -1.8084742633996569e+02	
  3.0690000000000000e+04	 1.0809234533601108e+02	  -1.7832306887284318e+02	
  3.0720000000000000e+04	 1.0945653861017793e+02	  -1.8026275284585557e+02	
  3.0750000000000000e+04	 1.0951960409959851e+02	  -1.8125189115465312e+02	
  3.0780000000000000e+04	 1.1120826725122771e+02	  -1.8193903709768509e+02	
  3.0810000000000000e+04	 1.1145390688542945e+02	  -1.8381036488318972e+02	
  3.0840000000000000e+04	 1.1250661447061573e+02	  -1.8551570005226006e+02	
  3.0870000000000000e+04	 1.1100362608255854e+02	  -1.8453714192572920e+02	
  3.0900000000000000e+04	 1.3273910023371934e+02	  -1.4861280844976471e+02	
  3.0930000000000000e+04	 1.4656925077918481e+02	  -1.2548173224631674e+02	
  3.0960000000000000e+04	 1.6276233624948691e+02	  -9.4926712978101008e+01	
  3.0990000000000000e+04	 1.7773173715986175e+02	  -6.3238151459112721e+01	
  3.1020000000000000e+04	 1.9633736712097999e+02	  -2.9213451202792491e+01	
  3.1050000000000000e+04	 2.0392448868357644e+02	  -5.4678552623693371e+00	
  3.1080000000000000e+04	 2.1968707015224260e+02	  3.6205331051101396e+01	
  3.1110000000000000e+04	 2.2683177316020320e+02	  6.9898857094827164e+01	
  3.1140000000000000e+04	 2.3994858398743779e+02	  1.0354491942880659e+02	
  3.1170000000000000e+04	 2.4809993951669978e+02	  1.3134091080448366e+02	
  3.1200000000000000e+04	 2.6509433434946186e+02	  1.7036228190380891e+02	
  3.1230000000000000e+04	 2.8256349428538715e+02	  2.1060231567346918e+02	
  3.1260000000000000e+04	 3.0342287491297373e+02	  2.4775870380507729e+02	
  3.1290000000000000e+04	 3.2022809199228743e+02	  2.9331936948484332e+02	
  3.1320000000000000e+04	 3.3560946840857537e+02	  3.2379438848076336e+02	
  3.1350000000000000e+04	 3.5177923085464988e+02	  3.7122882768066734e+02	
  3.1380000000000000e+04	 3.5918307652202094e+02	  4.0506090808233603e+02	
  3.1410000000000000e+04	 3.7940718587647223e+02	  4.4057323724584222e+02	
  3.1440000000000000e+04	 3.8739647103159496e+02	  4.6728528117287510e+02	
  3.1470000000000000e+04	 3.8870263554319911e+02	  4.6885869444659852e+02	
  3.1500000000000000e+04	 3.8129934368307914e+02	  4.4032110170941939e+02	
  3.1530000000000000e+04	 3.6424498582479583e+02	  3.9472500210389313e+02	
  3.1560000000000000e+04	 3.5881725060635711e+02	  3.7094756427681028e+02	
  3.1590000000000000e+04	 3.4668741613941569e+02	  3.4386431782696121e+02	
  3.1620000000000000e+04	 3.3379154802076920e+02	  3.1751434215709992e+02	
  3.1650000000000000e+04	 3.2138062419315662e+02	  2.8849965806903697e+02	
  3.1680000000000000e+04	 3.1629153379686693e+02	  2.6296001833720908e+02	
  3.1710000000000000e+04	 2.9249562638654504e+02	  2.2029038121534711e+02	
  3.1740000000000000e+04	 2.7020850104291753e+02	  1.8073334055169016e+02	
  3.1770000000000000e+04	 2.6483872313175812e+02	  1.5702011368239840e+02	
  3.1800000000000000e+04	 2.6075324795554729e+02	  1.3769570874834457e+02	
  3.1830000000000000e+04	 2.4115299807114266e+02	  1.0100987052585751e+02	
  3.1860000000000000e+04	 2.3203084429420824e+02	  7.5282271917033512e+01	
  3.1890000000000000e+04	 2.2472301171703378e+02	  5.1225306500081217e+01	
  3.1920000000000000e+04	 2.1403227442535416e+02	  3.1855326210923614e+01	
  3.1950000000000000e+04	 1.9950849028823109e+02	  6.0951140795820891e+00	
  3.1980000000000000e+04	 1.9055486931056299e+02	  -1.7505470233327085e+01	
  3.2010000000000000e+04	 1.7227770622496769e+02	  -5.3734722576531937e+01	
  3.2040000000000000e+04	 1.5629695048008830e+02	  -8.8667986422115803e+01	
  3.2070000000000000e+04	 1.3947530791028333e+02	  -1.3418612971523885e+02	
  3.2100000000000000e+04	 1.2844464321955030e+02	  -1.6429283103366134e+02	
  3.2130000000000000e+04	 8.8327767485338512e+01	  -1.6477699668620872e+02	
  3.2160000000000000e+04	 4.1350160236695601e+01	  -1.6584895503689737e+02	
  3.2190000000000000e+04	 6.7779011142448056e+00	  -1.7347181874336991e+02	
  3.2220000000000000e+04	 -1.1792659901052541e+01	  -1.8103257702752771e+02	
  3.2250000000000000e+04	 -5.4637655744914866e+01	  -1.8513645229581229e+02	
  3.2280000000000000e+04	 -8.5033352073743586e+01	  -1.8514341860359718e+02	
  3.2310000000000000e+04	 -1.1562347237918102e+02	  -1.9441462889476540e+02	
  3.2340000000000000e+04	 -1.5740342531562345e+02	  -2.0174358275183684e+02	
  3.2370000000000000e+04	 -1.8772317307746087e+02	  -2.0663094299080103e+02	
  3.2400000000000000e+04	 -2.1156019766512324e+02	  -2.1129972039426482e+02	
  3.2430000000000000e+04	 -2.6051020769153433e+02	  -2.1629875949298722e+02	
  3.2460000000000000e+04	 -2.9670247777412726e+02	  -2.2179794372676943e+02	
  3.2490000000000000e+04	 -3.4377987175070427e+02	  -2.2037533390753990e+02	
  3.2520000000000000e+04	 -3.7168721519636017e+02	  -2.2214095592656494e+02	
  3.2550000000000000e+04	 -3.7232965672166557e+02	  -2.2169970589753834e+02	
  3.2580000000000000e+04	 -3.7152214100975499e+02	  -1.9461292157924061e+02	
  3.2610000000000000e+04	 -3.7031238057921320e+02	  -1.4501395164100239e+02	
  3.2640000000000000e+04	 -3.7127468111613263e+02	  -9.5614037990929248e+01	
  3.2670000000000000e+04	 -3.6418669802161662e+02	  -6.0480012493340880e+01	
  3.2700000000000000e+04	 -3.6586952310535804e+02	  -3.4154225335916777e+01	
  3.2730000000000000e+04	 -3.6671017919818541e+02	  4.0966857275774231e+00	
  3.2760000000000000e+04	 -3.6126188978437011e+02	  3.0643961703734654e+01	
  3.2790000000000000e+04	 -3.5794673706818759e+02	  6.9013821888797665e+01	
  3.2820000000000000e+04	 -3.5196997691069532e+02	  8.7712043224068424e+01	
  3.2850000000000000e+04	 -3.4935101426233064e+02	  1.2644957892324675e+02	
  3.2880000000000000e+04	 -3.5170823898082830e+02	  1.5493823932562046e+02	
