  0.0000000000000000e+00	 2.3687402730491237e+02	  4.8801815744493808e+02	
  3.0000000000000000e+01	 2.5053906448923337e+02	  4.6756711764221177e+02	
  6.0000000000000000e+01	 2.6113884045008541e+02	  4.3255887719978438e+02	
  9.0000000000000000e+01	 2.8128428947840519e+02	  3.9050165047021926e+02	
  1.2000000000000000e+02	 2.9817550762940613e+02	  3.5163518778690985e+02	
  1.5000000000000000e+02	 3.1033845095533076e+02	  3.3579009973042554e+02	
  1.8000000000000000e+02	 3.3142457238520893e+02	  2.9754182957070191e+02	
  2.1000000000000000e+02	 3.5344132959034869e+02	  2.6509146302794460e+02	
  2.4000000000000000e+02	 3.6048209106886378e+02	  2.4730175881395729e+02	
  2.7000000000000000e+02	 3.7392831166045573e+02	  2.1337111386315132e+02	
  3.0000000000000000e+02	 3.8968976738296152e+02	  1.8513467895665067e+02	
  3.3000000000000000e+02	 4.0536978143237985e+02	  1.5455691329923769e+02	
  3.6000000000000000e+02	 4.1568781014205257e+02	  1.2693186418874461e+02	
  3.9000000000000000e+02	 4.3042859217596680e+02	  1.0468274926343257e+02	
  4.2000000000000000e+02	 4.4386391845395559e+02	  6.1362768542926844e+01	
  4.5000000000000000e+02	 4.5491205899882465e+02	  4.3035591600951037e+01	
  4.8000000000000000e+02	 4.7103356403219550e+02	  1.2201283249579909e+01	
  5.1000000000000000e+02	 4.8668450674430312e+02	  -2.6229201178936378e+01	
  5.4000000000000000e+02	 4.9713506203317104e+02	  -4.0862564255321693e+01	
  5.7000000000000000e+02	 5.0879996342350131e+02	  -7.1920748128358213e+01	
  6.0000000000000000e+02	 5.2188027798184942e+02	  -9.4341858759947073e+01	
  6.3000000000000000e+02	 5.2966144297634344e+02	  -1.1675504933897996e+02	
  6.6000000000000000e+02	 5.4056304830536101e+02	  -1.3731370482622779e+02	
  6.9000000000000000e+02	 5.6029248246388613e+02	  -1.7351895912912272e+02	
  7.2000000000000000e+02	 5.7899096153696064e+02	  -2.1251818447379719e+02	
  7.5000000000000000e+02	 5.9062719590594918e+02	  -2.3349788438704957e+02	
  7.8000000000000000e+02	 5.9630986780995397e+02	  -2.5324150060886438e+02	
  8.1000000000000000e+02	 6.1039960006496210e+02	  -2.9034329788690934e+02	
  8.4000000000000000e+02	 6.2834652850126633e+02	  -3.2776580700475654e+02	
  8.7000000000000000e+02	 6.3588933970305607e+02	  -3.5201201956243187e+02	
  9.0000000000000000e+02	 6.4669749496234147e+02	  -3.7428827627570598e+02	
  9.3000000000000000e+02	 6.6033548837148317e+02	  -4.1195634898630664e+02	
  9.6000000000000000e+02	 6.7911410232993865e+02	  -4.5734104258488981e+02	
  9.9000000000000000e+02	 6.9147488288616387e+02	  -4.6826472168972589e+02	
  1.0200000000000000e+03	 6.9044042417503454e+02	  -4.6698961001173438e+02	
  1.0500000000000000e+03	 6.8961918889360197e+02	  -4.6813592988224286e+02	
  1.0800000000000000e+03	 6.7485280291805805e+02	  -4.4564353454916824e+02	
  1.1100000000000000e+03	 6.5475525301443952e+02	  -4.1386173235737203e+02	
  1.1400000000000000e+03	 6.3548557089681719e+02	  -3.8509376834593957e+02	
  1.1700000000000000e+03	 6.1510070291916225e+02	  -3.4556959262677191e+02	
  1.2000000000000000e+03	 5.9790327286855450e+02	  -3.1198129024413259e+02	
  1.2300000000000000e+03	 5.8369744974135756e+02	  -2.8745783071946687e+02	
  1.2600000000000000e+03	 5.6521554572702439e+02	  -2.6689922618866717e+02	
  1.2900000000000000e+03	 5.5066188528889268e+02	  -2.4945230483016019e+02	
  1.3200000000000000e+03	 5.3335247893260760e+02	  -2.2631668203332180e+02	
  1.3500000000000000e+03	 5.0872975344746379e+02	  -2.0083573719641532e+02	
  1.3800000000000000e+03	 4.9245047892456449e+02	  -1.7029135523751353e+02	
  1.4100000000000000e+03	 4.7559419913809671e+02	  -1.3749759602147969e+02	
  1.4400000000000000e+03	 4.6072194593905709e+02	  -1.1285810878911022e+02	
  1.4700000000000000e+03	 4.4120014794182595e+02	  -8.9065824844590935e+01	
  1.5000000000000000e+03	 4.2953894337679151e+02	  -7.0391601834247012e+01	
  1.5300000000000000e+03	 3.9905787547603990e+02	  -3.3312976400009568e+01	
  1.5600000000000000e+03	 3.8262187632518220e+02	  -9.2465454170507613e+00	
  1.5900000000000000e+03	 3.6456240000638621e+02	  1.5067264705345480e+01	
  1.6200000000000000e+03	 3.4303347114603901e+02	  5.5514396170957525e+01	
  1.6500000000000000e+03	 3.3063106139677092e+02	  7.9692064850609995e+01	
  1.6800000000000000e+03	 3.1766010700954888e+02	  1.0062108956910302e+02	
  1.7100000000000000e+03	 3.0249938108544319e+02	  1.2008619267616743e+02	
  1.7400000000000000e+03	 2.8335231217121060e+02	  1.4540936516735349e+02	
  1.7700000000000000e+03	 2.5773012325087126e+02	  1.8284229097466860e+02	
  1.8000000000000000e+03	 2.4324523524341194e+02	  2.1068629054931679e+02	
  1.8300000000000000e+03	 2.2326691284661590e+02	  2.4208369979340435e+02	
  1.8600000000000000e+03	 2.0053369623217614e+02	  2.7982045785439601e+02	
  1.8900000000000000e+03	 1.7807191217709729e+02	  3.1697019814611804e+02	
  1.9200000000000000e+03	 1.5737258444298504e+02	  3.4848363827806122e+02	
  1.9500000000000000e+03	 1.4404625476107358e+02	  3.7423496362436174e+02	
  1.9800000000000000e+03	 1.2718619686092265e+02	  4.0564235093463333e+02	
  2.0100000000000000e+03	 9.7321256859173928e+01	  4.3895332430371002e+02	
  2.0400000000000000e+03	 1.0317687879423219e+02	  4.2864888917261072e+02	
  2.0700000000000000e+03	 1.0495575248687230e+02	  4.2943829741142963e+02	
  2.1000000000000000e+03	 1.0312792849367550e+02	  4.2745859225188838e+02	
  2.1300000000000000e+03	 1.0189930429809367e+02	  4.2847128397202317e+02	
  2.1600000000000000e+03	 1.0379784856672605e+02	  4.2666651300761714e+02	
  2.1900000000000000e+03	 1.0466417757365708e+02	  4.2683503074724263e+02	
  2.2200000000000000e+03	 1.0541246505023145e+02	  4.2621094473029513e+02	
  2.2500000000000000e+03	 8.5970743997684167e+01	  4.3187113728298584e+02	
  2.2800000000000000e+03	 3.9561043676588568e+01	  4.3944030897909363e+02	
  2.3100000000000000e+03	 3.0610784911435971e+00	  4.4803781780273675e+02	
  2.3400000000000000e+03	 -3.8830712839122079e+01	  4.5221188623635373e+02	
  2.3700000000000000e+03	 -8.6686951347036569e+01	  4.5885765772889516e+02	
  2.4000000000000000e+03	 -1.0475027920157567e+02	  4.6740665803355176e+02	
  2.4300000000000000e+03	 -1.3588111901809276e+02	  4.6902674833461373e+02	
  2.4600000000000000e+03	 -1.8416173947629483e+02	  4.7819439435198183e+02	
  2.4900000000000000e+03	 -2.1181989435984769e+02	  4.8843033680934826e+02	
  2.5200000000000000e+03	 -2.3216699628667743e+02	  4.9027478246416172e+02	
  2.5500000000000000e+03	 -2.6568076424975146e+02	  4.8847727046936387e+02	
  2.5800000000000000e+03	 -2.8760413788741624e+02	  4.8372610416379996e+02	
  2.6100000000000000e+03	 -3.3508883121813096e+02	  4.8378896567443479e+02	
  2.6400000000000000e+03	 -3.6821169950556833e+02	  4.7803675047543641e+02	
  2.6700000000000000e+03	 -3.8902022272611299e+02	  4.7428755680702506e+02	
  2.7000000000000000e+03	 -4.3099263374640719e+02	  4.6947714570072498e+02	
  2.7300000000000000e+03	 -4.5799151332185272e+02	  4.6721109487057674e+02	
  2.7600000000000000e+03	 -5.0442213593059250e+02	  4.6443704651257525e+02	
  2.7900000000000000e+03	 -5.4196574578966465e+02	  4.6649912684877631e+02	
  2.8200000000000000e+03	 -5.8011102488116353e+02	  4.6092877898190676e+02	
  2.8500000000000000e+03	 -6.2014463022875555e+02	  4.6345401865672574e+02	
  2.8800000000000000e+03	 -6.6723733587647610e+02	  4.6338822639431135e+02	
  2.9100000000000000e+03	 -6.9746048594904266e+02	  4.6249690565215559e+02	
  2.9400000000000000e+03	 -7.1654201307428241e+02	  4.6462226977055718e+02	
  2.9700000000000000e+03	 -7.6104683073125625e+02	  4.6138448513416682e+02	
  3.0000000000000000e+03	 -7.2700946382959216e+02	  4.2949437463083632e+02	
  3.0300000000000000e+03	 -6.9904104048090426e+02	  3.9300285006772623e+02	
  3.0600000000000000e+03	 -6.7172960257394618e+02	  3.6654606319985663e+02	
  3.0900000000000000e+03	 -6.4648745364329955e+02	  3.3285886292757669e+02	
  3.1200000000000000e+03	 -6.2386897185491887e+02	  3.0770892095707131e+02	
  3.1500000000000000e+03	 -5.9834312745130558e+02	  2.7685589556882900e+02	
  3.1800000000000000e+03	 -5.7350353838885701e+02	  2.5351942482587799e+02	
  3.2100000000000000e+03	 -5.6231294820675612e+02	  2.3790424087889721e+02	
  3.2400000000000000e+03	 -5.4287252020265419e+02	  2.2580453876960541e+02	
  3.2700000000000000e+03	 -5.1974143856581270e+02	  2.0705385120675140e+02	
  3.3000000000000000e+03	 -4.9252852903401526e+02	  1.8676520151219052e+02	
  3.3300000000000000e+03	 -4.5297964366132067e+02	  1.4785210465507282e+02	
  3.3600000000000000e+03	 -4.2140696751262584e+02	  1.1423042279090069e+02	
  3.3900000000000000e+03	 -3.9343885392021730e+02	  9.2288891534828650e+01	
  3.4200000000000000e+03	 -3.5812021965271282e+02	  5.4601954866423647e+01	
  3.4500000000000000e+03	 -3.3446712788722459e+02	  2.5436720329129471e+01	
  3.4800000000000000e+03	 -3.1766904537499710e+02	  6.8609480523102242e+00	
  3.5100000000000000e+03	 -2.9491703456659098e+02	  -1.0154234295906722e+01	
  3.5400000000000000e+03	 -2.6502116188430756e+02	  -4.3388064125004632e+01	
  3.5700000000000000e+03	 -2.3384696185214949e+02	  -7.4473423870713773e+01	
  3.6000000000000000e+03	 -2.1133035238653045e+02	  -9.4668413594132119e+01	
  3.6300000000000000e+03	 -1.7229726642860069e+02	  -1.2531981576901505e+02	
  3.6600000000000000e+03	 -1.4695810088538806e+02	  -1.5068993613153086e+02	
  3.6900000000000000e+03	 -1.2053352483489576e+02	  -1.7914982379758672e+02	
  3.7200000000000000e+03	 -1.0421724102871158e+02	  -1.9363166040298870e+02	
  3.7500000000000000e+03	 -8.0473238601658664e+01	  -2.1710225828120315e+02	
  3.7800000000000000e+03	 -6.0703242549425845e+01	  -2.4498057856048189e+02	
  3.8100000000000000e+03	 -3.3893322095362713e+01	  -2.6094250707341973e+02	
  3.8400000000000000e+03	 -6.3530630579345804e+00	  -2.9297990205029333e+02	
  3.8700000000000000e+03	 1.2686079301007641e+01	  -3.0994154257047029e+02	
  3.9000000000000000e+03	 4.7234125803490983e+01	  -3.4191550983954983e+02	
  3.9300000000000000e+03	 9.7974797263501330e+01	  -3.5135114186380252e+02	
  3.9600000000000000e+03	 1.3436602779083987e+02	  -3.6072522745086343e+02	
  3.9900000000000000e+03	 1.5483142446720336e+02	  -3.6775298738938983e+02	
  4.0200000000000000e+03	 1.8389182029067010e+02	  -3.7516649497183437e+02	
  4.0500000000000000e+03	 2.2314283034951646e+02	  -3.8677235116213427e+02	
  4.0800000000000000e+03	 2.4298118600284829e+02	  -3.9112489571924556e+02	
  4.1100000000000000e+03	 2.8114966954802327e+02	  -4.0340421683688089e+02	
  4.1400000000000000e+03	 3.2661477152025356e+02	  -4.1443237318340954e+02	
  4.1700000000000000e+03	 3.7428479632930123e+02	  -4.2384709334782161e+02	
  4.2000000000000000e+03	 3.9387361645100179e+02	  -4.3107248157493945e+02	
  4.2300000000000000e+03	 4.3791123942394154e+02	  -4.3928963384790478e+02	
  4.2600000000000000e+03	 4.7650509645564108e+02	  -4.4827922381695299e+02	
  4.2900000000000000e+03	 5.0517956169351083e+02	  -4.5280581316311969e+02	
  4.3200000000000000e+03	 5.4380009218958674e+02	  -4.5978366728431160e+02	
  4.3500000000000000e+03	 5.8258759111341078e+02	  -4.7276971742583959e+02	
  4.3800000000000000e+03	 6.2866055675305881e+02	  -4.8532918625737517e+02	
  4.4100000000000000e+03	 6.6956216282609807e+02	  -4.9885725208218798e+02	
  4.4400000000000000e+03	 6.9780068506375017e+02	  -5.0564686080750613e+02	
  4.4700000000000000e+03	 7.1339097357904700e+02	  -5.1429429848027166e+02	
  4.5000000000000000e+03	 7.4680264369160557e+02	  -5.1817277934653873e+02	
  4.5300000000000000e+03	 7.5842074016748165e+02	  -5.2166583359285869e+02	
  4.5600000000000000e+03	 7.5841572602296731e+02	  -5.2351871791716349e+02	
  4.5900000000000000e+03	 7.5732440638176638e+02	  -5.2340657884584880e+02	
  4.6200000000000000e+03	 7.5729985052849611e+02	  -5.2167964214331028e+02	
  4.6500000000000000e+03	 7.5604287040463259e+02	  -5.2270351384223898e+02	
  4.6800000000000000e+03	 7.4368065640924317e+02	  -5.0414533792677213e+02	
  4.7100000000000000e+03	 7.1563295386046195e+02	  -4.7207633711218830e+02	
  4.7400000000000000e+03	 6.9531089883913251e+02	  -4.4416197336485283e+02	
  4.7700000000000000e+03	 6.6497197246644998e+02	  -4.0715334015122983e+02	
  4.8000000000000000e+03	 6.4473309281311151e+02	  -3.8713146546264181e+02	
  4.8300000000000000e+03	 6.2126844753841317e+02	  -3.6328693074759559e+02	
  4.8600000000000000e+03	 6.0117862732326705e+02	  -3.4860098032730997e+02	
  4.8900000000000000e+03	 5.7602681347539033e+02	  -3.2248712349415996e+02	
  4.9200000000000000e+03	 5.6367834024739000e+02	  -3.0977386116748892e+02	
  4.9500000000000000e+03	 5.4296554071444723e+02	  -2.9309319315776685e+02	
  4.9800000000000000e+03	 5.2677238604787919e+02	  -2.7726537689751484e+02	
  5.0100000000000000e+03	 4.9465034087329610e+02	  -2.4078097527785451e+02	
  5.0400000000000000e+03	 4.5872415591511299e+02	  -2.0226429559925367e+02	
  5.0700000000000000e+03	 4.4159331053484414e+02	  -1.8650516442924703e+02	
  5.1000000000000000e+03	 4.1223962593222717e+02	  -1.5394515474450731e+02	
  5.1300000000000000e+03	 3.8385781284837401e+02	  -1.2135267292663821e+02	
  5.1600000000000000e+03	 3.5418668590623133e+02	  -9.9361727427393006e+01	
  5.1900000000000000e+03	 3.3593890772992734e+02	  -8.5938086665064745e+01	
  5.2200000000000000e+03	 3.0838327850908149e+02	  -5.8120411610227450e+01	
  5.2500000000000000e+03	 2.9098397706136575e+02	  -3.8559031596865559e+01	
  5.2800000000000000e+03	 2.6025557823291018e+02	  -6.7259273630429632e+00	
  5.3100000000000000e+03	 2.4181983443580924e+02	  1.7508316272896135e+01	
  5.3400000000000000e+03	 2.2755788590240064e+02	  3.5020312861488193e+01	
  5.3700000000000000e+03	 2.0278007400983239e+02	  6.1063274932423170e+01	
  5.4000000000000000e+03	 1.8551358585884225e+02	  7.7673206729806878e+01	
  5.4300000000000000e+03	 1.5809531003465500e+02	  1.0879536408881708e+02	
  5.4600000000000000e+03	 1.3297914159892332e+02	  1.3284977637864492e+02	
  5.4900000000000000e+03	 1.0062926661575074e+02	  1.6797980167972833e+02	
  5.5200000000000000e+03	 7.0464142228997829e+01	  1.9082928432572419e+02	
  5.5500000000000000e+03	 5.6411363423909577e+01	  2.1153224608656845e+02	
  5.5800000000000000e+03	 3.4646431254629462e+01	  2.2978059573844197e+02	
  5.6100000000000000e+03	 1.0700151837899746e+01	  2.5278268919913924e+02	
  5.6400000000000000e+03	 -2.8518282530049213e+01	  2.8917794987081953e+02	
  5.6700000000000000e+03	 -5.4010880323718297e+01	  3.1381311258077579e+02	
  5.7000000000000000e+03	 -8.0324106978644480e+01	  3.0383157246035216e+02	
  5.7300000000000000e+03	 -1.0793083823045535e+02	  2.9498651652904772e+02	
  5.7600000000000000e+03	 -1.3349026737558498e+02	  2.9003957263936144e+02	
  5.7900000000000000e+03	 -1.6620945646373974e+02	  2.7645690042943323e+02	
  5.8200000000000000e+03	 -1.9153508674143643e+02	  2.6965069547434558e+02	
  5.8500000000000000e+03	 -2.2552937349436093e+02	  2.5220687324054316e+02	
  5.8800000000000000e+03	 -2.5583306735710335e+02	  2.4349852886752464e+02	
  5.9100000000000000e+03	 -2.9406217778549097e+02	  2.2419726177058698e+02	
  5.9400000000000000e+03	 -3.3156332928670895e+02	  2.0743724178061498e+02	
  5.9700000000000000e+03	 -3.5839237349197833e+02	  1.9344432633906567e+02	
  6.0000000000000000e+03	 -3.9084631784368617e+02	  1.8022294915338338e+02	
  6.0300000000000000e+03	 -4.1748817667075093e+02	  1.6233584875979213e+02	
  6.0600000000000000e+03	 -4.6568389679315032e+02	  1.3996911522105370e+02	
  6.0900000000000000e+03	 -4.9700889486769705e+02	  1.2672239481061222e+02	
  6.1200000000000000e+03	 -5.1945244219543883e+02	  1.2187419834200205e+02	
  6.1500000000000000e+03	 -5.2061881270528556e+02	  1.2299211162265775e+02	
  6.1800000000000000e+03	 -5.2236529603567601e+02	  1.2144366639309773e+02	
  6.2100000000000000e+03	 -5.2193111523493917e+02	  1.1959873146465517e+02	
  6.2400000000000000e+03	 -5.2105854823871346e+02	  1.2043518748478022e+02	
  6.2700000000000000e+03	 -5.1996421105446257e+02	  1.1993004439787359e+02	
  6.3000000000000000e+03	 -5.1418158081059244e+02	  9.9633675506555775e+01	
  6.3300000000000000e+03	 -5.0866184192827751e+02	  6.4322845639709826e+01	
  6.3600000000000000e+03	 -5.0204524679409593e+02	  4.4069338139209734e+01	
  6.3900000000000000e+03	 -5.0047149860416681e+02	  2.3588716026561912e+01	
  6.4200000000000000e+03	 -4.9251752614847629e+02	  -1.9936389843799773e+01	
  6.4500000000000000e+03	 -4.8423989072455504e+02	  -5.6977553634497589e+01	
  6.4800000000000000e+03	 -4.7189838136211500e+02	  -9.9091196375686792e+01	
  6.5100000000000000e+03	 -4.6804280762677928e+02	  -1.2977614338103172e+02	
  6.5400000000000000e+03	 -4.6558714251465864e+02	  -1.6815451578192335e+02	
  6.5700000000000000e+03	 -4.5876153068285220e+02	  -2.0467025663173686e+02	
  6.6000000000000000e+03	 -4.5145915452599576e+02	  -2.3404267157517444e+02	
  6.6300000000000000e+03	 -4.4768319393542947e+02	  -2.7977563730650189e+02	
  6.6600000000000000e+03	 -4.4775199677009357e+02	  -3.0667150834336360e+02	
  6.6900000000000000e+03	 -4.3605748627185983e+02	  -3.4537852143075168e+02	
  6.7200000000000000e+03	 -4.3377731320866235e+02	  -3.7053258054313540e+02	
  6.7500000000000000e+03	 -4.2807672635670906e+02	  -4.2187437722701429e+02	
  6.7800000000000000e+03	 -4.2429270360692311e+02	  -4.6129893727902356e+02	
  6.8100000000000000e+03	 -4.1564212348844370e+02	  -4.9403896410792993e+02	
  6.8400000000000000e+03	 -4.0910183866564176e+02	  -5.2564302461120405e+02	
  6.8700000000000000e+03	 -4.0404344474267157e+02	  -5.5584685332184813e+02	
  6.9000000000000000e+03	 -4.0263866168589794e+02	  -5.8477398160269433e+02	
  6.9300000000000000e+03	 -3.9579892325804451e+02	  -6.2006955268599972e+02	
  6.9600000000000000e+03	 -3.9009362402518053e+02	  -6.4367957728282886e+02	
  6.9900000000000000e+03	 -3.7937943996210441e+02	  -6.8504759641737280e+02	
  7.0200000000000000e+03	 -3.6870763031522779e+02	  -7.1331170723893808e+02	
  7.0500000000000000e+03	 -3.6251890796166344e+02	  -7.3246223012085636e+02	
  7.0800000000000000e+03	 -3.6320710853934168e+02	  -7.3080556588839761e+02	
  7.1100000000000000e+03	 -3.6372472162288437e+02	  -7.3260952127004839e+02	
  7.1400000000000000e+03	 -3.6562684187817058e+02	  -7.3313014192499293e+02	
  7.1700000000000000e+03	 -3.6417623528971700e+02	  -7.3166780908682983e+02	
  7.2000000000000000e+03	 -3.6396120706734945e+02	  -7.3208322589126919e+02	
  7.2300000000000000e+03	 -3.6408582951318073e+02	  -7.3042893610814531e+02	
  7.2600000000000000e+03	 -3.6371194992315111e+02	  -7.2877177425751916e+02	
  7.2900000000000000e+03	 -3.6197532017069994e+02	  -7.2816842375767203e+02	
  7.3200000000000000e+03	 -3.4195836739000879e+02	  -7.0087215774708397e+02	
  7.3500000000000000e+03	 -3.2126493952599532e+02	  -6.7120365362232133e+02	
  7.3800000000000000e+03	 -2.9558676784916304e+02	  -6.2952027595454774e+02	
  7.4100000000000000e+03	 -2.8126774288104798e+02	  -6.0655000056573147e+02	
  7.4400000000000000e+03	 -2.6494377787454789e+02	  -5.8294177920692402e+02	
  7.4700000000000000e+03	 -2.3988609793952165e+02	  -5.4168636983629779e+02	
  7.5000000000000000e+03	 -2.1833858735134680e+02	  -5.0286613289279330e+02	
  7.5300000000000000e+03	 -1.9399136693292809e+02	  -4.5623150689676055e+02	
  7.5600000000000000e+03	 -1.6813542270790478e+02	  -4.2579511466824965e+02	
  7.5900000000000000e+03	 -1.5523682837404979e+02	  -4.0539736075585728e+02	
  7.6200000000000000e+03	 -1.3650921723650342e+02	  -3.7977068418187480e+02	
  7.6500000000000000e+03	 -1.1499046857989136e+02	  -3.5411294416193050e+02	
  7.6800000000000000e+03	 -8.9314672969982624e+01	  -3.1689232588196950e+02	
  7.7100000000000000e+03	 -6.9269456103639428e+01	  -2.8103842513792694e+02	
  7.7400000000000000e+03	 -5.1415453346970395e+01	  -2.4673018816031936e+02	
  7.7700000000000000e+03	 -2.8881273576538455e+01	  -2.0866392730219346e+02	
  7.8000000000000000e+03	 -1.3401753665693786e+01	  -1.8459456722690757e+02	
  7.8300000000000000e+03	 9.1064758922431714e+00	  -1.5022117441503133e+02	
  7.8600000000000000e+03	 1.7560487154853440e+01	  -1.2664387468159707e+02	
  7.8900000000000000e+03	 3.6087017768380797e+01	  -9.1772333621878204e+01	
  7.9200000000000000e+03	 4.4420438615252138e+01	  -7.0263412405429307e+01	
  7.9500000000000000e+03	 6.3832533950661102e+01	  -2.9462504886536081e+01	
  7.9800000000000000e+03	 8.3380521867777048e+01	  1.4372443611341339e+00	
  8.0100000000000000e+03	 1.0105506062109805e+02	  2.5063888227991317e+01	
  8.0400000000000000e+03	 1.1608514499468727e+02	  4.0897231807214851e+01	
  8.0700000000000000e+03	 1.3447712543479565e+02	  6.0275710616349571e+01	
  8.1000000000000000e+03	 1.4461065819607319e+02	  7.9374141778430328e+01	
  8.1300000000000000e+03	 1.6828000920392299e+02	  1.2251164362875757e+02	
  8.1600000000000000e+03	 1.8737972693871339e+02	  1.5148082057306544e+02	
  8.1900000000000000e+03	 2.1134329389592830e+02	  1.7982322389939219e+02	
  8.2200000000000000e+03	 2.3036775032416071e+02	  2.0418922200789831e+02	
  8.2500000000000000e+03	 2.4352236390717925e+02	  2.2792698647756896e+02	
  8.2800000000000000e+03	 2.5905201102206655e+02	  2.5575004187367279e+02	
  8.3100000000000000e+03	 2.8689408850929402e+02	  2.9140157750915114e+02	
  8.3400000000000000e+03	 3.1423949327669999e+02	  3.2945207516516803e+02	
  8.3700000000000000e+03	 3.3552266650437878e+02	  3.5563002763413834e+02	
  8.4000000000000000e+03	 3.6232258040392384e+02	  3.9536610122755576e+02	
  8.4300000000000000e+03	 3.8180376621614170e+02	  4.2717051688412357e+02	
  8.4600000000000000e+03	 4.0366032018344026e+02	  4.6493140267325907e+02	
  8.4900000000000000e+03	 4.3475003406926447e+02	  5.0280130204915559e+02	
  8.5200000000000000e+03	 4.4835140270336626e+02	  5.1924246581050352e+02	
  8.5500000000000000e+03	 4.5719546335038405e+02	  5.4385441154690852e+02	
  8.5800000000000000e+03	 4.8119690665031470e+02	  5.8140269291207335e+02	
  8.6100000000000000e+03	 4.9446374549580901e+02	  6.0371774719518191e+02	
  8.6400000000000000e+03	 5.1207083537595724e+02	  6.3302359440562645e+02	
  8.6700000000000000e+03	 5.2736144163633264e+02	  6.6404495482448021e+02	
  8.7000000000000000e+03	 5.4012046407039918e+02	  6.8536577064804635e+02	
  8.7300000000000000e+03	 5.3583206498627737e+02	  6.6158483873819569e+02	
  8.7600000000000000e+03	 5.3780219301430202e+02	  6.2834225541696037e+02	
  8.7900000000000000e+03	 5.3780893422234089e+02	  5.8630179695277070e+02	
  8.8200000000000000e+03	 5.3663435105346184e+02	  5.5840836171867363e+02	
  8.8500000000000000e+03	 5.3201061966521604e+02	  5.1908105821355298e+02	
  8.8800000000000000e+03	 5.3166748544001939e+02	  4.7428312057293607e+02	
  8.9100000000000000e+03	 5.2492717442969933e+02	  4.4724185561870416e+02	
  8.9400000000000000e+03	 5.2049681175548199e+02	  3.9928245636048132e+02	
  8.9700000000000000e+03	 5.2224331871273841e+02	  3.7373666708250295e+02	
  9.0000000000000000e+03	 5.2231424679426311e+02	  3.3208023833155181e+02	
  9.0300000000000000e+03	 5.1527046779462376e+02	  3.0731981363570020e+02	
  9.0600000000000000e+03	 5.1689974646744645e+02	  2.8899029551986132e+02	
  9.0900000000000000e+03	 5.1525591623428693e+02	  2.8936813790597347e+02	
  9.1200000000000000e+03	 5.1638999107063432e+02	  2.9080876256184155e+02	
  9.1500000000000000e+03	 5.1525070504178075e+02	  2.8956837509905660e+02	
  9.1800000000000000e+03	 5.0553638101355807e+02	  2.3983858689204354e+02	
  9.2100000000000000e+03	 4.9421968787977710e+02	  2.0325630443713101e+02	
  9.2400000000000000e+03	 4.8393718035125335e+02	  1.7617478231478384e+02	
  9.2700000000000000e+03	 4.7953191315364285e+02	  1.4095107034319420e+02	
  9.3000000000000000e+03	 4.7068518919179076e+02	  9.9603887930921161e+01	
  9.3300000000000000e+03	 4.6312502339123756e+02	  6.1573559293890000e+01	
  9.3600000000000000e+03	 4.4966687337249596e+02	  1.5505213797971436e+01	
  9.3900000000000000e+03	 4.3983722554977959e+02	  -1.6783538660175793e+01	
  9.4200000000000000e+03	 4.2797115033389559e+02	  -6.2662586438618071e+01	
  9.4500000000000000e+03	 4.2346479276652099e+02	  -9.6822781144374744e+01	
  9.4800000000000000e+03	 4.1039525862918919e+02	  -1.3947914808170393e+02	
  9.5100000000000000e+03	 4.0483366176266492e+02	  -1.8501991323098468e+02	
  9.5400000000000000e+03	 4.0031696261188551e+02	  -2.1578673232215505e+02	
  9.5700000000000000e+03	 3.8819904671500456e+02	  -2.5061715317112024e+02	
  9.6000000000000000e+03	 3.7796243536312062e+02	  -2.9293148740317872e+02	
  9.6300000000000000e+03	 3.7746295814131190e+02	  -3.2638796852073727e+02	
  9.6600000000000000e+03	 3.7288915532409010e+02	  -3.6062363651491575e+02	
  9.6900000000000000e+03	 3.6851789891955428e+02	  -3.6798257317293297e+02	
  9.7200000000000000e+03	 3.6688674730164905e+02	  -3.6837895634127699e+02	
  9.7500000000000000e+03	 3.6731735945927733e+02	  -3.6996219912911494e+02	
  9.7800000000000000e+03	 3.6836048471172330e+02	  -3.7135061835886592e+02	
  9.8100000000000000e+03	 3.6731224022625571e+02	  -3.7010758409698360e+02	
  9.8400000000000000e+03	 3.1935649566810741e+02	  -3.8826762512023367e+02	
  9.8700000000000000e+03	 2.9734951749755652e+02	  -3.9584405034454244e+02	
  9.9000000000000000e+03	 2.5589093110526099e+02	  -4.1263907032954978e+02	
  9.9300000000000000e+03	 2.1561380835388059e+02	  -4.2307174304999779e+02	
  9.9600000000000000e+03	 1.9835523892705649e+02	  -4.2733142674078982e+02	
  9.9900000000000000e+03	 1.5150018303469056e+02	  -4.3925756843599436e+02	
  1.0020000000000000e+04	 1.2751583404187301e+02	  -4.5125664484060428e+02	
  1.0050000000000000e+04	 9.6337360876399345e+01	  -4.5672869203965899e+02	
  1.0080000000000000e+04	 6.7237370837595094e+01	  -4.6203952133523211e+02	
  1.0110000000000000e+04	 7.9392068166823421e+01	  -4.1980444674049625e+02	
  1.0140000000000000e+04	 9.2058073068878841e+01	  -3.8517506507672692e+02	
  1.0170000000000000e+04	 1.0519879086830362e+02	  -3.4930832499234646e+02	
  1.0200000000000000e+04	 1.1851327109807855e+02	  -3.1557111740219847e+02	
  1.0230000000000000e+04	 1.2584025182701416e+02	  -2.8334905884415258e+02	
  1.0260000000000000e+04	 1.3499945716970760e+02	  -2.5664204002336641e+02	
  1.0290000000000000e+04	 1.4838446198066168e+02	  -2.2720485334298559e+02	
  1.0320000000000000e+04	 1.6271429027731745e+02	  -1.8552380094411092e+02	
  1.0350000000000000e+04	 1.7059540258250686e+02	  -1.3819466067703675e+02	
  1.0380000000000000e+04	 1.8507786139658555e+02	  -9.6775318608427426e+01	
  1.0410000000000000e+04	 1.8793657252376084e+02	  -6.9569872305612250e+01	
  1.0440000000000000e+04	 2.0089825780926139e+02	  -2.7077801881657898e+01	
  1.0470000000000000e+04	 2.0574200189660814e+02	  1.9451322922235477e+00	
  1.0500000000000000e+04	 2.2248619318398627e+02	  5.1870932266980411e+01	
  1.0530000000000000e+04	 2.3113092616496522e+02	  8.9157256244801260e+01	
  1.0560000000000000e+04	 2.4104415961247423e+02	  1.4133541781878046e+02	
  1.0590000000000000e+04	 2.4721843021134572e+02	  1.7036220723849451e+02	
  1.0620000000000000e+04	 2.6128199516847360e+02	  1.9447119260245131e+02	
  1.0650000000000000e+04	 2.7126978919387682e+02	  2.2723105091003868e+02	
  1.0680000000000000e+04	 2.7167994202170860e+02	  2.2916437511345893e+02	
  1.0710000000000000e+04	 2.7249832373478159e+02	  2.2959710203123075e+02	
  1.0740000000000000e+04	 2.4068834940808046e+02	  2.0865589008150977e+02	
  1.0770000000000000e+04	 2.0371261573741577e+02	  1.7838621627642095e+02	
  1.0800000000000000e+04	 1.6653794159391032e+02	  1.5184793061696445e+02	
  1.0830000000000000e+04	 1.3296692168093870e+02	  1.2501712251257342e+02	
  1.0860000000000000e+04	 9.3777831445327081e+01	  9.3198201819631976e+01	
  1.0890000000000000e+04	 7.2452265222669496e+01	  7.8343372020483500e+01	
  1.0920000000000000e+04	 5.5172556316142263e+01	  5.4727050039540458e+01	
  1.0950000000000000e+04	 3.9952166221756769e+01	  4.0074343355308095e+01	
  1.0980000000000000e+04	 2.5523230666947853e+01	  2.8259460986608161e+01	
  1.1010000000000000e+04	 2.5941176311686306e+01	  2.6263563199570122e+01	
  1.1040000000000000e+04	 -8.6988704245076676e-01	  6.1718814071090307e+01	
  1.1070000000000000e+04	 -2.5219690226621765e+01	  8.9976371742746238e+01	
  1.1100000000000000e+04	 -4.9337183545414604e+01	  1.1849144742262935e+02	
  1.1130000000000000e+04	 -6.2722703177248164e+01	  1.3810353955312593e+02	
  1.1160000000000000e+04	 -8.8176601292735484e+01	  1.7513954173654099e+02	
  1.1190000000000000e+04	 -1.1056399248484009e+02	  1.9735685830174745e+02	
  1.1220000000000000e+04	 -1.3753547106689933e+02	  2.2521159873533469e+02	
  1.1250000000000000e+04	 -1.5592212912810322e+02	  2.4703670024305120e+02	
  1.1280000000000000e+04	 -1.8495846239559000e+02	  2.7870613602713468e+02	
  1.1310000000000000e+04	 -2.0057556623577221e+02	  3.0650107529108334e+02	
  1.1340000000000000e+04	 -2.2955131029793739e+02	  3.4384162513306114e+02	
  1.1370000000000000e+04	 -2.5564353224061159e+02	  3.7312538577168436e+02	
  1.1400000000000000e+04	 -2.7247269390687626e+02	  3.9433515674861496e+02	
  1.1430000000000000e+04	 -2.8968094138159881e+02	  4.2005338641964414e+02	
  1.1460000000000000e+04	 -3.1924638282304579e+02	  4.5225225787529877e+02	
  1.1490000000000000e+04	 -2.8675150098353527e+02	  4.3564869909825654e+02	
  1.1520000000000000e+04	 -2.4905901937273950e+02	  4.1660974054751006e+02	
  1.1550000000000000e+04	 -2.0728776103974636e+02	  3.9930119693760821e+02	
  1.1580000000000000e+04	 -1.7715218140424531e+02	  3.9162379436956479e+02	
  1.1610000000000000e+04	 -1.4101616628768869e+02	  3.7206813617889787e+02	
  1.1640000000000000e+04	 -1.1479120791188457e+02	  3.6613187483842154e+02	
  1.1670000000000000e+04	 -9.6615799259779493e+01	  3.6251014720043992e+02	
  1.1700000000000000e+04	 -6.9708190878744659e+01	  3.5404426735336682e+02	
  1.1730000000000000e+04	 -4.6343169303063888e+01	  3.4290946357977606e+02	
  1.1760000000000000e+04	 -2.2167253779070059e+01	  3.2993173439736563e+02	
  1.1790000000000000e+04	 1.0231558048333326e+01	  3.1372057146634580e+02	
  1.1820000000000000e+04	 3.2534829189448274e+01	  3.0345260315442107e+02	
  1.1850000000000000e+04	 6.1342233173130502e+01	  2.9278629909062340e+02	
  1.1880000000000000e+04	 9.5571483809331312e+01	  2.8154973775349106e+02	
  1.1910000000000000e+04	 1.3589753401334599e+02	  2.7088823788704633e+02	
  1.1940000000000000e+04	 1.6997751814042769e+02	  2.5361661381568368e+02	
  1.1970000000000000e+04	 2.1127016115376256e+02	  2.3254654739969627e+02	
  1.2000000000000000e+04	 2.3880999210660423e+02	  2.1946552930492214e+02	
  1.2030000000000000e+04	 2.7272642122081737e+02	  2.0812227980111581e+02	
  1.2060000000000000e+04	 2.9175996374704613e+02	  1.9901567210115363e+02	
  1.2090000000000000e+04	 3.1502670412482018e+02	  1.9036755994934339e+02	
  1.2120000000000000e+04	 3.4443935081124584e+02	  1.8010372650212042e+02	
  1.2150000000000000e+04	 3.7986777380186277e+02	  1.6464307244199460e+02	
  1.2180000000000000e+04	 4.1987345496794546e+02	  1.4412198187240142e+02	
  1.2210000000000000e+04	 4.4173864104863975e+02	  1.3874418646090314e+02	
  1.2240000000000000e+04	 4.5360576336302086e+02	  1.3441474942846105e+02	
  1.2270000000000000e+04	 4.5537114432620865e+02	  1.3352356865871562e+02	
  1.2300000000000000e+04	 4.3148616974786489e+02	  1.2105017441151590e+02	
  1.2330000000000000e+04	 3.9926385082985752e+02	  1.0187260190385099e+02	
  1.2360000000000000e+04	 3.6850867362149137e+02	  8.7957027030070307e+01	
  1.2390000000000000e+04	 3.2856896071535607e+02	  6.6979847683435651e+01	
  1.2420000000000000e+04	 3.0860337972512906e+02	  5.9187333229390902e+01	
  1.2450000000000000e+04	 2.7490821454244741e+02	  4.3287043199449506e+01	
  1.2480000000000000e+04	 2.3569994000271382e+02	  2.4994588171304134e+01	
  1.2510000000000000e+04	 2.0393500235647255e+02	  7.5621910748007117e+00	
  1.2540000000000000e+04	 1.6522649765764078e+02	  -8.5129655046364228e+00	
  1.2570000000000000e+04	 1.3803438156444346e+02	  -2.2894843438285466e+01	
  1.2600000000000000e+04	 1.0342116950958260e+02	  -4.1340886467702362e+01	
  1.2630000000000000e+04	 7.0812537139623700e+01	  -5.9810081915497626e+01	
  1.2660000000000000e+04	 4.5750910261201888e+01	  -7.0678772833020901e+01	
  1.2690000000000000e+04	 1.9058756411615764e+01	  -8.2349690576988621e+01	
  1.2720000000000000e+04	 -1.2747841737044400e+01	  -1.0025359859618742e+02	
  1.2750000000000000e+04	 -4.7490878462495886e+01	  -1.1689308511690788e+02	
  1.2780000000000000e+04	 -7.6462454342897288e+01	  -1.3502656061045718e+02	
  1.2810000000000000e+04	 -9.6412079494418862e+01	  -1.4429671419199178e+02	
  1.2840000000000000e+04	 -1.3276941601727401e+02	  -1.6004021722193770e+02	
  1.2870000000000000e+04	 -1.5951252104238665e+02	  -1.7203281761774082e+02	
  1.2900000000000000e+04	 -1.9296946373917140e+02	  -1.9265465832013004e+02	
  1.2930000000000000e+04	 -2.0738732756251389e+02	  -2.0713521058815004e+02	
  1.2960000000000000e+04	 -2.4790286547965391e+02	  -2.2828955615287143e+02	
  1.2990000000000000e+04	 -2.7249346934630631e+02	  -2.4396171319769482e+02	
  1.3020000000000000e+04	 -3.0071373986951960e+02	  -2.6054151602192042e+02	
  1.3050000000000000e+04	 -3.2247333874376125e+02	  -2.7531726871922007e+02	
  1.3080000000000000e+04	 -3.3972746473205751e+02	  -2.8955625667515750e+02	
  1.3110000000000000e+04	 -3.7937655462730226e+02	  -3.0924721930833988e+02	
  1.3140000000000000e+04	 -4.1399160068963994e+02	  -3.3067097732962822e+02	
  1.3170000000000000e+04	 -4.5164630030813737e+02	  -3.5323891401633131e+02	
  1.3200000000000000e+04	 -4.8371507240162271e+02	  -3.6725072214929253e+02	
  1.3230000000000000e+04	 -5.2523337754231034e+02	  -3.8592927861793993e+02	
  1.3260000000000000e+04	 -5.5755638545902195e+02	  -4.0066334958197808e+02	
  1.3290000000000000e+04	 -5.7863529127028312e+02	  -4.0744888115117743e+02	
  1.3320000000000000e+04	 -6.0892735837498708e+02	  -4.1959773674358922e+02	
  1.3350000000000000e+04	 -6.3251484340105640e+02	  -4.3676992669137820e+02	
  1.3380000000000000e+04	 -6.5343789075489394e+02	  -4.5134932886700267e+02	
  1.3410000000000000e+04	 -6.8209058226604611e+02	  -4.5807065776770844e+02	
  1.3440000000000000e+04	 -7.1773237112904155e+02	  -4.7187032104795554e+02	
  1.3470000000000000e+04	 -7.5246158614408387e+02	  -4.8726114381833889e+02	
  1.3500000000000000e+04	 -7.4421141488715034e+02	  -4.6408409135443333e+02	
  1.3530000000000000e+04	 -7.2821693120105988e+02	  -4.2033916476210015e+02	
  1.3560000000000000e+04	 -7.1695218671772386e+02	  -4.0319194354104809e+02	
  1.3590000000000000e+04	 -7.1284018949332813e+02	  -3.7969752336562243e+02	
  1.3620000000000000e+04	 -7.0544146478949415e+02	  -3.5637216503018800e+02	
  1.3650000000000000e+04	 -7.0025622911192602e+02	  -3.2909335940068365e+02	
  1.3680000000000000e+04	 -6.9121375135346136e+02	  -2.8701397321275289e+02	
  1.3710000000000000e+04	 -6.8466450065196830e+02	  -2.5770629378788021e+02	
  1.3740000000000000e+04	 -6.7546425085746978e+02	  -2.3560605764244198e+02	
  1.3770000000000000e+04	 -6.6361080783093109e+02	  -2.1224548203415975e+02	
  1.3800000000000000e+04	 -6.5312768189984354e+02	  -1.8456120045796820e+02	
  1.3830000000000000e+04	 -6.4684600319250683e+02	  -1.6277866508657758e+02	
  1.3860000000000000e+04	 -6.3793161111020856e+02	  -1.4146704078813656e+02	
  1.3890000000000000e+04	 -6.2669389395330074e+02	  -1.0236126314618753e+02	
  1.3920000000000000e+04	 -6.1636926802233290e+02	  -7.4948032874440656e+01	
  1.3950000000000000e+04	 -6.0978302616350572e+02	  -4.2168744743153589e+01	
  1.3980000000000000e+04	 -5.7486188881277269e+02	  -3.9776672896641969e+00	
  1.4010000000000000e+04	 -5.4396059404153550e+02	  2.9968111106207509e+01	
  1.4040000000000000e+04	 -5.2910224882188174e+02	  4.7748082099606066e+01	
  1.4070000000000000e+04	 -5.0029386136445271e+02	  8.2578661661595504e+01	
  1.4100000000000000e+04	 -4.6693918142090763e+02	  1.1578428271734650e+02	
  1.4130000000000000e+04	 -4.4159517611503333e+02	  1.4011755801340882e+02	
  1.4160000000000000e+04	 -4.2469386688863426e+02	  1.6188794044063599e+02	
  1.4190000000000000e+04	 -3.9652950461335246e+02	  1.9428092108502483e+02	
  1.4220000000000000e+04	 -3.6900030016875570e+02	  2.2713777915229917e+02	
  1.4250000000000000e+04	 -3.5688609716473485e+02	  2.4164102645210150e+02	
  1.4280000000000000e+04	 -3.3464188387080492e+02	  2.6354270409437146e+02	
  1.4310000000000000e+04	 -3.1431036867726033e+02	  2.8335194382148688e+02	
  1.4340000000000000e+04	 -2.7756957755863118e+02	  3.1556943922319152e+02	
  1.4370000000000000e+04	 -2.5744324384265900e+02	  3.3282543675865463e+02	
  1.4400000000000000e+04	 -2.3256937360473242e+02	  3.5212216369255327e+02	
  1.4430000000000000e+04	 -2.1538575080233551e+02	  3.6607703896730385e+02	
  1.4460000000000000e+04	 -1.8417734655661519e+02	  3.9685522624315684e+02	
  1.4490000000000000e+04	 -1.4807714664346398e+02	  4.3208620830568020e+02	
  1.4520000000000000e+04	 -1.2384288389042334e+02	  4.6692955290059388e+02	
  1.4550000000000000e+04	 -1.0775120509691003e+02	  4.9412159181080693e+02	
  1.4580000000000000e+04	 -8.3061402469559511e+01	  5.2972867162524597e+02	
  1.4610000000000000e+04	 -5.3699521487640880e+01	  5.6793989754605968e+02	
  1.4640000000000000e+04	 -1.9461268990091256e+01	  6.0541347146761473e+02	
  1.4670000000000000e+04	 -1.2873264918023416e+01	  5.6872910247034110e+02	
  1.4700000000000000e+04	 -3.0131712467447347e+00	  5.2954587301948573e+02	
  1.4730000000000000e+04	 3.4254385832136629e+00	  4.8972370366915118e+02	
  1.4760000000000000e+04	 8.3522929599562445e+00	  4.3834959680336578e+02	
  1.4790000000000000e+04	 1.4204094569502001e+01	  4.0782287764462620e+02	
  1.4820000000000000e+04	 1.6598529071344547e+01	  3.8366612235032608e+02	
  1.4850000000000000e+04	 2.6102248185328421e+01	  3.5353864139928635e+02	
  1.4880000000000000e+04	 3.4300143007956969e+01	  3.0905885059546051e+02	
  1.4910000000000000e+04	 4.1086493050233706e+01	  2.6207706505535555e+02	
  1.4940000000000000e+04	 4.2216438155449069e+01	  2.3801533111911306e+02	
  1.4970000000000000e+04	 5.3950129042767436e+01	  1.9577222570594242e+02	
  1.5000000000000000e+04	 6.2531854249667198e+01	  1.6379745612513790e+02	
  1.5030000000000000e+04	 6.9967710366854377e+01	  1.4166175343185816e+02	
  1.5060000000000000e+04	 7.8746853037632391e+01	  1.0126369058297354e+02	
  1.5090000000000000e+04	 8.7767127213052717e+01	  7.0359176656869195e+01	
  1.5120000000000000e+04	 4.6941749228584008e+01	  4.7878717209410532e+01	
  1.5150000000000000e+04	 1.2461469926462875e+01	  2.9541311512020755e+01	
  1.5180000000000000e+04	 -3.1562853716496988e+01	  4.3630026797531691e+00	
  1.5210000000000000e+04	 -5.3017661837728369e+01	  -2.9737486117172409e+00	
  1.5240000000000000e+04	 -8.5361171703711150e+01	  -2.0904001915207715e+01	
  1.5270000000000000e+04	 -1.1787615608557431e+02	  -3.5990937451211650e+01	
  1.5300000000000000e+04	 -1.4045782633278478e+02	  -4.9157857179398007e+01	
  1.5330000000000000e+04	 -1.7494610095007585e+02	  -6.7167945279570574e+01	
  1.5360000000000000e+04	 -2.0449423480769337e+02	  -8.3203180328412060e+01	
  1.5390000000000000e+04	 -2.3699350642952857e+02	  -1.0183431691828832e+02	
  1.5420000000000000e+04	 -2.5124737579042952e+02	  -1.1084535478742252e+02	
  1.5450000000000000e+04	 -2.4497183981251382e+02	  -9.3036196162207915e+01	
  1.5480000000000000e+04	 -2.3570303966406354e+02	  -5.7376101644699332e+01	
  1.5510000000000000e+04	 -2.1766577774821181e+02	  -1.3751327871619310e+01	
  1.5540000000000000e+04	 -2.0710005025041892e+02	  9.9904492856816915e+00	
  1.5570000000000000e+04	 -2.0433221631022343e+02	  3.1821077707804289e+01	
  1.5600000000000000e+04	 -1.9011670264453639e+02	  7.1270806883057958e+01	
  1.5630000000000000e+04	 -1.7786223919312289e+02	  1.0930931329064713e+02	
  1.5660000000000000e+04	 -1.6660170190362584e+02	  1.3591859985902113e+02	
  1.5690000000000000e+04	 -1.5568407306647052e+02	  1.7898529991854809e+02	
  1.5720000000000000e+04	 -1.4254484936083810e+02	  2.0531878133283851e+02	
  1.5750000000000000e+04	 -1.3152760626236253e+02	  2.3987295381582817e+02	
  1.5780000000000000e+04	 -1.2364544026369452e+02	  2.6958303832998905e+02	
  1.5810000000000000e+04	 -1.0764328005879047e+02	  3.0855343796878333e+02	
  1.5840000000000000e+04	 -9.0763626366529522e+01	  3.4797862887681816e+02	
  1.5870000000000000e+04	 -7.6075838574622352e+01	  3.8733471716094368e+02	
  1.5900000000000000e+04	 -5.6114515273285221e+01	  4.3849402357749051e+02	
  1.5930000000000000e+04	 -3.9925143966682064e+01	  4.8431696362137512e+02	
  1.5960000000000000e+04	 -3.3021289343009713e+01	  5.0659124815338970e+02	
  1.5990000000000000e+04	 -2.8347453012725438e+01	  5.3886056999641335e+02	
  1.6020000000000000e+04	 -1.2030852424084429e+01	  5.6722668767778384e+02	
  1.6050000000000000e+04	 -9.8983722122275140e+00	  5.8166275494482500e+02	
  1.6080000000000000e+04	 -8.0282397545404951e+00	  5.8214691165063891e+02	
  1.6110000000000000e+04	 -7.7182816772349421e+00	  5.8311648039188287e+02	
  1.6140000000000000e+04	 -6.5177426652014026e+00	  5.8303845783294116e+02	
  1.6170000000000000e+04	 -7.5311583658972712e+00	  5.8185416242383883e+02	
  1.6200000000000000e+04	 -9.3250264174499709e+00	  5.8210855010693092e+02	
  1.6230000000000000e+04	 -1.0961562206852923e+01	  5.8032381776975444e+02	
  1.6260000000000000e+04	 -9.4931408972437517e+00	  5.7934413862346776e+02	
  1.6290000000000000e+04	 -2.7381462693312745e+01	  5.3617694772422931e+02	
  1.6320000000000000e+04	 -4.2636036353362769e+01	  5.1896318442107963e+02	
  1.6350000000000000e+04	 -5.9038199794747946e+01	  4.9673336346025377e+02	
  1.6380000000000000e+04	 -7.8226638809897963e+01	  4.5965924140566653e+02	
  1.6410000000000000e+04	 -8.5211020610180015e+01	  4.3854932031603460e+02	
  1.6440000000000000e+04	 -9.2600498948656821e+01	  4.1765185492929487e+02	
  1.6470000000000000e+04	 -1.0995068428772009e+02	  3.8181968523594384e+02	
  1.6500000000000000e+04	 -1.2770154862349889e+02	  3.5230087461380026e+02	
  1.6530000000000000e+04	 -1.4492905427701652e+02	  3.2702706139578254e+02	
  1.6560000000000000e+04	 -1.6965585405295732e+02	  2.9065919547907828e+02	
  1.6590000000000000e+04	 -1.8194197752137555e+02	  2.6482176765864165e+02	
  1.6620000000000000e+04	 -1.9661903050089501e+02	  2.2916365889099336e+02	
  1.6650000000000000e+04	 -2.1305170904925274e+02	  1.9816680995231434e+02	
  1.6680000000000000e+04	 -2.2108231122208778e+02	  1.8215243021954504e+02	
  1.6710000000000000e+04	 -2.3718251275033623e+02	  1.5549920306441595e+02	
  1.6740000000000000e+04	 -2.6030090165346195e+02	  1.1950183608750064e+02	
  1.6770000000000000e+04	 -2.7781189967345421e+02	  7.8406747386320006e+01	
  1.6800000000000000e+04	 -2.9616144956641955e+02	  4.4424672519694276e+01	
  1.6830000000000000e+04	 -3.0816308937987282e+02	  1.8354404263096818e+01	
  1.6860000000000000e+04	 -3.2682328948800659e+02	  -9.5313955616806822e+00	
  1.6890000000000000e+04	 -3.4778786826970071e+02	  -4.0802731763802853e+01	
  1.6920000000000000e+04	 -3.6291926254173961e+02	  -7.3170995196658438e+01	
  1.6950000000000000e+04	 -3.7481878327107751e+02	  -9.7331793942666508e+01	
  1.6980000000000000e+04	 -3.9643609337917945e+02	  -1.3194476266190509e+02	
  1.7010000000000000e+04	 -4.1643519365200251e+02	  -1.6885142483868782e+02	
  1.7040000000000000e+04	 -4.3443540391881618e+02	  -2.0808318174716743e+02	
  1.7070000000000000e+04	 -4.6208030981314403e+02	  -2.5149161963224117e+02	
  1.7100000000000000e+04	 -4.8499055648335212e+02	  -2.9095826092519849e+02	
  1.7130000000000000e+04	 -4.9788160474833558e+02	  -3.1874275474221196e+02	
  1.7160000000000000e+04	 -5.1747338633736479e+02	  -3.5430624157708303e+02	
  1.7190000000000000e+04	 -5.3838126329609349e+02	  -3.7998392183813979e+02	
  1.7220000000000000e+04	 -5.4679760056395685e+02	  -4.0079177681607604e+02	
  1.7250000000000000e+04	 -5.6671329380851114e+02	  -4.3360608789743515e+02	
  1.7280000000000000e+04	 -5.8846024779968627e+02	  -4.8114031008244416e+02	
  1.7310000000000000e+04	 -5.8375835929862046e+02	  -4.3105760007296954e+02	
  1.7340000000000000e+04	 -5.8225503482952445e+02	  -4.0655848029730731e+02	
  1.7370000000000000e+04	 -5.8202568580807542e+02	  -3.5526603946644241e+02	
  1.7400000000000000e+04	 -5.8255057797133168e+02	  -3.1888934288644390e+02	
  1.7430000000000000e+04	 -5.7674072732902312e+02	  -2.9718904825301672e+02	
  1.7460000000000000e+04	 -5.7064183629068350e+02	  -2.6469560237087109e+02	
  1.7490000000000000e+04	 -5.6979931280506787e+02	  -2.2213479234654744e+02	
  1.7520000000000000e+04	 -5.6972553761843722e+02	  -1.8472306787734868e+02	
  1.7550000000000000e+04	 -5.6380553101531075e+02	  -1.4752184035989859e+02	
  1.7580000000000000e+04	 -5.6112681953841422e+02	  -1.1547991281487782e+02	
  1.7610000000000000e+04	 -5.5350293248894661e+02	  -8.1127496900465133e+01	
  1.7640000000000000e+04	 -5.5243342312942423e+02	  -3.5846956389556638e+01	
  1.7670000000000000e+04	 -5.5371564104361380e+02	  8.6140633997004130e+00	
  1.7700000000000000e+04	 -5.5377893104591385e+02	  3.7014991019980144e+01	
  1.7730000000000000e+04	 -5.4639570554970692e+02	  8.0793763831871814e+01	
  1.7760000000000000e+04	 -5.4219890990378133e+02	  1.0677688950614376e+02	
  1.7790000000000000e+04	 -5.4361544766253633e+02	  1.4831285850230699e+02	
  1.7820000000000000e+04	 -5.3591644857267454e+02	  1.9637804432118551e+02	
  1.7850000000000000e+04	 -5.3249610725090133e+02	  2.2519514129231152e+02	
  1.7880000000000000e+04	 -5.2739500935391231e+02	  2.5307632686690877e+02	
  1.7910000000000000e+04	 -5.2627353419899930e+02	  2.8040942666768512e+02	
  1.7940000000000000e+04	 -5.2528844852984651e+02	  3.1421416489364833e+02	
  1.7970000000000000e+04	 -5.2121662829219372e+02	  3.4557210679394569e+02	
  1.8000000000000000e+04	 -5.2316925022766804e+02	  3.6403313035523536e+02	
  1.8030000000000000e+04	 -5.2304100038739671e+02	  3.7161756640157364e+02	
  1.8060000000000000e+04	 -5.2115508553140910e+02	  3.7186704840813559e+02	
  1.8090000000000000e+04	 -5.5107767617302841e+02	  3.9921703203468940e+02	
  1.8120000000000000e+04	 -5.6706507766151731e+02	  4.1174556434360653e+02	
  1.8150000000000000e+04	 -5.9145131395678027e+02	  4.3395395442011960e+02	
  1.8180000000000000e+04	 -6.1422024408518132e+02	  4.4607790497304183e+02	
  1.8210000000000000e+04	 -6.4687234536249753e+02	  4.6444301024613998e+02	
  1.8240000000000000e+04	 -6.6959031446036533e+02	  4.8850986489017691e+02	
  1.8270000000000000e+04	 -6.9094462726949246e+02	  5.0696139811545828e+02	
  1.8300000000000000e+04	 -6.5822062472966036e+02	  4.8627778980988398e+02	
  1.8330000000000000e+04	 -6.4443693604621603e+02	  4.7462281862297687e+02	
  1.8360000000000000e+04	 -6.2944272568850283e+02	  4.5754528235674644e+02	
  1.8390000000000000e+04	 -6.1176032949799662e+02	  4.4279602135456076e+02	
  1.8420000000000000e+04	 -5.7515429648911834e+02	  4.1791941410229498e+02	
  1.8450000000000000e+04	 -5.3067543470631904e+02	  3.8770507807654593e+02	
  1.8480000000000000e+04	 -4.9473009766425935e+02	  3.6067298036254164e+02	
  1.8510000000000000e+04	 -4.6479459223284886e+02	  3.4663003006943904e+02	
  1.8540000000000000e+04	 -4.4022388381797066e+02	  3.2999766471719096e+02	
  1.8570000000000000e+04	 -4.2173339657219009e+02	  3.1714571711102627e+02	
  1.8600000000000000e+04	 -4.0102646319253449e+02	  2.9791673761521605e+02	
  1.8630000000000000e+04	 -3.6646798238306036e+02	  2.7317676512782600e+02	
  1.8660000000000000e+04	 -3.3819467429678633e+02	  2.5221815684088108e+02	
  1.8690000000000000e+04	 -3.0798356997719691e+02	  2.2717543075850645e+02	
  1.8720000000000000e+04	 -2.8341933463216503e+02	  2.1625349468092733e+02	
  1.8750000000000000e+04	 -2.5626439933944602e+02	  1.9700347957573462e+02	
  1.8780000000000000e+04	 -2.1894400850194998e+02	  1.6753084303360123e+02	
  1.8810000000000000e+04	 -2.0392335442726673e+02	  1.5770861119422244e+02	
  1.8840000000000000e+04	 -1.7481997726670141e+02	  1.3743071299673312e+02	
  1.8870000000000000e+04	 -1.4311358754235965e+02	  1.1968825792353636e+02	
  1.8900000000000000e+04	 -1.2117133028797224e+02	  1.1051347827856671e+02	
  1.8930000000000000e+04	 -8.8858828582763280e+01	  9.3041555293591912e+01	
  1.8960000000000000e+04	 -5.7367949711626252e+01	  7.1057700029015876e+01	
  1.8990000000000000e+04	 -3.7825887964790404e+01	  5.2741758441195017e+01	
  1.9020000000000000e+04	 -8.1906969269920928e+00	  2.9612254297988706e+01	
  1.9050000000000000e+04	 2.3355895377166245e+01	  1.1708723683202567e+01	
  1.9080000000000000e+04	 4.9729739847030899e+01	  -5.2310141389817169e+00	
  1.9110000000000000e+04	 3.4046679467759773e+01	  1.8269375911858173e+01	
  1.9140000000000000e+04	 1.5790562812678896e+01	  4.2313225810614959e+01	
  1.9170000000000000e+04	 -6.7749361275869475e+00	  7.3156444803938882e+01	
  1.9200000000000000e+04	 -2.0551549590054332e+01	  9.7656848195114776e+01	
  1.9230000000000000e+04	 -4.2273154303859997e+01	  1.3107385135107842e+02	
  1.9260000000000000e+04	 -6.1170831211325414e+01	  1.5783400385358152e+02	
  1.9290000000000000e+04	 -7.5938126437629336e+01	  1.7722496377537306e+02	
  1.9320000000000000e+04	 -9.7378516773227290e+01	  2.0512170035088840e+02	
  1.9350000000000000e+04	 -1.2455525415722106e+02	  2.4055365379782091e+02	
  1.9380000000000000e+04	 -1.4859925434446157e+02	  2.7335459831350198e+02	
  1.9410000000000000e+04	 -1.6528803086539483e+02	  2.9570881300314829e+02	
  1.9440000000000000e+04	 -1.8386888378529343e+02	  3.2565250058468109e+02	
  1.9470000000000000e+04	 -2.0606247023716924e+02	  3.5136777402703012e+02	
  1.9500000000000000e+04	 -2.2452338969123716e+02	  3.7543649604800794e+02	
  1.9530000000000000e+04	 -2.3861423039235157e+02	  3.9549527249036902e+02	
  1.9560000000000000e+04	 -2.6135806171572170e+02	  4.1651485271492709e+02	
  1.9590000000000000e+04	 -2.8884581984774576e+02	  4.5702580000636618e+02	
  1.9620000000000000e+04	 -2.6562970324645977e+02	  4.1037956545814018e+02	
  1.9650000000000000e+04	 -2.5924774759581754e+02	  3.9129410114475871e+02	
  1.9680000000000000e+04	 -2.4614794633879688e+02	  3.7563667016690090e+02	
  1.9710000000000000e+04	 -2.3333793607976855e+02	  3.3777082255266714e+02	
  1.9740000000000000e+04	 -2.2239953929253898e+02	  3.1038279208185293e+02	
  1.9770000000000000e+04	 -2.0975543402156677e+02	  2.8770124485529925e+02	
  1.9800000000000000e+04	 -1.9075854406827392e+02	  2.3925511425271512e+02	
  1.9830000000000000e+04	 -1.7231553048752576e+02	  1.9972204657864992e+02	
  1.9860000000000000e+04	 -1.5866514202775076e+02	  1.6599123240199657e+02	
  1.9890000000000000e+04	 -1.4650484738359458e+02	  1.3682167045488583e+02	
  1.9920000000000000e+04	 -1.3628561140713569e+02	  1.1060081984361403e+02	
  1.9950000000000000e+04	 -1.2372939032000860e+02	  9.3537479912583137e+01	
  1.9980000000000000e+04	 -1.0931671700608403e+02	  6.9341338449305539e+01	
  2.0010000000000000e+04	 -9.5358827059674510e+01	  4.1660119924207763e+01	
  2.0040000000000000e+04	 -8.3894024891508806e+01	  8.5275309572643181e+00	
  2.0070000000000000e+04	 -7.3624198798962837e+01	  -1.3314874762895244e+01	
  2.0100000000000000e+04	 -5.9911515664188279e+01	  -3.8941474012264294e+01	
  2.0130000000000000e+04	 -4.6841122715858248e+01	  -7.4213984598706219e+01	
  2.0160000000000000e+04	 -2.5805829924619559e+01	  -1.1377747281821578e+02	
  2.0190000000000000e+04	 -1.5007200667103643e+01	  -1.5099103676850797e+02	
  2.0220000000000000e+04	 -7.3204713781408222e+00	  -1.7741763487693513e+02	
  2.0250000000000000e+04	 5.1629085325411763e+00	  -2.0098613473717933e+02	
  2.0280000000000000e+04	 2.2643361164153642e+01	  -2.3653472082674611e+02	
  2.0310000000000000e+04	 3.9851768775561737e+01	  -2.7932483680614030e+02	
  2.0340000000000000e+04	 5.4454479491976571e+01	  -3.1480388488964354e+02	
  2.0370000000000000e+04	 7.0787833491723092e+01	  -3.5717520208857172e+02	
  2.0400000000000000e+04	 8.8871961476554446e+01	  -3.9278335199186523e+02	
  2.0430000000000000e+04	 1.0551432133873502e+02	  -4.2674768497782333e+02	
  2.0460000000000000e+04	 1.2755785182588151e+02	  -4.3966201121630746e+02	
  2.0490000000000000e+04	 1.5929195629744535e+02	  -4.5671138897340745e+02	
  2.0520000000000000e+04	 1.7463441606217239e+02	  -4.6961225451503327e+02	
  2.0550000000000000e+04	 1.5266349172561937e+02	  -4.7537697444467506e+02	
  2.0580000000000000e+04	 1.1782327581066693e+02	  -4.8310680194127383e+02	
  2.0610000000000000e+04	 8.7387344163471454e+01	  -4.8784952220547763e+02	
  2.0640000000000000e+04	 6.6851521156131867e+01	  -4.9135655051094892e+02	
  2.0670000000000000e+04	 3.6065807080379152e+01	  -4.9145627923651932e+02	
  2.0700000000000000e+04	 -1.8802457989682608e+00	  -4.9761009166504033e+02	
  2.0730000000000000e+04	 -4.3527511155195143e+01	  -5.0739908411163901e+02	
  2.0760000000000000e+04	 -6.8920303751916947e+01	  -5.1398026806883604e+02	
  2.0790000000000000e+04	 -9.6872388853091650e+01	  -5.2269748418390009e+02	
  2.0820000000000000e+04	 -1.3187907945899286e+02	  -5.2438946246654041e+02	
  2.0850000000000000e+04	 -1.7143214351135205e+02	  -5.2491158643575966e+02	
  2.0880000000000000e+04	 -2.1070306013760089e+02	  -5.3364827395019995e+02	
  2.0910000000000000e+04	 -1.7991170246897806e+02	  -5.2253164638832584e+02	
  2.0940000000000000e+04	 -1.5128379054946402e+02	  -5.1614161796825863e+02	
  2.0970000000000000e+04	 -1.2749255226035507e+02	  -5.1092072855412761e+02	
  2.1000000000000000e+04	 -8.2890146884018918e+01	  -4.9969949450574387e+02	
  2.1030000000000000e+04	 -6.4054096571158397e+01	  -4.9603810020319514e+02	
  2.1060000000000000e+04	 -2.9143344904512766e+01	  -4.8149194929677628e+02	
  2.1090000000000000e+04	 1.3255930797614575e+00	  -4.7629112948719620e+02	
  2.1120000000000000e+04	 4.4049814933398977e+01	  -4.5889652513981730e+02	
  2.1150000000000000e+04	 8.7002508344434858e+01	  -4.4963054956877471e+02	
  2.1180000000000000e+04	 1.1879293488794212e+02	  -4.3507496158995326e+02	
  2.1210000000000000e+04	 1.4403450233088171e+02	  -4.2482319074682368e+02	
  2.1240000000000000e+04	 1.6709451120635637e+02	  -4.2282936676638303e+02	
  2.1270000000000000e+04	 1.8251378448743657e+02	  -4.3895665012141427e+02	
  2.1300000000000000e+04	 2.0520485735377196e+02	  -4.7644450232042743e+02	
  2.1330000000000000e+04	 2.1885240196338012e+02	  -4.9656552307837262e+02	
  2.1360000000000000e+04	 1.9707131723150269e+02	  -4.7239096780116688e+02	
  2.1390000000000000e+04	 1.7258165570820486e+02	  -4.4682120001119830e+02	
  2.1420000000000000e+04	 1.5678365877358706e+02	  -4.3011735385786619e+02	
  2.1450000000000000e+04	 1.2696704495459707e+02	  -3.9185906088567509e+02	
  2.1480000000000000e+04	 9.3652397887134185e+01	  -3.5803237810843302e+02	
  2.1510000000000000e+04	 6.1324026621090013e+01	  -3.2766148325542810e+02	
  2.1540000000000000e+04	 3.5319562872099652e+01	  -2.9338788419287368e+02	
  2.1570000000000000e+04	 6.2227440183892533e+00	  -2.6359069715755948e+02	
  2.1600000000000000e+04	 -8.6690659856305921e+00	  -2.4660882707605560e+02	
  2.1630000000000000e+04	 -3.7483906658800862e+01	  -2.1715160291813348e+02	
  2.1660000000000000e+04	 -5.9454510069811171e+01	  -1.9228519557808261e+02	
  2.1690000000000000e+04	 -7.8091651404438664e+01	  -1.6923913998057262e+02	
  2.1720000000000000e+04	 -1.1247870794545118e+02	  -1.3923024326349801e+02	
  2.1750000000000000e+04	 -1.4351429473983347e+02	  -1.0810240956175907e+02	
  2.1780000000000000e+04	 -1.6035882141579839e+02	  -8.6213625101837906e+01	
  2.1810000000000000e+04	 -1.9092531242837526e+02	  -5.9894555476219814e+01	
  2.1840000000000000e+04	 -2.1873327133474183e+02	  -2.4943609912924849e+01	
  2.1870000000000000e+04	 -2.3843859562036525e+02	  -2.2968877474170313e-01	
  2.1900000000000000e+04	 -2.7338964527280638e+02	  2.5706504975561494e+01	
  2.1930000000000000e+04	 -2.8521903536433882e+02	  3.8140907374138038e+01	
  2.1960000000000000e+04	 -3.2177011918902207e+02	  7.0782422175132666e+01	
  2.1990000000000000e+04	 -3.4514396493903888e+02	  9.7950887094804500e+01	
  2.2020000000000000e+04	 -3.6980634183416305e+02	  1.2648403317855053e+02	
  2.2050000000000000e+04	 -3.9397961354376190e+02	  1.5919258478195073e+02	
  2.2080000000000000e+04	 -4.2144367609672298e+02	  1.8717014744293746e+02	
  2.2110000000000000e+04	 -4.4851493523819266e+02	  2.0732748645982582e+02	
  2.2140000000000000e+04	 -4.6877835561589234e+02	  2.2146785335502096e+02	
  2.2170000000000000e+04	 -4.9518561940580753e+02	  2.5522069161044257e+02	
  2.2200000000000000e+04	 -5.2434209477365448e+02	  2.8561107349643146e+02	
  2.2230000000000000e+04	 -5.4906070564519746e+02	  3.0582397788221158e+02	
  2.2260000000000000e+04	 -5.6953478374589463e+02	  3.3121114706556517e+02	
  2.2290000000000000e+04	 -6.0504006202009384e+02	  3.6772692337685424e+02	
  2.2320000000000000e+04	 -6.1276917056169691e+02	  3.7473188392744350e+02	
  2.2350000000000000e+04	 -6.1305393906572226e+02	  3.7455541243408572e+02	
  2.2380000000000000e+04	 -6.1329087176002679e+02	  3.7263088643259869e+02	
  2.2410000000000000e+04	 -6.1494853074184391e+02	  3.7280864475918668e+02	
  2.2440000000000000e+04	 -6.1380037356284004e+02	  3.7372222942492203e+02	
  2.2470000000000000e+04	 -6.1423944092849138e+02	  3.7428511937239688e+02	
  2.2500000000000000e+04	 -6.1467726728803746e+02	  3.7464331586695266e+02	
  2.2530000000000000e+04	 -6.1316730796523962e+02	  3.7485624142503150e+02	
  2.2560000000000000e+04	 -6.1149137865590262e+02	  3.7502325184510016e+02	
  2.2590000000000000e+04	 -5.8312446311573603e+02	  3.5928252026370342e+02	
  2.2620000000000000e+04	 -5.4674744279436516e+02	  3.2967644227898643e+02	
  2.2650000000000000e+04	 -5.2144419179595752e+02	  3.1227651816658647e+02	
  2.2680000000000000e+04	 -4.9593703564976141e+02	  2.9683600413006150e+02	
  2.2710000000000000e+04	 -4.7684055279953179e+02	  2.7991536474324704e+02	
  2.2740000000000000e+04	 -4.4763486995350064e+02	  2.5973182501244469e+02	
  2.2770000000000000e+04	 -4.3457537108264620e+02	  2.4873224091781506e+02	
  2.2800000000000000e+04	 -4.0872330427935867e+02	  2.3050347376660520e+02	
  2.2830000000000000e+04	 -3.8080377816994758e+02	  2.0317663229162207e+02	
  2.2860000000000000e+04	 -3.6422943570171424e+02	  1.9065406149305954e+02	
  2.2890000000000000e+04	 -3.6398812205308002e+02	  1.9233368978836467e+02	
  2.2920000000000000e+04	 -3.6481499815735066e+02	  1.9138019650646152e+02	
  2.2950000000000000e+04	 -3.6420330236519294e+02	  1.9085017315459785e+02	
  2.2980000000000000e+04	 -3.6232924724022951e+02	  1.9262741585224111e+02	
  2.3010000000000000e+04	 -3.6364971596860073e+02	  1.9112138354790764e+02	
  2.3040000000000000e+04	 -3.9623866570386826e+02	  1.7679000567791445e+02	
  2.3070000000000000e+04	 -4.2954852986570592e+02	  1.6206273837344074e+02	
  2.3100000000000000e+04	 -4.6928885937220281e+02	  1.4504989782067472e+02	
  2.3130000000000000e+04	 -5.1567222766575810e+02	  1.2653341939483920e+02	
  2.3160000000000000e+04	 -5.4830733389980935e+02	  1.1103474510057342e+02	
  2.3190000000000000e+04	 -5.8131558487577308e+02	  9.6377428448591061e+01	
  2.3220000000000000e+04	 -6.2423713899059123e+02	  7.4793089089217574e+01	
  2.3250000000000000e+04	 -6.6884688186951144e+02	  4.8243773716026524e+01	
  2.3280000000000000e+04	 -6.9519204864998676e+02	  3.6514631604240250e+01	
  2.3310000000000000e+04	 -7.3621436117460303e+02	  9.6707608379307715e+00	
  2.3340000000000000e+04	 -7.6916357591902897e+02	  -6.9775607595961979e+00	
  2.3370000000000000e+04	 -7.4170195037101973e+02	  1.6962774755397810e+01	
  2.3400000000000000e+04	 -7.1929792777364923e+02	  2.6287223644458045e+01	
  2.3430000000000000e+04	 -7.0480408371463034e+02	  4.3523486980466615e+01	
  2.3460000000000000e+04	 -6.7412462371028130e+02	  6.5757187996927598e+01	
  2.3490000000000000e+04	 -6.4762185637187213e+02	  8.9162414678989904e+01	
  2.3520000000000000e+04	 -6.2530235038090814e+02	  1.0699312121812738e+02	
  2.3550000000000000e+04	 -6.0291950982911044e+02	  1.2440003115694356e+02	
  2.3580000000000000e+04	 -5.8654080839072492e+02	  1.4154522724789194e+02	
  2.3610000000000000e+04	 -5.5337199772669192e+02	  1.6809077107344575e+02	
  2.3640000000000000e+04	 -5.3257142904443674e+02	  1.8083440718135000e+02	
  2.3670000000000000e+04	 -5.0250878551042666e+02	  2.0698226620089511e+02	
  2.3700000000000000e+04	 -4.6534615689272215e+02	  2.3325944631824092e+02	
  2.3730000000000000e+04	 -4.4176910362089052e+02	  2.4611656683323366e+02	
  2.3760000000000000e+04	 -4.1298625134879489e+02	  2.7153545813834330e+02	
  2.3790000000000000e+04	 -3.8017665041300984e+02	  3.0045166481875555e+02	
  2.3820000000000000e+04	 -3.5050527216017463e+02	  3.3090506181638142e+02	
  2.3850000000000000e+04	 -3.1149893802125837e+02	  3.6343495629653881e+02	
  2.3880000000000000e+04	 -2.7232965498521475e+02	  3.8950536990416117e+02	
  2.3910000000000000e+04	 -2.5023539683562379e+02	  4.0379811938678847e+02	
  2.3940000000000000e+04	 -2.3229183976044388e+02	  4.2194758482496269e+02	
  2.3970000000000000e+04	 -2.1685373489579356e+02	  4.4183465625607880e+02	
  2.4000000000000000e+04	 -1.8918127884493396e+02	  4.6067736011117938e+02	
  2.4030000000000000e+04	 -1.6476610733262626e+02	  4.7850730481901377e+02	
  2.4060000000000000e+04	 -1.4235446474365702e+02	  4.9815683144722118e+02	
  2.4090000000000000e+04	 -1.1056975272387767e+02	  5.2523679972837954e+02	
  2.4120000000000000e+04	 -1.5139086776616466e+02	  5.1229332440029521e+02	
  2.4150000000000000e+04	 -1.7533378210640268e+02	  5.0854439892391434e+02	
  2.4180000000000000e+04	 -2.2007814192914671e+02	  4.9859685864913200e+02	
  2.4210000000000000e+04	 -2.6100366698333687e+02	  4.8628842188607337e+02	
  2.4240000000000000e+04	 -3.0567237613353035e+02	  4.7593384950527121e+02	
  2.4270000000000000e+04	 -3.3084029128544267e+02	  4.6595511241828137e+02	
  2.4300000000000000e+04	 -3.5104167450258365e+02	  4.6297705423378767e+02	
  2.4330000000000000e+04	 -3.9654532140171762e+02	  4.5177506145583021e+02	
  2.4360000000000000e+04	 -4.1677132074772732e+02	  4.4352611551914862e+02	
  2.4390000000000000e+04	 -4.4456736510470762e+02	  4.3813383116641984e+02	
  2.4420000000000000e+04	 -4.7672500703115810e+02	  4.3137884408224346e+02	
  2.4450000000000000e+04	 -5.1027677611041014e+02	  4.2858380506045751e+02	
  2.4480000000000000e+04	 -5.5350758968950981e+02	  4.2334960865522288e+02	
  2.4510000000000000e+04	 -5.7072810313725108e+02	  4.2086711084529611e+02	
  2.4540000000000000e+04	 -6.0645629993637999e+02	  4.1148323863521387e+02	
  2.4570000000000000e+04	 -6.3106440284600603e+02	  4.0979362552745363e+02	
  2.4600000000000000e+04	 -6.0960494028979781e+02	  4.0905570608608798e+02	
  2.4630000000000000e+04	 -5.7432461860705291e+02	  4.0520372180325165e+02	
  2.4660000000000000e+04	 -5.3954176998827666e+02	  4.0455386614843644e+02	
  2.4690000000000000e+04	 -4.9251370112430720e+02	  4.0517990489342918e+02	
  2.4720000000000000e+04	 -4.5714170356182552e+02	  4.0200968734990113e+02	
  2.4750000000000000e+04	 -4.3097336676754708e+02	  3.9656447963004439e+02	
  2.4780000000000000e+04	 -4.0700892943111461e+02	  3.9859833258128600e+02	
  2.4810000000000000e+04	 -3.7291315857173220e+02	  3.9263253170524212e+02	
  2.4840000000000000e+04	 -3.3609544419393666e+02	  3.8721570016917025e+02	
  2.4870000000000000e+04	 -2.9359076946966599e+02	  3.8145834584184371e+02	
  2.4900000000000000e+04	 -2.5688864545242018e+02	  3.8017345087823111e+02	
  2.4930000000000000e+04	 -2.3078153772796543e+02	  3.7759234472432433e+02	
  2.4960000000000000e+04	 -1.9377005381623795e+02	  3.7731081051140092e+02	
  2.4990000000000000e+04	 -1.6927418816835890e+02	  3.7827558110693508e+02	
  2.5020000000000000e+04	 -1.4616596662411496e+02	  3.7740270984291794e+02	
  2.5050000000000000e+04	 -1.1169481534678434e+02	  3.7908316354976006e+02	
  2.5080000000000000e+04	 -7.5112471090930896e+01	  3.7287650492344238e+02	
  2.5110000000000000e+04	 -4.8326344605287019e+01	  3.7434012621932936e+02	
  2.5140000000000000e+04	 -6.4197270620769658e+00	  3.7019979893415166e+02	
  2.5170000000000000e+04	 2.2478142695175858e+01	  3.6798237313044319e+02	
  2.5200000000000000e+04	 7.0414606891564787e+01	  3.6595567186469879e+02	
  2.5230000000000000e+04	 1.1423037797238402e+02	  3.5973043090011618e+02	
  2.5260000000000000e+04	 1.5510289784038912e+02	  3.5458295791654496e+02	
  2.5290000000000000e+04	 1.9699687123292273e+02	  3.5558633722576002e+02	
  2.5320000000000000e+04	 2.3854706925792755e+02	  3.5743528725253782e+02	
