  0.0000000000000000e+00	 2.1597233825071680e+02	  4.9361744615813382e+02	
  3.0000000000000000e+01	 2.3570971682055736e+02	  4.8603485430215596e+02	
  6.0000000000000000e+01	 2.7165230032411603e+02	  4.6413075148504822e+02	
  9.0000000000000000e+01	 3.0905835967712784e+02	  4.4726735565496938e+02	
  1.2000000000000000e+02	 3.5365354730152865e+02	  4.2456172892868273e+02	
  1.5000000000000000e+02	 3.8050543561966504e+02	  4.0893697464686454e+02	
  1.8000000000000000e+02	 4.2019508435395721e+02	  3.8694531194557732e+02	
  2.1000000000000000e+02	 4.5008977119155571e+02	  3.7030720397577159e+02	
  2.4000000000000000e+02	 4.8029154937631182e+02	  3.5186479735909654e+02	
  2.7000000000000000e+02	 5.0166389225039774e+02	  3.3660454272023418e+02	
  3.0000000000000000e+02	 5.2479479076520829e+02	  3.2215016419588682e+02	
  3.3000000000000000e+02	 5.5878835764698965e+02	  2.9975390946540938e+02	
  3.6000000000000000e+02	 5.9023707707557298e+02	  2.8134353008631160e+02	
  3.9000000000000000e+02	 6.2750468717746912e+02	  2.6521898199231924e+02	
  4.2000000000000000e+02	 6.5906848110343503e+02	  2.4238190369204898e+02	
  4.5000000000000000e+02	 6.4271039772379822e+02	  2.5101947604536710e+02	
  4.8000000000000000e+02	 5.9470701739992273e+02	  2.6311140456562839e+02	
  5.1000000000000000e+02	 5.6549164051984565e+02	  2.6672156771253225e+02	
  5.4000000000000000e+02	 5.4942143034960566e+02	  2.7564096023641679e+02	
  5.7000000000000000e+02	 5.2159913021005514e+02	  2.8017234939775813e+02	
  6.0000000000000000e+02	 4.8042133510027469e+02	  2.9870362913112803e+02	
  6.3000000000000000e+02	 4.5761932477003421e+02	  3.1022675301156954e+02	
  6.6000000000000000e+02	 4.2863971248330938e+02	  3.2261157980400623e+02	
  6.9000000000000000e+02	 4.0753464115564555e+02	  3.2913809014063634e+02	
  7.2000000000000000e+02	 3.7619226137123127e+02	  3.4074344669404115e+02	
  7.5000000000000000e+02	 3.5345294350485784e+02	  3.5212732545020839e+02	
  7.8000000000000000e+02	 3.0803264935360716e+02	  3.6552921489576227e+02	
  8.1000000000000000e+02	 2.7110915520784516e+02	  3.7669236867827777e+02	
  8.4000000000000000e+02	 2.4466604628486488e+02	  3.8351236282956546e+02	
  8.7000000000000000e+02	 2.2305311574032393e+02	  3.8993424569883274e+02	
  9.0000000000000000e+02	 1.8849853876707076e+02	  3.9652700907702950e+02	
  9.3000000000000000e+02	 1.4444115045740892e+02	  4.1553322665941920e+02	
  9.6000000000000000e+02	 1.1240697018879843e+02	  4.2780323447077052e+02	
  9.9000000000000000e+02	 8.6969657048943290e+01	  4.3358365656346461e+02	
  1.0200000000000000e+03	 5.1091744832566455e+01	  4.4377042974298575e+02	
  1.0500000000000000e+03	 3.5724246462424837e+01	  4.5063818184719884e+02	
  1.0800000000000000e+03	 6.8792578765008088e+00	  4.5828490464523514e+02	
  1.1100000000000000e+03	 -2.3638756083666529e+01	  4.6465817877541889e+02	
  1.1400000000000000e+03	 -4.5128189023649696e+01	  4.7205699006584484e+02	
  1.1700000000000000e+03	 -2.9058412292586613e+01	  4.6525419556609580e+02	
  1.2000000000000000e+03	 1.1809126802956367e+01	  4.4309173867019649e+02	
  1.2300000000000000e+03	 3.4471880419665212e+01	  4.3387948208058339e+02	
  1.2600000000000000e+03	 6.1606792277443667e+01	  4.1836696508828385e+02	
  1.2900000000000000e+03	 1.0106843355244132e+02	  3.9500154653747205e+02	
  1.3200000000000000e+03	 1.3163683277451344e+02	  3.7846646086356685e+02	
  1.3500000000000000e+03	 1.5502753361011361e+02	  3.6510611487636106e+02	
  1.3800000000000000e+03	 1.8402731196839107e+02	  3.5069108585505234e+02	
  1.4100000000000000e+03	 2.1940736466126702e+02	  3.2601172947870236e+02	
  1.4400000000000000e+03	 2.0491725906720609e+02	  3.0755098197981772e+02	
  1.4700000000000000e+03	 1.6918366332338962e+02	  2.7350083731201744e+02	
  1.5000000000000000e+03	 1.4647171337590572e+02	  2.4686160628934988e+02	
  1.5300000000000000e+03	 1.2362051594181202e+02	  2.1715577168339001e+02	
  1.5600000000000000e+03	 9.0267304460141162e+01	  1.8548793938246817e+02	
  1.5900000000000000e+03	 6.5425382688475935e+01	  1.6555569522785208e+02	
  1.6200000000000000e+03	 3.1768187258001717e+01	  1.2787072433372771e+02	
  1.6500000000000000e+03	 4.2349180462405620e+00	  9.5206225557363766e+01	
  1.6800000000000000e+03	 -1.3038937177416877e+01	  7.4906269807375224e+01	
  1.7100000000000000e+03	 -3.7509810931483955e+01	  4.9120955348738619e+01	
  1.7400000000000000e+03	 -5.2866917257803649e+01	  3.1619728354423870e+01	
  1.7700000000000000e+03	 -6.8700411294604095e+01	  1.3416275587106941e+01	
  1.8000000000000000e+03	 -7.8921927967483171e+01	  -2.4890876533286033e+00	
  1.8300000000000000e+03	 -9.2443428911014280e+01	  -2.0448650053476619e+01	
  1.8600000000000000e+03	 -1.1295715235354581e+02	  -4.4030297601184188e+01	
  1.8900000000000000e+03	 -1.3847200332947392e+02	  -6.9125270503749690e+01	
  1.9200000000000000e+03	 -1.5690676859806308e+02	  -9.0469948094180396e+01	
  1.9500000000000000e+03	 -1.7385641527662725e+02	  -1.0233109638502809e+02	
  1.9800000000000000e+03	 -1.8456165857904963e+02	  -1.1552229110821760e+02	
  2.0100000000000000e+03	 -1.9983373929094569e+02	  -1.3153556453895175e+02	
  2.0400000000000000e+03	 -2.2672720010633270e+02	  -1.6241615840466551e+02	
  2.0700000000000000e+03	 -2.5482372328819054e+02	  -1.9265138409846566e+02	
  2.1000000000000000e+03	 -2.7667538889727683e+02	  -2.1220435651063463e+02	
  2.1300000000000000e+03	 -3.0053278795937780e+02	  -2.4416653185787001e+02	
  2.1600000000000000e+03	 -3.2984023574998389e+02	  -2.7544018768807922e+02	
  2.1900000000000000e+03	 -3.5047871862765351e+02	  -2.9671768622511541e+02	
  2.2200000000000000e+03	 -3.7382701281112531e+02	  -3.2758650176669431e+02	
  2.2500000000000000e+03	 -4.0023334005944156e+02	  -3.5456302928089798e+02	
  2.2800000000000000e+03	 -4.3354979947860210e+02	  -3.8367807252280789e+02	
  2.3100000000000000e+03	 -3.8582795608974311e+02	  -3.6599461632248807e+02	
  2.3400000000000000e+03	 -3.6260497626137055e+02	  -3.5634151496349000e+02	
  2.3700000000000000e+03	 -3.1848083210996174e+02	  -3.4227280231888761e+02	
  2.4000000000000000e+03	 -2.9695123497316166e+02	  -3.3575245964499749e+02	
  2.4300000000000000e+03	 -2.5905811169979484e+02	  -3.1871744041474665e+02	
  2.4600000000000000e+03	 -2.1921258259418801e+02	  -3.0241270968886323e+02	
  2.4900000000000000e+03	 -1.8386507877485678e+02	  -2.8318073575671468e+02	
  2.5200000000000000e+03	 -1.5722962503938189e+02	  -2.6933780536689318e+02	
  2.5500000000000000e+03	 -1.1432418873121117e+02	  -2.5746408027288618e+02	
  2.5800000000000000e+03	 -8.2652215265240713e+01	  -2.4510086588202429e+02	
  2.6100000000000000e+03	 -4.6254423272324487e+01	  -2.3100563038266347e+02	
  2.6400000000000000e+03	 -1.3193888453306641e+00	  -2.1180805780800353e+02	
  2.6700000000000000e+03	 3.5775202913433745e+01	  -1.9569154362310340e+02	
  2.7000000000000000e+03	 6.0376479625601114e+01	  -1.8995137839305147e+02	
  2.7300000000000000e+03	 9.9735307197740255e+01	  -1.7500524002972386e+02	
  2.7600000000000000e+03	 1.3293827418022161e+02	  -1.5890686360604724e+02	
  2.7900000000000000e+03	 1.6329566253895592e+02	  -1.4715892651034613e+02	
  2.8200000000000000e+03	 2.0168124834532588e+02	  -1.3035385115089019e+02	
  2.8500000000000000e+03	 2.4271095465410468e+02	  -1.1496715235760728e+02	
  2.8800000000000000e+03	 2.6165782443199458e+02	  -1.0597952699766948e+02	
  2.9100000000000000e+03	 2.9419562628137453e+02	  -9.3498482551285861e+01	
  2.9400000000000000e+03	 3.1565651483465854e+02	  -7.9457262686536112e+01	
  2.9700000000000000e+03	 3.4144755435312447e+02	  -6.9739037796185329e+01	
  3.0000000000000000e+03	 3.6999424326396917e+02	  -5.9408904806876436e+01	
  3.0300000000000000e+03	 3.9496876941459465e+02	  -5.0746246260284785e+01	
  3.0600000000000000e+03	 4.4274022159575378e+02	  -3.4593577403351986e+01	
  3.0900000000000000e+03	 4.7397412300611802e+02	  -2.3066096036973310e+01	
  3.1200000000000000e+03	 5.1013718005719346e+02	  -9.6813057852180364e+00	
  3.1500000000000000e+03	 5.4851491191646357e+02	  3.8976547829545183e+00	
  3.1800000000000000e+03	 5.7054302332843884e+02	  9.9166242042526029e+00	
  3.2100000000000000e+03	 6.0123058168185753e+02	  1.9839990601963464e+01	
  3.2400000000000000e+03	 6.3105717873352580e+02	  3.6416594625734561e+01	
  3.2700000000000000e+03	 6.3399071785834190e+02	  3.7642431623027392e+01	
  3.3000000000000000e+03	 6.3540041004930481e+02	  3.8918121970528354e+01	
  3.3300000000000000e+03	 6.3662796706029599e+02	  3.9561315822389957e+01	
  3.3600000000000000e+03	 6.3595687205316608e+02	  3.9481490331850445e+01	
  3.3900000000000000e+03	 6.3522168857018949e+02	  4.0860530193521519e+01	
  3.4200000000000000e+03	 6.3550061549670443e+02	  4.1779070454773354e+01	
  3.4500000000000000e+03	 6.1262278966481153e+02	  5.3810653466802584e+01	
  3.4800000000000000e+03	 5.7103119603850348e+02	  7.1936458346658583e+01	
  3.5100000000000000e+03	 5.4910723221164028e+02	  9.1280119791495110e+01	
  3.5400000000000000e+03	 5.1436394630067616e+02	  1.1037122890723025e+02	
  3.5700000000000000e+03	 4.7286765784831465e+02	  1.3776516129294663e+02	
  3.6000000000000000e+03	 4.4999195264481097e+02	  1.4635802865783461e+02	
  3.6300000000000000e+03	 4.2215154522504184e+02	  1.6393986531442420e+02	
  3.6600000000000000e+03	 3.8340052218021765e+02	  1.8811866145068626e+02	
  3.6900000000000000e+03	 3.4149191491961670e+02	  2.1234825468308765e+02	
  3.7200000000000000e+03	 3.1898412135054241e+02	  2.2420636861830616e+02	
  3.7500000000000000e+03	 3.0180374703091422e+02	  2.3625252760794513e+02	
  3.7800000000000000e+03	 2.7628959636295355e+02	  2.5594249230302952e+02	
  3.8100000000000000e+03	 2.3524412138415033e+02	  2.7681890206225285e+02	
  3.8400000000000000e+03	 1.9689697359210635e+02	  2.9893120358314502e+02	
  3.8700000000000000e+03	 1.6492212713498600e+02	  3.2133286086809534e+02	
  3.9000000000000000e+03	 1.4112284605770282e+02	  3.3107498676377071e+02	
  3.9300000000000000e+03	 1.0889181377797468e+02	  3.5172960454001588e+02	
  3.9600000000000000e+03	 8.3153122540745059e+01	  3.6399194079566155e+02	
  3.9900000000000000e+03	 4.2524701458095464e+01	  3.8500548085086734e+02	
  4.0200000000000000e+03	 2.7673022280727437e+00	  4.0292246959158541e+02	
  4.0500000000000000e+03	 -3.3629867287164359e+01	  4.2614133964938355e+02	
  4.0800000000000000e+03	 -7.0553400531825730e+01	  4.5479133055719171e+02	
  4.1100000000000000e+03	 -1.0197754962654268e+02	  4.7962620748310485e+02	
  4.1400000000000000e+03	 -1.3516189616139243e+02	  4.9377885731564538e+02	
  4.1700000000000000e+03	 -1.7203253394477343e+02	  5.1517822719208777e+02	
  4.2000000000000000e+03	 -2.1355408783915379e+02	  5.4408962956814287e+02	
  4.2300000000000000e+03	 -2.4096318751375139e+02	  5.5718117779062072e+02	
  4.2600000000000000e+03	 -2.5633001094395945e+02	  5.6615117268949189e+02	
  4.2900000000000000e+03	 -2.8726733438782628e+02	  5.8902191411651779e+02	
  4.3200000000000000e+03	 -3.1465651675326671e+02	  6.0530014506048428e+02	
  4.3500000000000000e+03	 -2.9428325277456020e+02	  5.9824297795586108e+02	
  4.3800000000000000e+03	 -2.7227121438797917e+02	  5.8996474227198632e+02	
  4.4100000000000000e+03	 -2.3744774576379513e+02	  5.8348654084877933e+02	
  4.4400000000000000e+03	 -1.9669409721138874e+02	  5.7112810293526502e+02	
  4.4700000000000000e+03	 -1.7203075731617315e+02	  5.6863429487965072e+02	
  4.5000000000000000e+03	 -1.3437519697336398e+02	  5.6334439166858874e+02	
  4.5300000000000000e+03	 -1.1443643738212963e+02	  5.5913237622796260e+02	
  4.5600000000000000e+03	 -8.4497209779356581e+01	  5.5306538929724832e+02	
  4.5900000000000000e+03	 -5.6373860080483183e+01	  5.4311398741148992e+02	
  4.6200000000000000e+03	 -2.2566184994745797e+01	  5.2919261417793678e+02	
  4.6500000000000000e+03	 1.8007676347380411e+01	  5.1752863354396459e+02	
  4.6800000000000000e+03	 6.8282569572282640e+01	  5.0471823881169456e+02	
  4.7100000000000000e+03	 9.7500867877356043e+01	  4.9700445599177499e+02	
  4.7400000000000000e+03	 1.3429736763748934e+02	  4.9231624865311073e+02	
  4.7700000000000000e+03	 1.5529005239871535e+02	  4.8616930919977443e+02	
  4.8000000000000000e+03	 1.8752239806079987e+02	  4.7509518761190020e+02	
  4.8300000000000000e+03	 2.3403305396624515e+02	  4.6498528780914967e+02	
  4.8600000000000000e+03	 2.6445803934115759e+02	  4.5896727279163491e+02	
  4.8900000000000000e+03	 2.8595937140781382e+02	  4.4664558065588352e+02	
  4.9200000000000000e+03	 3.3281216687598214e+02	  4.3900448094665023e+02	
  4.9500000000000000e+03	 3.7402400799309930e+02	  4.2416583976155459e+02	
  4.9800000000000000e+03	 3.6038711346494642e+02	  3.8644046504637288e+02	
  5.0100000000000000e+03	 3.5551851488122566e+02	  3.5908427954536091e+02	
  5.0400000000000000e+03	 3.4221225515612520e+02	  3.1821636431352721e+02	
  5.0700000000000000e+03	 3.2507638515991403e+02	  2.8296343653460872e+02	
  5.1000000000000000e+03	 3.1410113230245008e+02	  2.5650763309219411e+02	
  5.1300000000000000e+03	 3.0271436417497245e+02	  2.1449956477400920e+02	
  5.1600000000000000e+03	 2.9592784784608551e+02	  1.9332149784525220e+02	
  5.1900000000000000e+03	 2.8744159760956916e+02	  1.7263518234225765e+02	
  5.2200000000000000e+03	 2.7544748934133321e+02	  1.2955078341534130e+02	
  5.2500000000000000e+03	 2.6440018147118866e+02	  9.1563650979303645e+01	
  5.2800000000000000e+03	 2.5018426732638494e+02	  6.0284684680291846e+01	
  5.3100000000000000e+03	 2.3325983019773881e+02	  1.4121003063150141e+01	
  5.3400000000000000e+03	 2.1519005086987403e+02	  -3.2369474065482400e+01	
  5.3700000000000000e+03	 2.0289590071951824e+02	  -5.2587306412917570e+01	
  5.4000000000000000e+03	 1.9708405667214782e+02	  -7.3578009595225609e+01	
  5.4300000000000000e+03	 1.8950960704311856e+02	  -1.0983712781091070e+02	
  5.4600000000000000e+03	 1.7416380661001872e+02	  -1.5575314762660025e+02	
  5.4900000000000000e+03	 1.6072528275082198e+02	  -1.9288369735730330e+02	
  5.5200000000000000e+03	 1.5437284412816908e+02	  -2.2137364606707263e+02	
  5.5500000000000000e+03	 1.4215591874561576e+02	  -2.6805831947033744e+02	
  5.5800000000000000e+03	 1.2937766590213175e+02	  -3.0315235310571666e+02	
  5.6100000000000000e+03	 1.2085913387299584e+02	  -3.3628517641719753e+02	
  5.6400000000000000e+03	 1.0698781441606276e+02	  -3.6454784895942760e+02	
  5.6700000000000000e+03	 9.7715343373865650e+01	  -3.9436089356104765e+02	
  5.7000000000000000e+03	 6.9586756147897745e+01	  -3.5666067400547666e+02	
  5.7300000000000000e+03	 4.1398532796431141e+01	  -3.1961734104668722e+02	
  5.7600000000000000e+03	 2.8319967045222192e+01	  -2.9845912300263200e+02	
  5.7900000000000000e+03	 1.0417369344865413e+01	  -2.7556928150307124e+02	
  5.8200000000000000e+03	 -1.0341731631740060e+01	  -2.5053132778585811e+02	
  5.8500000000000000e+03	 -3.5806746531060625e+01	  -2.1614350227473525e+02	
  5.8800000000000000e+03	 -5.8885845047236415e+01	  -1.8672849754470803e+02	
  5.9100000000000000e+03	 -8.1454807310183241e+01	  -1.5215164862781856e+02	
  5.9400000000000000e+03	 -1.0061321152910878e+02	  -1.2095897028802403e+02	
  5.9700000000000000e+03	 -1.1713845368497297e+02	  -8.9655912139978128e+01	
  6.0000000000000000e+03	 -1.3072612331467232e+02	  -6.4108634803992786e+01	
  6.0300000000000000e+03	 -1.4783331054868924e+02	  -4.0523592651472427e+01	
  6.0600000000000000e+03	 -1.6015309069090259e+02	  -1.7108358046673601e+01	
  6.0900000000000000e+03	 -1.7331387812304118e+02	  6.1477840122628891e-01	
  6.1200000000000000e+03	 -1.8316175974069736e+02	  1.6094579249359498e+01	
  6.1500000000000000e+03	 -2.0046240578938463e+02	  3.7668137481864420e+01	
  6.1800000000000000e+03	 -2.1571653105813652e+02	  5.7899185768818860e+01	
  6.2100000000000000e+03	 -2.2851962590706356e+02	  8.1766949223226987e+01	
  6.2400000000000000e+03	 -2.5634023900237923e+02	  1.1919369715613800e+02	
  6.2700000000000000e+03	 -2.8292868455997990e+02	  1.5193144949885894e+02	
  6.3000000000000000e+03	 -3.0109658637957745e+02	  1.7667347440695931e+02	
  6.3300000000000000e+03	 -3.2646586175732591e+02	  2.0921839321929042e+02	
  6.3600000000000000e+03	 -3.2761200820483839e+02	  2.0846759874627531e+02	
  6.3900000000000000e+03	 -2.9657193313458941e+02	  1.8938217986126492e+02	
  6.4200000000000000e+03	 -2.6767938647894357e+02	  1.7232008221994300e+02	
  6.4500000000000000e+03	 -2.3637761452026862e+02	  1.5676648743122672e+02	
  6.4800000000000000e+03	 -2.1638067278598609e+02	  1.4405299261295076e+02	
  6.5100000000000000e+03	 -1.7384930433822365e+02	  1.2030486204081514e+02	
  6.5400000000000000e+03	 -1.4666464753493301e+02	  1.0899259828882040e+02	
  6.5700000000000000e+03	 -1.2172397531660809e+02	  9.3468937799043331e+01	
  6.6000000000000000e+03	 -1.0240068241859967e+02	  8.3605763314670412e+01	
  6.6300000000000000e+03	 -6.8477623786377237e+01	  6.7163340448161719e+01	
  6.6600000000000000e+03	 -4.1021010766951491e+01	  4.7731374645458096e+01	
  6.6900000000000000e+03	 -8.3075328359864642e+00	  2.7617288243906536e+01	
  6.7200000000000000e+03	 3.3907496095244376e+01	  -1.1615391737448491e+00	
  6.7500000000000000e+03	 7.1800854940615494e+01	  -1.8655526312331876e+01	
  6.7800000000000000e+03	 1.0545308961119517e+02	  -3.8529958079488864e+01	
  6.8100000000000000e+03	 1.3772978722210854e+02	  -6.0543311508031522e+01	
  6.8400000000000000e+03	 1.6946102013991407e+02	  -7.1211135375637113e+01	
  6.8700000000000000e+03	 2.0106552752314587e+02	  -9.1705564024165554e+01	
  6.9000000000000000e+03	 2.4169676924243373e+02	  -1.1331295130879670e+02	
  6.9300000000000000e+03	 2.7349728545218619e+02	  -1.3221911573826441e+02	
  6.9600000000000000e+03	 3.0242427230167021e+02	  -1.5511185549207005e+02	
  6.9900000000000000e+03	 3.2812478666311330e+02	  -1.6494711162722757e+02	
  7.0200000000000000e+03	 3.6600840787166737e+02	  -1.8908127019192708e+02	
  7.0500000000000000e+03	 4.0503248501755877e+02	  -2.0843749999919248e+02	
  7.0800000000000000e+03	 4.3526529990174612e+02	  -2.2086378975944055e+02	
  7.1100000000000000e+03	 4.6187693548247370e+02	  -2.3632599981185660e+02	
  7.1400000000000000e+03	 4.9003018734542553e+02	  -2.4888915317963537e+02	
  7.1700000000000000e+03	 5.2108077604691027e+02	  -2.6828218359594587e+02	
  7.2000000000000000e+03	 5.5196569985043027e+02	  -2.9257333357339911e+02	
  7.2300000000000000e+03	 5.8324654153277186e+02	  -3.1706440666691202e+02	
  7.2600000000000000e+03	 6.2461222004573938e+02	  -3.4153379833567658e+02	
  7.2900000000000000e+03	 6.6363142594616545e+02	  -3.6043616575681978e+02	
  7.3200000000000000e+03	 6.9338067683096028e+02	  -3.7644156312326390e+02	
  7.3500000000000000e+03	 7.1634771059229547e+02	  -3.8689868480549217e+02	
  7.3800000000000000e+03	 7.4453625142778060e+02	  -4.0495535475532972e+02	
  7.4100000000000000e+03	 7.6732214405920445e+02	  -4.1388172580689928e+02	
  7.4400000000000000e+03	 8.0431047896154200e+02	  -4.3118058669434100e+02	
  7.4700000000000000e+03	 7.9438172739915922e+02	  -4.1200577555997211e+02	
  7.5000000000000000e+03	 7.7912707895098697e+02	  -3.8457952247549986e+02	
  7.5300000000000000e+03	 7.6755516901359317e+02	  -3.6694352504752766e+02	
  7.5600000000000000e+03	 7.5048799716661472e+02	  -3.3065269425516942e+02	
  7.5900000000000000e+03	 7.3613618014302767e+02	  -3.1322383947335101e+02	
  7.6200000000000000e+03	 7.1188264919140011e+02	  -2.7393845569418937e+02	
  7.6500000000000000e+03	 6.9537147254988952e+02	  -2.3674878864024708e+02	
  7.6800000000000000e+03	 6.7887016172422273e+02	  -2.0781508176546774e+02	
  7.7100000000000000e+03	 6.6045691981086031e+02	  -1.8525030669811997e+02	
  7.7400000000000000e+03	 6.4487214932149118e+02	  -1.5182364635256582e+02	
  7.7700000000000000e+03	 6.2601602801405829e+02	  -1.1536050238041683e+02	
  7.8000000000000000e+03	 6.1032527367308819e+02	  -8.7964878321125809e+01	
  7.8300000000000000e+03	 5.8959366773504848e+02	  -4.8363936114106401e+01	
  7.8600000000000000e+03	 5.7328512218963726e+02	  -2.6963979081605295e+01	
  7.8900000000000000e+03	 5.5891248044928420e+02	  5.7886436715455432e+00	
  7.9200000000000000e+03	 5.4811268675152212e+02	  3.0511060456266886e+01	
  7.9500000000000000e+03	 5.2589728394706242e+02	  6.6096232374790688e+01	
  7.9800000000000000e+03	 5.1145191824195422e+02	  1.0020372037869063e+02	
  8.0100000000000000e+03	 4.9374795499209432e+02	  1.2795275580682541e+02	
  8.0400000000000000e+03	 4.7083984926511766e+02	  1.6118797722863863e+02	
  8.0700000000000000e+03	 4.5548472102276838e+02	  1.9224375224400660e+02	
  8.1000000000000000e+03	 4.3247575267926425e+02	  2.3123282723673506e+02	
  8.1300000000000000e+03	 4.1579087065182512e+02	  2.5329263323513027e+02	
  8.1600000000000000e+03	 3.9741611322002041e+02	  2.9140891612581635e+02	
  8.1900000000000000e+03	 3.8240080965179300e+02	  3.0834084605813422e+02	
  8.2200000000000000e+03	 3.5807802187752816e+02	  3.4347280054200263e+02	
  8.2500000000000000e+03	 3.6847910993764640e+02	  3.0756316354672146e+02	
  8.2800000000000000e+03	 3.7965249081421263e+02	  2.6544515567390732e+02	
  8.3100000000000000e+03	 3.9197599115888079e+02	  2.2962749179846347e+02	
  8.3400000000000000e+03	 4.0684293038759631e+02	  1.8155960311927367e+02	
  8.3700000000000000e+03	 4.2498600918794568e+02	  1.3409847608894162e+02	
  8.4000000000000000e+03	 4.3053736799865982e+02	  1.1292885937930873e+02	
  8.4300000000000000e+03	 4.4668554314804260e+02	  6.9204914682247804e+01	
  8.4600000000000000e+03	 4.6257091111685060e+02	  3.0175099462491872e+01	
  8.4900000000000000e+03	 4.7687513715806944e+02	  -1.8851735390269440e+00	
  8.5200000000000000e+03	 4.9027173506114389e+02	  -4.4552605722308122e+01	
  8.5500000000000000e+03	 5.0575636834826139e+02	  -8.3617122258608717e+01	
  8.5800000000000000e+03	 5.1211014414483668e+02	  -1.0035355551294572e+02	
  8.6100000000000000e+03	 5.2358551479107223e+02	  -1.4341350837151759e+02	
  8.6400000000000000e+03	 5.3434468445041239e+02	  -1.9388027899481131e+02	
  8.6700000000000000e+03	 5.4267356663011492e+02	  -2.3990512518157715e+02	
  8.7000000000000000e+03	 5.5860160340972914e+02	  -2.8037640282810992e+02	
  8.7300000000000000e+03	 5.7216906262015800e+02	  -3.1579827431511779e+02	
  8.7600000000000000e+03	 5.8290356653251683e+02	  -3.5670467670905549e+02	
  8.7900000000000000e+03	 5.8942162151132004e+02	  -3.7881973323504849e+02	
  8.8200000000000000e+03	 5.8836783920242544e+02	  -3.8052146358369151e+02	
  8.8500000000000000e+03	 5.8834295541095912e+02	  -3.7889521975039696e+02	
  8.8800000000000000e+03	 5.5222350084048139e+02	  -3.7534674941189166e+02	
  8.9100000000000000e+03	 5.2326604542113012e+02	  -3.7305160704178627e+02	
  8.9400000000000000e+03	 4.9568409639656903e+02	  -3.6815746282189298e+02	
  8.9700000000000000e+03	 4.7379194490301279e+02	  -3.6406456284054377e+02	
  9.0000000000000000e+03	 4.4513329544794982e+02	  -3.6188345075296206e+02	
  9.0300000000000000e+03	 3.9921801668301930e+02	  -3.5553856298242687e+02	
  9.0600000000000000e+03	 3.7159792775306096e+02	  -3.5190163146389517e+02	
  9.0900000000000000e+03	 3.3437581146038190e+02	  -3.4698584971267928e+02	
  9.1200000000000000e+03	 2.9550842014522181e+02	  -3.4396056112702149e+02	
  9.1500000000000000e+03	 2.6988931792739828e+02	  -3.3863764698556253e+02	
  9.1800000000000000e+03	 2.3909409429573924e+02	  -3.3802683022005505e+02	
  9.2100000000000000e+03	 2.1431368823825463e+02	  -3.3714880468877919e+02	
  9.2400000000000000e+03	 1.7660102065895774e+02	  -3.3834848984150017e+02	
  9.2700000000000000e+03	 1.4781643876671077e+02	  -3.3268554273334064e+02	
  9.3000000000000000e+03	 1.0953535211276838e+02	  -3.2796801430366355e+02	
  9.3300000000000000e+03	 7.4240544601417554e+01	  -3.2249541293266174e+02	
  9.3600000000000000e+03	 3.6005107932547297e+01	  -3.2318422812011642e+02	
  9.3900000000000000e+03	 1.7326908529740344e+01	  -3.2178604887987473e+02	
  9.4200000000000000e+03	 -1.0323923315288425e+01	  -3.1686771114733494e+02	
  9.4500000000000000e+03	 -5.4667844705508983e+01	  -3.1535829964916371e+02	
  9.4800000000000000e+03	 -8.5643803894349588e+01	  -3.1202879343452383e+02	
  9.5100000000000000e+03	 -1.1861057769297274e+02	  -3.1251913164913395e+02	
  9.5400000000000000e+03	 -1.4267422561640169e+02	  -3.1049674676442277e+02	
  9.5700000000000000e+03	 -1.7168832636368694e+02	  -3.0342211224746535e+02	
  9.6000000000000000e+03	 -1.7118891620802563e+02	  -3.0294637466505816e+02	
  9.6300000000000000e+03	 -1.7065777180606540e+02	  -3.0163817113356839e+02	
  9.6600000000000000e+03	 -1.7100221159240215e+02	  -3.0245716389235639e+02	
  9.6900000000000000e+03	 -1.6970470171843868e+02	  -3.0151397090709480e+02	
  9.7200000000000000e+03	 -1.7074884779564650e+02	  -3.0194462172662594e+02	
  9.7500000000000000e+03	 -1.7222476806771559e+02	  -3.0359412196749440e+02	
  9.7800000000000000e+03	 -1.7211695944320098e+02	  -3.0469209660662614e+02	
  9.8100000000000000e+03	 -1.5263421837143932e+02	  -3.4454131853778586e+02	
  9.8400000000000000e+03	 -1.2980078954400460e+02	  -3.8301946599694173e+02	
  9.8700000000000000e+03	 -1.0443705284409735e+02	  -4.2492588432171209e+02	
  9.9000000000000000e+03	 -8.5564206394699511e+01	  -4.5983975186000879e+02	
  9.9300000000000000e+03	 -6.1951992223480374e+01	  -4.8861515711237860e+02	
  9.9600000000000000e+03	 -5.0233613593863041e+01	  -5.0615070581087548e+02	
  9.9900000000000000e+03	 -2.8184186086971859e+01	  -4.9932590298616282e+02	
  1.0020000000000000e+04	 2.3732764977006919e+01	  -4.9547903199841960e+02	
  1.0050000000000000e+04	 5.2356264596123793e+01	  -4.8846650492538646e+02	
  1.0080000000000000e+04	 9.7149154630734003e+01	  -4.8676170737087722e+02	
  1.0110000000000000e+04	 1.2153117032303057e+02	  -4.8037668926444752e+02	
  1.0140000000000000e+04	 1.6286660886590545e+02	  -4.8258116318647717e+02	
  1.0170000000000000e+04	 1.8156907592408902e+02	  -4.8367403179237277e+02	
  1.0200000000000000e+04	 2.1176024705734807e+02	  -4.8174601804003623e+02	
  1.0230000000000000e+04	 2.1696933845293569e+02	  -4.7632994115685068e+02	
  1.0260000000000000e+04	 2.1613696948744055e+02	  -4.7698364652959179e+02	
  1.0290000000000000e+04	 2.1535514331144145e+02	  -4.7726840594172285e+02	
  1.0320000000000000e+04	 2.1703248076730509e+02	  -4.7634016195990023e+02	
  1.0350000000000000e+04	 2.1745681657688462e+02	  -4.7478773836139197e+02	
  1.0380000000000000e+04	 2.2634183468994112e+02	  -4.4038277744863569e+02	
  1.0410000000000000e+04	 2.2487801896138285e+02	  -4.0969477681820865e+02	
  1.0440000000000000e+04	 2.2931202200067329e+02	  -3.7760254127695953e+02	
  1.0470000000000000e+04	 2.3556189017102469e+02	  -3.5101145231494837e+02	
  1.0500000000000000e+04	 2.3872409987539581e+02	  -3.1682321473699909e+02	
  1.0530000000000000e+04	 2.4155728126293764e+02	  -2.7203897455719164e+02	
  1.0560000000000000e+04	 2.4180429014654572e+02	  -2.3859563351269361e+02	
  1.0590000000000000e+04	 2.4893027161661155e+02	  -2.1433807112244185e+02	
  1.0620000000000000e+04	 2.5746390396397055e+02	  -1.7253230030480495e+02	
  1.0650000000000000e+04	 2.6722849484550363e+02	  -1.2229125846985693e+02	
  1.0680000000000000e+04	 2.7186443317461789e+02	  -7.5521814992694004e+01	
  1.0710000000000000e+04	 2.8123236889213854e+02	  -3.6564013614925706e+01	
  1.0740000000000000e+04	 2.8817119117270562e+02	  8.0501715727817782e+00	
  1.0770000000000000e+04	 2.9332739017861127e+02	  3.9293495233053321e+01	
  1.0800000000000000e+04	 2.9891822954226325e+02	  8.0336917145185481e+01	
  1.0830000000000000e+04	 3.0158776558371682e+02	  1.2942765761131460e+02	
  1.0860000000000000e+04	 3.0407619498203593e+02	  1.6360819632062527e+02	
  1.0890000000000000e+04	 3.0984929795375672e+02	  1.9594196580433643e+02	
  1.0920000000000000e+04	 3.1139497186354095e+02	  2.4240367666195002e+02	
  1.0950000000000000e+04	 3.1961657832246055e+02	  2.8360241317071205e+02	
  1.0980000000000000e+04	 3.2685333045325871e+02	  3.0078490896765857e+02	
  1.1010000000000000e+04	 3.3467056430326477e+02	  3.4418178820175598e+02	
  1.1040000000000000e+04	 3.4242776861113003e+02	  3.7673945718961107e+02	
  1.1070000000000000e+04	 3.3978638456707046e+02	  4.1441874683897771e+02	
  1.1100000000000000e+04	 3.3861547859156144e+02	  4.3583692100768536e+02	
  1.1130000000000000e+04	 3.4850328488015026e+02	  4.8333435664857490e+02	
  1.1160000000000000e+04	 3.4678764887586556e+02	  5.0703907133984495e+02	
  1.1190000000000000e+04	 3.5135613437165500e+02	  5.2486709845847804e+02	
  1.1220000000000000e+04	 3.5333475864885008e+02	  5.5102173413176433e+02	
  1.1250000000000000e+04	 3.5091032006367851e+02	  5.7859471042662972e+02	
  1.1280000000000000e+04	 3.5335521278790827e+02	  6.1092345016314209e+02	
  1.1310000000000000e+04	 3.6195419072454365e+02	  6.4076017420585288e+02	
  1.1340000000000000e+04	 3.6370436124724233e+02	  6.8163636909155252e+02	
  1.1370000000000000e+04	 3.6358601863353351e+02	  6.8081211985787161e+02	
  1.1400000000000000e+04	 3.6379418844282924e+02	  6.7972473052540533e+02	
  1.1430000000000000e+04	 3.6538167562278977e+02	  6.8157374359819562e+02	
  1.1460000000000000e+04	 3.6352053291609207e+02	  6.8355669282869701e+02	
  1.1490000000000000e+04	 3.6274257814982269e+02	  6.8354219567496170e+02	
  1.1520000000000000e+04	 3.6292159563478197e+02	  6.8455991095218167e+02	
  1.1550000000000000e+04	 3.6363492552056164e+02	  6.8519018233051690e+02	
  1.1580000000000000e+04	 3.7631544030019762e+02	  6.4901697383608280e+02	
  1.1610000000000000e+04	 3.8499303153246285e+02	  6.1382813629534007e+02	
  1.1640000000000000e+04	 3.9675844510558795e+02	  5.9005651824119798e+02	
  1.1670000000000000e+04	 4.0468275248184455e+02	  5.5263516009672912e+02	
  1.1700000000000000e+04	 4.1233149366367246e+02	  5.2495929067902568e+02	
  1.1730000000000000e+04	 4.2567973636043587e+02	  4.8105176299489449e+02	
  1.1760000000000000e+04	 4.4653169389969406e+02	  4.3348066298072786e+02	
  1.1790000000000000e+04	 4.6264491441612688e+02	  4.0989953022215593e+02	
  1.1820000000000000e+04	 4.7417528021161007e+02	  3.7818464764475448e+02	
  1.1850000000000000e+04	 4.8866129704171692e+02	  3.4239363925064498e+02	
  1.1880000000000000e+04	 4.6594052395887991e+02	  3.1540096998241336e+02	
  1.1910000000000000e+04	 4.3297214287267752e+02	  2.8149726197094560e+02	
  1.1940000000000000e+04	 4.0808463953686766e+02	  2.6374719786396918e+02	
  1.1970000000000000e+04	 3.9034582694805840e+02	  2.5479799142602585e+02	
  1.2000000000000000e+04	 3.6181802653257040e+02	  2.2233930107929757e+02	
  1.2030000000000000e+04	 3.2980308172643271e+02	  1.9673930212024368e+02	
  1.2060000000000000e+04	 3.1677959543624155e+02	  1.8242755844522421e+02	
  1.2090000000000000e+04	 2.9107584510922220e+02	  1.5930161708148907e+02	
  1.2120000000000000e+04	 2.7369649323959169e+02	  1.3850794514853555e+02	
  1.2150000000000000e+04	 2.5317403233855467e+02	  1.2471188956679488e+02	
  1.2180000000000000e+04	 2.3044946158937074e+02	  1.0855396210496036e+02	
  1.2210000000000000e+04	 1.9736349189750408e+02	  8.1591779391510727e+01	
  1.2240000000000000e+04	 1.7961283867728710e+02	  6.8300163966908485e+01	
  1.2270000000000000e+04	 1.4537813124633817e+02	  3.9379843801543451e+01	
  1.2300000000000000e+04	 1.1024155608134944e+02	  1.3869298534292223e+01	
  1.2330000000000000e+04	 9.0180234658907210e+01	  -1.3852314100667201e+01	
  1.2360000000000000e+04	 7.3943119474220879e+01	  -3.1207768423432267e+01	
  1.2390000000000000e+04	 4.6884916913806450e+01	  -5.7437153934092521e+01	
  1.2420000000000000e+04	 1.8928019324278370e+01	  -8.6169931213159316e+01	
  1.2450000000000000e+04	 -7.7520536240081128e-01	  -1.0070108452305645e+02	
  1.2480000000000000e+04	 -2.2018754480218522e+01	  -1.2041850172179265e+02	
  1.2510000000000000e+04	 -4.2046962364842443e+01	  -1.4326528608421683e+02	
  1.2540000000000000e+04	 -6.5770420352231582e+01	  -1.6185583233793832e+02	
  1.2570000000000000e+04	 -9.0871939933968903e+01	  -1.8935916034701955e+02	
  1.2600000000000000e+04	 -1.2293460010981005e+02	  -2.1906554359712041e+02	
  1.2630000000000000e+04	 -9.2855891936718976e+01	  -1.9112332847280589e+02	
  1.2660000000000000e+04	 -7.5625357287065540e+01	  -1.7621478919365597e+02	
  1.2690000000000000e+04	 -6.0119659369440043e+01	  -1.5585256878348019e+02	
  1.2720000000000000e+04	 -4.3667934854328664e+01	  -1.3859318433018512e+02	
  1.2750000000000000e+04	 -2.3862931206462108e+01	  -1.1227211317918469e+02	
  1.2780000000000000e+04	 -2.9687963353195350e+00	  -9.3198026972098589e+01	
  1.2810000000000000e+04	 3.0664154404214568e+01	  -5.6984720466957100e+01	
  1.2840000000000000e+04	 6.0720855834330507e+01	  -2.9609942232960442e+01	
  1.2870000000000000e+04	 9.2382615958184914e+01	  8.5042074198829098e-01	
  1.2900000000000000e+04	 1.1465882860643666e+02	  2.8026303425261769e+01	
  1.2930000000000000e+04	 1.2348153224242651e+02	  3.8790423271602151e+01	
  1.2960000000000000e+04	 1.4187968739416416e+02	  5.5074742118214374e+01	
  1.2990000000000000e+04	 1.7009240545531117e+02	  9.0886902559490295e+01	
  1.3020000000000000e+04	 1.9969177223304442e+02	  1.3161253247296398e+02	
  1.3050000000000000e+04	 1.9050083387295624e+02	  1.7287486064106682e+02	
  1.3080000000000000e+04	 1.7763104407611127e+02	  2.1459936343081691e+02	
  1.3110000000000000e+04	 1.6305906848675130e+02	  2.4561898182135039e+02	
  1.3140000000000000e+04	 1.5857261285214153e+02	  2.7076507121526373e+02	
  1.3170000000000000e+04	 1.5129935632324768e+02	  3.0526001867359946e+02	
  1.3200000000000000e+04	 1.4246839900763655e+02	  3.4406793831351030e+02	
  1.3230000000000000e+04	 1.3351601588085001e+02	  3.6199492471310020e+02	
  1.3260000000000000e+04	 1.1932771249872638e+02	  4.0485472696340645e+02	
  1.3290000000000000e+04	 1.1896248553641875e+02	  4.0674174701553932e+02	
  1.3320000000000000e+04	 1.1752981040270139e+02	  4.0541299786201472e+02	
  1.3350000000000000e+04	 1.1694407104228327e+02	  4.0718986180567839e+02	
  1.3380000000000000e+04	 1.1731506559861123e+02	  4.0638766946394645e+02	
  1.3410000000000000e+04	 1.1873992171974854e+02	  4.0556879725524550e+02	
  1.3440000000000000e+04	 1.1893471919449163e+02	  4.0492950585703227e+02	
  1.3470000000000000e+04	 1.1964057181768260e+02	  4.0620136783487823e+02	
  1.3500000000000000e+04	 1.1893428773337536e+02	  4.0556294231403604e+02	
  1.3530000000000000e+04	 1.4145199579156235e+02	  3.8127283450512209e+02	
  1.3560000000000000e+04	 1.5793619330130755e+02	  3.6578452837677276e+02	
  1.3590000000000000e+04	 1.8194438100399748e+02	  3.4876831037969924e+02	
  1.3620000000000000e+04	 2.0955672208172857e+02	  3.2772858147501557e+02	
  1.3650000000000000e+04	 2.2785096558820857e+02	  3.1052344331705274e+02	
  1.3680000000000000e+04	 2.4712913313880659e+02	  2.8679269116861946e+02	
  1.3710000000000000e+04	 2.6731213290332221e+02	  2.6695421933256904e+02	
  1.3740000000000000e+04	 2.9835240909206743e+02	  2.4439465103706331e+02	
  1.3770000000000000e+04	 3.3217065678731080e+02	  2.1478243786506485e+02	
  1.3800000000000000e+04	 3.6084716810211683e+02	  1.8877852404086599e+02	
  1.3830000000000000e+04	 3.8337919380798053e+02	  1.6584779656182232e+02	
  1.3860000000000000e+04	 4.2585949920059841e+02	  1.6562715918456939e+02	
  1.3890000000000000e+04	 4.2726811196213959e+02	  1.6491969213629849e+02	
  1.3920000000000000e+04	 4.2577366412088429e+02	  1.6516360038798067e+02	
  1.3950000000000000e+04	 4.2677852192370216e+02	  1.6392421216473124e+02	
  1.3980000000000000e+04	 4.2857814833372589e+02	  1.6464076421523922e+02	
  1.4010000000000000e+04	 4.2823996710562261e+02	  1.6320223264656394e+02	
  1.4040000000000000e+04	 4.3013458975110433e+02	  1.6309357733075913e+02	
  1.4070000000000000e+04	 4.2828638173364607e+02	  1.6305005457910116e+02	
  1.4100000000000000e+04	 4.2776143089524561e+02	  1.6297718854288786e+02	
  1.4130000000000000e+04	 3.9756027432389914e+02	  1.4010490602930770e+02	
  1.4160000000000000e+04	 3.7234613414579024e+02	  1.2395383007947224e+02	
  1.4190000000000000e+04	 3.5368624663734920e+02	  1.0863663612458299e+02	
  1.4220000000000000e+04	 3.3509743160870050e+02	  9.1828525936113920e+01	
  1.4250000000000000e+04	 3.0711009245772357e+02	  6.7667102261574144e+01	
  1.4280000000000000e+04	 2.8907173426642737e+02	  5.5904267470640981e+01	
  1.4310000000000000e+04	 2.6140460096346703e+02	  3.6335320020159593e+01	
  1.4340000000000000e+04	 2.2891574667717288e+02	  1.1546634397806656e+01	
  1.4370000000000000e+04	 1.8687693182959231e+02	  -1.2882457550166261e+01	
  1.4400000000000000e+04	 1.4557671350888296e+02	  -3.8409878313397599e+01	
  1.4430000000000000e+04	 1.2575240393347563e+02	  -4.9112395932382810e+01	
  1.4460000000000000e+04	 9.0529740562913972e+01	  -7.3113894307869145e+01	
  1.4490000000000000e+04	 6.0803464299901194e+01	  -9.3377777180653723e+01	
  1.4520000000000000e+04	 2.8500433030662535e+01	  -1.1419481135643520e+02	
  1.4550000000000000e+04	 -7.3908209025716829e+00	  -1.4163730451610644e+02	
  1.4580000000000000e+04	 -3.8751096405299904e+01	  -1.6817260066436970e+02	
  1.4610000000000000e+04	 -5.1820492046175858e+01	  -1.7755225229403436e+02	
  1.4640000000000000e+04	 -6.7948656424539934e+01	  -1.9474430746372008e+02	
  1.4670000000000000e+04	 -9.3351293966987470e+01	  -2.1604660680726826e+02	
  1.4700000000000000e+04	 -1.2093203663375232e+02	  -2.3003508472959584e+02	
  1.4730000000000000e+04	 -1.4974941743197266e+02	  -2.5780465078033023e+02	
  1.4760000000000000e+04	 -1.7060213166142259e+02	  -2.6958818143723045e+02	
  1.4790000000000000e+04	 -1.8853085488117745e+02	  -2.5090745123456233e+02	
  1.4820000000000000e+04	 -2.3294263471296432e+02	  -2.2980148255747645e+02	
  1.4850000000000000e+04	 -2.5615859621278395e+02	  -2.1738720989198202e+02	
  1.4880000000000000e+04	 -2.9597147799738940e+02	  -1.9805976485265592e+02	
  1.4910000000000000e+04	 -3.3717745176972073e+02	  -1.7689806111347821e+02	
  1.4940000000000000e+04	 -3.5666920299090310e+02	  -1.6098198639825137e+02	
  1.4970000000000000e+04	 -3.9511325748420802e+02	  -1.3510422619296341e+02	
  1.5000000000000000e+04	 -4.1945725822207299e+02	  -1.2288148201456602e+02	
  1.5030000000000000e+04	 -4.5136048077962880e+02	  -9.9431937983670835e+01	
  1.5060000000000000e+04	 -4.7822657661505832e+02	  -8.1819103739933013e+01	
  1.5090000000000000e+04	 -5.1412759955483546e+02	  -6.1658686426884906e+01	
  1.5120000000000000e+04	 -5.4537575500920161e+02	  -3.7673675325209416e+01	
  1.5150000000000000e+04	 -5.8321675311570402e+02	  -1.0137610973701051e+01	
  1.5180000000000000e+04	 -6.0317697605622482e+02	  1.0380472365138615e-01	
  1.5210000000000000e+04	 -6.4564649834207830e+02	  2.2457861810160935e+01	
  1.5240000000000000e+04	 -6.7130996056796914e+02	  4.2945225478965931e+01	
  1.5270000000000000e+04	 -6.4061421426558127e+02	  2.0995572028523146e+01	
  1.5300000000000000e+04	 -6.1844190974192236e+02	  5.0290402991485816e+00	
  1.5330000000000000e+04	 -5.8280367216913953e+02	  -1.5948597318006444e+01	
  1.5360000000000000e+04	 -5.4417664362090488e+02	  -4.2663319367465178e+01	
  1.5390000000000000e+04	 -5.1653743967218850e+02	  -5.8933317853410884e+01	
  1.5420000000000000e+04	 -4.7638969873627184e+02	  -8.0959388394408791e+01	
  1.5450000000000000e+04	 -4.5277306260244711e+02	  -9.7071717778096740e+01	
  1.5480000000000000e+04	 -4.2862893819414393e+02	  -1.1392983839664808e+02	
  1.5510000000000000e+04	 -3.8415337139759919e+02	  -1.3872054698556229e+02	
  1.5540000000000000e+04	 -3.5670711841810646e+02	  -1.5575315414056422e+02	
  1.5570000000000000e+04	 -3.3506529539108999e+02	  -1.6844799541775515e+02	
  1.5600000000000000e+04	 -3.1997706892796720e+02	  -1.8058204180106586e+02	
  1.5630000000000000e+04	 -2.9923579877169857e+02	  -1.5057806076317667e+02	
  1.5660000000000000e+04	 -2.7295211517077701e+02	  -1.0864146922664764e+02	
  1.5690000000000000e+04	 -2.6682233868600360e+02	  -8.8125453122368171e+01	
  1.5720000000000000e+04	 -2.4725684775394521e+02	  -6.1790161989807217e+01	
  1.5750000000000000e+04	 -2.2946818895909459e+02	  -3.3364309894509354e+01	
  1.5780000000000000e+04	 -2.0590034380847283e+02	  1.1932313540625330e+01	
  1.5810000000000000e+04	 -1.8090933148680705e+02	  5.4931086181669976e+01	
  1.5840000000000000e+04	 -1.6338136518741132e+02	  7.8525275229447843e+01	
  1.5870000000000000e+04	 -1.3368501956302248e+02	  1.2405706949379149e+02	
  1.5900000000000000e+04	 -1.1775133801305948e+02	  1.3957911816363367e+02	
  1.5930000000000000e+04	 -9.7488388219147893e+01	  1.8133091969219853e+02	
  1.5960000000000000e+04	 -7.9348100029859651e+01	  2.1492390638978017e+02	
  1.5990000000000000e+04	 -6.5093598116197214e+01	  2.3544569392766243e+02	
  1.6020000000000000e+04	 -4.9934638556489958e+01	  2.6465521340340479e+02	
  1.6050000000000000e+04	 -2.8064659025324737e+01	  3.0348797795735061e+02	
  1.6080000000000000e+04	 -3.7520430479381304e+00	  3.4709299716254560e+02	
  1.6110000000000000e+04	 3.0802351259797888e+01	  3.2941552876291411e+02	
  1.6140000000000000e+04	 6.9991800198841958e+01	  3.1491092534442049e+02	
  1.6170000000000000e+04	 9.5091644882887294e+01	  2.9967444432473752e+02	
  1.6200000000000000e+04	 1.4148308761182119e+02	  2.8157755434735037e+02	
  1.6230000000000000e+04	 1.6862387619553215e+02	  2.6947613596883303e+02	
  1.6260000000000000e+04	 1.9574341252048015e+02	  2.5865350160593994e+02	
  1.6290000000000000e+04	 2.3805395536767239e+02	  2.5346394084839625e+02	
  1.6320000000000000e+04	 1.9958535362364753e+02	  2.7001211127809597e+02	
  1.6350000000000000e+04	 1.5639057611168576e+02	  2.9124798297102905e+02	
  1.6380000000000000e+04	 1.3325014998838276e+02	  2.9984875313710074e+02	
  1.6410000000000000e+04	 1.1808824264977962e+02	  3.1196165729045561e+02	
  1.6440000000000000e+04	 7.1294113931784949e+01	  3.3114894615841308e+02	
  1.6470000000000000e+04	 3.5974990935463808e+01	  3.4723170617999347e+02	
  1.6500000000000000e+04	 7.9061366410169143e-01	  3.6740904363089720e+02	
  1.6530000000000000e+04	 -3.0655935716277504e+01	  3.8134741393180002e+02	
  1.6560000000000000e+04	 -6.1880044373873986e+01	  3.9919202772138954e+02	
  1.6590000000000000e+04	 -8.2913028391923092e+01	  4.1363085036234946e+02	
  1.6620000000000000e+04	 -1.1880089033970701e+02	  4.2572926584587123e+02	
  1.6650000000000000e+04	 -1.5689714354329988e+02	  4.4458048726607240e+02	
  1.6680000000000000e+04	 -1.9057243126255838e+02	  4.5988042560180401e+02	
  1.6710000000000000e+04	 -2.1862855716036998e+02	  4.7186141002820085e+02	
  1.6740000000000000e+04	 -1.7838539301219134e+02	  5.0117077000906625e+02	
  1.6770000000000000e+04	 -1.5441094333942578e+02	  5.2025907442318930e+02	
  1.6800000000000000e+04	 -1.3230124283554116e+02	  5.3087973263160950e+02	
  1.6830000000000000e+04	 -1.0523766924378380e+02	  5.4541965513927244e+02	
  1.6860000000000000e+04	 -6.6629949497487900e+01	  5.6623967459992525e+02	
  1.6890000000000000e+04	 -4.0038652637565590e+01	  5.8912802294955395e+02	
  1.6920000000000000e+04	 -1.5364814870124061e+01	  6.0623957086561325e+02	
  1.6950000000000000e+04	 6.1168829270647151e+00	  5.8995961652161679e+02	
  1.6980000000000000e+04	 2.7916543328429139e+01	  5.7385391560604273e+02	
  1.7010000000000000e+04	 4.5594392677701350e+01	  5.5360088782577918e+02	
  1.7040000000000000e+04	 5.7416396366490844e+01	  5.4038038171877520e+02	
  1.7070000000000000e+04	 8.4499506584432680e+01	  5.1759994558778749e+02	
  1.7100000000000000e+04	 1.2155500529067092e+02	  4.8756565747126803e+02	
  1.7130000000000000e+04	 1.3602706189048388e+02	  4.7396070860332787e+02	
  1.7160000000000000e+04	 1.6775287791215453e+02	  4.4481996359563209e+02	
  1.7190000000000000e+04	 1.9671102968288096e+02	  4.2619637531904846e+02	
  1.7220000000000000e+04	 2.2094954206626716e+02	  4.1066616254476531e+02	
  1.7250000000000000e+04	 2.4472531801027736e+02	  3.9444175370120081e+02	
  1.7280000000000000e+04	 2.6828970856962212e+02	  3.7257933499794700e+02	
  1.7310000000000000e+04	 3.0169569794755353e+02	  3.4740939348380539e+02	
  1.7340000000000000e+04	 3.3222812728743042e+02	  3.1674428642226371e+02	
  1.7370000000000000e+04	 3.5013779946497783e+02	  2.9905498184072388e+02	
  1.7400000000000000e+04	 3.6487081807414006e+02	  2.8445807514825367e+02	
  1.7430000000000000e+04	 3.9497297769762912e+02	  2.6002679211827586e+02	
  1.7460000000000000e+04	 4.2084673729143833e+02	  2.4234166430650427e+02	
  1.7490000000000000e+04	 4.5161560047381187e+02	  2.2004059618855763e+02	
  1.7520000000000000e+04	 4.8268468492254942e+02	  2.0069761349578721e+02	
  1.7550000000000000e+04	 4.8335833846053174e+02	  1.9943997233522995e+02	
  1.7580000000000000e+04	 4.8437577997516570e+02	  1.9932378374250558e+02	
  1.7610000000000000e+04	 4.8289982202419338e+02	  1.9954289249431923e+02	
  1.7640000000000000e+04	 4.8189534362157571e+02	  1.9981136354608080e+02	
  1.7670000000000000e+04	 4.8108901099651985e+02	  1.9810834589898479e+02	
  1.7700000000000000e+04	 4.5995654805885346e+02	  1.8720856679103110e+02	
  1.7730000000000000e+04	 4.1681108786887575e+02	  1.5816319067895381e+02	
  1.7760000000000000e+04	 3.8804278026498730e+02	  1.4129279050567294e+02	
  1.7790000000000000e+04	 3.6220318079415301e+02	  1.2746401725366951e+02	
  1.7820000000000000e+04	 3.3826600476884471e+02	  1.1008737994580011e+02	
  1.7850000000000000e+04	 3.0846254029556388e+02	  8.2888378628511262e+01	
  1.7880000000000000e+04	 2.7080678254831287e+02	  5.5424309116842039e+01	
  1.7910000000000000e+04	 2.4969601842880306e+02	  4.2851351014908602e+01	
  1.7940000000000000e+04	 2.1636117422572624e+02	  1.4966089324678926e+01	
  1.7970000000000000e+04	 1.9185684607060296e+02	  -1.7470357214807066e+00	
  1.8000000000000000e+04	 1.6939370535160805e+02	  -2.2864991488803206e+01	
  1.8030000000000000e+04	 1.4591608786068434e+02	  -4.1505449243754576e+01	
  1.8060000000000000e+04	 1.1735122253797353e+02	  -6.3686609438573186e+01	
  1.8090000000000000e+04	 8.4415141052673448e+01	  -9.2884792422989676e+01	
  1.8120000000000000e+04	 6.8312534035314513e+01	  -1.0836445373212840e+02	
  1.8150000000000000e+04	 4.8620317744351851e+01	  -1.2288422378905987e+02	
  1.8180000000000000e+04	 3.1094649177983012e+01	  -1.3602387644850498e+02	
  1.8210000000000000e+04	 -3.2560390260243643e+00	  -1.5390760340765610e+02	
  1.8240000000000000e+04	 -2.9008160019080712e+01	  -1.7303893079440849e+02	
  1.8270000000000000e+04	 -4.9551034118208833e+01	  -1.8258463536287269e+02	
  1.8300000000000000e+04	 -6.3087570594140118e+01	  -1.6314028104976722e+02	
  1.8330000000000000e+04	 -7.4950153155950673e+01	  -1.2497191795755563e+02	
  1.8360000000000000e+04	 -8.6550538796762893e+01	  -1.0073451405909591e+02	
  1.8390000000000000e+04	 -9.9899310925853655e+01	  -7.0002336314148295e+01	
  1.8420000000000000e+04	 -1.1002408342459539e+02	  -2.9793311683557334e+01	
  1.8450000000000000e+04	 -1.2049623351553487e+02	  -1.1660896193487496e+01	
  1.8480000000000000e+04	 -1.2606013223186041e+02	  1.9871075541611646e+01	
  1.8510000000000000e+04	 -1.3834284956687998e+02	  5.2928277800342563e+01	
  1.8540000000000000e+04	 -1.4794468357565955e+02	  7.0260401029746944e+01	
  1.8570000000000000e+04	 -1.6502489317684808e+02	  1.1309109759406093e+02	
  1.8600000000000000e+04	 -1.7974980556725816e+02	  1.4907717783560878e+02	
  1.8630000000000000e+04	 -1.8862902870598126e+02	  1.7113337981512925e+02	
  1.8660000000000000e+04	 -1.9728458797678601e+02	  1.9352266580426152e+02	
  1.8690000000000000e+04	 -2.1454834359403006e+02	  2.3743989645143364e+02	
  1.8720000000000000e+04	 -2.2884311974812189e+02	  2.8356277163243630e+02	
  1.8750000000000000e+04	 -2.4278458185806193e+02	  3.2217320796417624e+02	
  1.8780000000000000e+04	 -2.5190973196400091e+02	  3.5224616561154875e+02	
  1.8810000000000000e+04	 -2.6836500125599366e+02	  3.9476547694567074e+02	
  1.8840000000000000e+04	 -2.8011438409637412e+02	  4.2652364352537847e+02	
  1.8870000000000000e+04	 -2.9112826598805054e+02	  4.6886113510165131e+02	
  1.8900000000000000e+04	 -3.0446426917793929e+02	  5.0036780077305048e+02	
  1.8930000000000000e+04	 -3.3261925439944565e+02	  4.8434790666463158e+02	
  1.8960000000000000e+04	 -3.5953597386314686e+02	  4.6318262788013533e+02	
  1.8990000000000000e+04	 -3.7871026876404659e+02	  4.5388310954962151e+02	
  1.9020000000000000e+04	 -4.0275313241316570e+02	  4.3831260835714545e+02	
  1.9050000000000000e+04	 -4.3459926584355901e+02	  4.2170846722993173e+02	
  1.9080000000000000e+04	 -4.4470253446613242e+02	  3.9313937153719087e+02	
  1.9110000000000000e+04	 -4.4976973943736073e+02	  3.7058513529511976e+02	
  1.9140000000000000e+04	 -4.5721967168453426e+02	  3.3159643940685800e+02	
  1.9170000000000000e+04	 -4.6306913944395927e+02	  3.0440536200663661e+02	
  1.9200000000000000e+04	 -4.8184431229611607e+02	  2.6772741880656372e+02	
  1.9230000000000000e+04	 -4.9842030188208179e+02	  2.2185704711222002e+02	
  1.9260000000000000e+04	 -5.1194547137460705e+02	  1.8351805364543446e+02	
  1.9290000000000000e+04	 -5.2294121566355420e+02	  1.4443443390293288e+02	
  1.9320000000000000e+04	 -5.3962797374620322e+02	  1.0580080641994500e+02	
  1.9350000000000000e+04	 -5.5330404838593176e+02	  7.9186469407777153e+01	
  1.9380000000000000e+04	 -5.6063786134135864e+02	  4.6286271977136202e+01	
  1.9410000000000000e+04	 -5.6608256165714704e+02	  1.6636331328468426e+01	
  1.9440000000000000e+04	 -5.7418839241769717e+02	  -1.7594468287197063e+01	
  1.9470000000000000e+04	 -5.8372838488939988e+02	  -4.9961710015367061e+01	
  1.9500000000000000e+04	 -5.4975568907394018e+02	  -6.8590533909146302e+01	
  1.9530000000000000e+04	 -5.2689372109592750e+02	  -7.4215385483768486e+01	
  1.9560000000000000e+04	 -5.0201591735965286e+02	  -8.7050355488378941e+01	
  1.9590000000000000e+04	 -4.7196448760830566e+02	  -1.0734466652445431e+02	
  1.9620000000000000e+04	 -4.3584759931150154e+02	  -1.1961846024793422e+02	
  1.9650000000000000e+04	 -4.1024215144121217e+02	  -1.3760772794264301e+02	
  1.9680000000000000e+04	 -3.7663615636780901e+02	  -1.5224664191146837e+02	
  1.9710000000000000e+04	 -3.4123805129558713e+02	  -1.7621189215943272e+02	
  1.9740000000000000e+04	 -3.1176078896765961e+02	  -1.9665721702233091e+02	
  1.9770000000000000e+04	 -2.8400311852720057e+02	  -2.1044151240436707e+02	
  1.9800000000000000e+04	 -2.4963450735471986e+02	  -2.2747128635184876e+02	
  1.9830000000000000e+04	 -2.1878307256847197e+02	  -2.4506723805771310e+02	
  1.9860000000000000e+04	 -1.9853457237804145e+02	  -2.5919686585383300e+02	
  1.9890000000000000e+04	 -1.6019156479745203e+02	  -2.7921073997250102e+02	
  1.9920000000000000e+04	 -1.3956718065518237e+02	  -2.8569858486119165e+02	
  1.9950000000000000e+04	 -1.0829809662941447e+02	  -2.9751386153765986e+02	
  1.9980000000000000e+04	 -8.8681336152365390e+01	  -3.0601617417377656e+02	
  2.0010000000000000e+04	 -4.4165150302039969e+01	  -3.3117556981417749e+02	
  2.0040000000000000e+04	 -2.5516858309446171e+01	  -3.4243065879903378e+02	
  2.0070000000000000e+04	 -4.7875059782093814e+00	  -3.5254858221481180e+02	
  2.0100000000000000e+04	 2.5959192090099734e+01	  -3.6677351220608637e+02	
  2.0130000000000000e+04	 6.5961192320896998e+01	  -3.8800687056953012e+02	
  2.0160000000000000e+04	 1.0084966635250596e+02	  -4.0678970219853977e+02	
  2.0190000000000000e+04	 1.1958451325489354e+02	  -4.1569465684836570e+02	
  2.0220000000000000e+04	 1.3939262142887480e+02	  -4.3209654294686658e+02	
  2.0250000000000000e+04	 1.8531106342451531e+02	  -4.5405825093417002e+02	
  2.0280000000000000e+04	 2.1574472575577732e+02	  -4.7392690994562503e+02	
  2.0310000000000000e+04	 2.1997217121326946e+02	  -4.7146075595542158e+02	
  2.0340000000000000e+04	 2.2124163138341817e+02	  -4.7007346115770343e+02	
  2.0370000000000000e+04	 2.2254217898925046e+02	  -4.6834280115867773e+02	
  2.0400000000000000e+04	 1.9098533850746176e+02	  -4.3279134206196068e+02	
  2.0430000000000000e+04	 1.6828297456561515e+02	  -4.1076718323318926e+02	
  2.0460000000000000e+04	 1.4174311462743603e+02	  -3.8476114433937721e+02	
  2.0490000000000000e+04	 1.2834173183817498e+02	  -3.6128010860268165e+02	
  2.0520000000000000e+04	 1.0585025405710962e+02	  -3.2919055990676884e+02	
  2.0550000000000000e+04	 8.0249382171448275e+01	  -2.9300243843467115e+02	
  2.0580000000000000e+04	 6.9367412187726885e+01	  -2.7636150416007621e+02	
  2.0610000000000000e+04	 4.8103924708369988e+01	  -2.4861731178708453e+02	
  2.0640000000000000e+04	 3.4127618544549918e+01	  -2.2698826778200009e+02	
  2.0670000000000000e+04	 8.6171561855349665e+00	  -1.9969971849877547e+02	
  2.0700000000000000e+04	 -2.0559420155721476e+01	  -1.7275537255840462e+02	
  2.0730000000000000e+04	 -4.1547038793433273e+01	  -1.4588387613378151e+02	
  2.0760000000000000e+04	 -7.5178845930276779e+01	  -1.1171584790932152e+02	
  2.0790000000000000e+04	 -1.0677957193251181e+02	  -7.4850796538760918e+01	
  2.0820000000000000e+04	 -1.2177447952505611e+02	  -5.9323982930192429e+01	
  2.0850000000000000e+04	 -1.3275174610226739e+02	  -3.8248592263410870e+01	
  2.0880000000000000e+04	 -1.5719753479302722e+02	  -8.7720460918482566e+00	
  2.0910000000000000e+04	 -1.7210698785817223e+02	  1.1778374584587926e+01	
  2.0940000000000000e+04	 -1.8991346540459719e+02	  4.2197118031063511e+01	
  2.0970000000000000e+04	 -2.0498189079110995e+02	  7.1950888119340178e+01	
  2.1000000000000000e+04	 -2.2886673961560078e+02	  9.6003840290074237e+01	
  2.1030000000000000e+04	 -2.4562831554145129e+02	  1.1701853024133119e+02	
  2.1060000000000000e+04	 -2.6187490530895485e+02	  1.4786480553069620e+02	
  2.1090000000000000e+04	 -2.7414062238737665e+02	  1.6026159269324461e+02	
  2.1120000000000000e+04	 -2.9414629593611141e+02	  1.7829537391466431e+02	
  2.1150000000000000e+04	 -3.0586369278129126e+02	  1.9916717921076540e+02	
  2.1180000000000000e+04	 -3.3453929876809235e+02	  2.3376118572993556e+02	
  2.1210000000000000e+04	 -3.5939127347946078e+02	  2.6257372450443467e+02	
  2.1240000000000000e+04	 -3.7461522640902893e+02	  2.8048029734310853e+02	
  2.1270000000000000e+04	 -4.0386188517648174e+02	  3.1610196026193177e+02	
  2.1300000000000000e+04	 -3.6013959289598688e+02	  3.1577197612948072e+02	
  2.1330000000000000e+04	 -3.3392011690938182e+02	  3.1703257873559733e+02	
  2.1360000000000000e+04	 -3.0323495389785285e+02	  3.1074341480171984e+02	
  2.1390000000000000e+04	 -2.5614177485524482e+02	  3.0449562082549136e+02	
  2.1420000000000000e+04	 -2.3648613473713954e+02	  3.0165475311884995e+02	
  2.1450000000000000e+04	 -1.8841594937107567e+02	  2.9879842013579827e+02	
  2.1480000000000000e+04	 -1.5791684781015215e+02	  3.0001384111109905e+02	
  2.1510000000000000e+04	 -1.2787063479531342e+02	  3.0062265796368882e+02	
  2.1540000000000000e+04	 -8.9070933285939958e+01	  3.0254401891098098e+02	
  2.1570000000000000e+04	 -6.8574349740443239e+01	  3.0437381347197044e+02	
  2.1600000000000000e+04	 -2.3464968762908342e+01	  2.9820173051855613e+02	
  2.1630000000000000e+04	 2.0363081813184536e+01	  2.9156491803134935e+02	
  2.1660000000000000e+04	 4.8363127965884971e+01	  2.9050963217004119e+02	
  2.1690000000000000e+04	 7.3556151920970024e+01	  2.8632229516847121e+02	
  2.1720000000000000e+04	 1.2124011486256848e+02	  2.8111387680305444e+02	
  2.1750000000000000e+04	 1.4768183693415440e+02	  2.7868600763463400e+02	
  2.1780000000000000e+04	 1.7296235654285877e+02	  2.7660440378755499e+02	
  2.1810000000000000e+04	 2.0724860539456017e+02	  2.7940413752436689e+02	
  2.1840000000000000e+04	 2.4885847762647009e+02	  2.7348055356887869e+02	
  2.1870000000000000e+04	 2.7369607395945042e+02	  2.7422757306211162e+02	
  2.1900000000000000e+04	 3.1661938337226496e+02	  2.7012815936358254e+02	
  2.1930000000000000e+04	 3.4076943319747301e+02	  2.6940226282337250e+02	
  2.1960000000000000e+04	 3.8002520869841982e+02	  2.6361328685115171e+02	
  2.1990000000000000e+04	 4.1193524809012877e+02	  2.5650762289114743e+02	
  2.2020000000000000e+04	 4.3322471045921134e+02	  2.5420313651543296e+02	
  2.2050000000000000e+04	 4.5430818943639974e+02	  2.5798591784543146e+02	
  2.2080000000000000e+04	 4.5521044954285452e+02	  2.5970274986597087e+02	
  2.2110000000000000e+04	 4.1984094284467818e+02	  2.2420021610830125e+02	
  2.2140000000000000e+04	 3.9440359151989543e+02	  2.0098961850357068e+02	
  2.2170000000000000e+04	 3.6367817880485364e+02	  1.6747359457987423e+02	
  2.2200000000000000e+04	 3.3782091051275796e+02	  1.4584707214121698e+02	
  2.2230000000000000e+04	 3.1587837352346344e+02	  1.2747717291983236e+02	
  2.2260000000000000e+04	 2.9132417542580941e+02	  1.0827879780882478e+02	
  2.2290000000000000e+04	 2.7341132492888892e+02	  9.6136568082992994e+01	
  2.2320000000000000e+04	 2.5486349882689532e+02	  7.7097667003065013e+01	
  2.2350000000000000e+04	 2.3074762230067182e+02	  4.6114705364507415e+01	
  2.2380000000000000e+04	 2.1219406653467567e+02	  3.1303757912258373e+01	
  2.2410000000000000e+04	 1.7072052901863282e+02	  -1.3773368544885010e+00	
  2.2440000000000000e+04	 1.3793178298334459e+02	  -2.7408495578098009e+01	
  2.2470000000000000e+04	 1.2045983131042813e+02	  -4.4340489847412698e+01	
  2.2500000000000000e+04	 8.8970883159770452e+01	  -7.1228140161953576e+01	
  2.2530000000000000e+04	 7.5164055110461334e+01	  -8.1959291144844585e+01	
  2.2560000000000000e+04	 5.4532954785634203e+01	  -9.9012980894216525e+01	
  2.2590000000000000e+04	 3.9384400976242560e+01	  -1.1960265086262433e+02	
  2.2620000000000000e+04	 5.3172660494513622e+00	  -1.4970839188545801e+02	
  2.2650000000000000e+04	 -6.1593379259621397e+00	  -1.6029288979424524e+02	
  2.2680000000000000e+04	 -4.0140103316106824e+01	  -1.9646640360924002e+02	
  2.2710000000000000e+04	 -6.3193315774497066e+01	  -2.1933504581223912e+02	
  2.2740000000000000e+04	 -1.0319462695312559e+02	  -2.5117129217409931e+02	
  2.2770000000000000e+04	 -1.3084509074885341e+02	  -2.6882309553660264e+02	
  2.2800000000000000e+04	 -1.6445228394874260e+02	  -2.9872216144255782e+02	
  2.2830000000000000e+04	 -1.2678552378735857e+02	  -2.6579879751415694e+02	
  2.2860000000000000e+04	 -1.0502589146746243e+02	  -2.5344161819818558e+02	
  2.2890000000000000e+04	 -7.6030446508728687e+01	  -2.2140591431133845e+02	
  2.2920000000000000e+04	 -6.1638042461855179e+01	  -2.0199874900177625e+02	
  2.2950000000000000e+04	 -2.7261867649222218e+01	  -1.7054472113704230e+02	
  2.2980000000000000e+04	 -7.6681369415176732e+00	  -1.4708443505952906e+02	
  2.3010000000000000e+04	 1.2004933020450693e+01	  -1.2991734631557188e+02	
  2.3040000000000000e+04	 2.9398363544008937e+01	  -1.1657409169583647e+02	
  2.3070000000000000e+04	 5.0796647246357004e+01	  -9.9218585246554198e+01	
  2.3100000000000000e+04	 8.1191587014954763e+01	  -7.8034587282974513e+01	
  2.3130000000000000e+04	 1.0407507613761597e+02	  -4.9846528356214222e+01	
  2.3160000000000000e+04	 1.3548724428390415e+02	  -2.0064496149816041e+01	
  2.3190000000000000e+04	 1.4808856430799466e+02	  -5.3750481854239620e+00	
  2.3220000000000000e+04	 1.6974334477332269e+02	  1.8599552966987716e+01	
  2.3250000000000000e+04	 1.9661750778711834e+02	  4.7305808132179635e+01	
  2.3280000000000000e+04	 2.1889335323733121e+02	  6.0863791368942756e+01	
  2.3310000000000000e+04	 2.4454271142697624e+02	  8.4951041978520436e+01	
  2.3340000000000000e+04	 2.7913318817116692e+02	  1.0766061646790939e+02	
  2.3370000000000000e+04	 3.0946386009126121e+02	  1.4061993070240874e+02	
  2.3400000000000000e+04	 3.3338405940428294e+02	  1.6367762991009522e+02	
  2.3430000000000000e+04	 3.7044597162645596e+02	  1.9423042990045852e+02	
  2.3460000000000000e+04	 4.0295128642293184e+02	  2.2048932768596819e+02	
  2.3490000000000000e+04	 4.2911360548871869e+02	  2.3730346661401308e+02	
  2.3520000000000000e+04	 4.4064632744758438e+02	  2.5109584324017334e+02	
  2.3550000000000000e+04	 4.7089310365565075e+02	  2.8950378706720818e+02	
  2.3580000000000000e+04	 4.5130610606269653e+02	  2.7914851224658776e+02	
  2.3610000000000000e+04	 4.1660059117309424e+02	  2.5945342663124842e+02	
  2.3640000000000000e+04	 3.8635026067804790e+02	  2.4015302113990765e+02	
  2.3670000000000000e+04	 3.6198961867945007e+02	  2.3005864041103479e+02	
  2.3700000000000000e+04	 3.3811218819089538e+02	  2.1473029408230030e+02	
  2.3730000000000000e+04	 3.0649089629475282e+02	  2.0187556833602125e+02	
  2.3760000000000000e+04	 2.7579339424914275e+02	  1.8733036661394823e+02	
  2.3790000000000000e+04	 2.3973836289688754e+02	  1.6422960471785785e+02	
  2.3820000000000000e+04	 2.1638736066247120e+02	  1.5091922607105749e+02	
  2.3850000000000000e+04	 1.8549701388974785e+02	  1.3721062844964882e+02	
  2.3880000000000000e+04	 1.5533504841209307e+02	  1.1590998644681770e+02	
  2.3910000000000000e+04	 1.2771397481225272e+02	  1.0437323555757897e+02	
  2.3940000000000000e+04	 1.0327749670548806e+02	  8.6502650999893291e+01	
  2.3970000000000000e+04	 8.3851029865715986e+01	  7.6397614215502202e+01	
  2.4000000000000000e+04	 4.0388092733308881e+01	  5.9089815210793333e+01	
  2.4030000000000000e+04	 1.9732753742035744e+01	  4.2841348531829325e+01	
  2.4060000000000000e+04	 -2.0735046863990224e+01	  2.3350630510593902e+01	
  2.4090000000000000e+04	 -4.4707713524554791e+01	  4.3425313891047210e+00	
  2.4120000000000000e+04	 -6.3321640766393166e+01	  -1.0961584300325841e+01	
  2.4150000000000000e+04	 -8.4053365104571924e+01	  -2.6618532015999239e+01	
  2.4180000000000000e+04	 -1.1100831816244349e+02	  -4.0207946854342389e+01	
  2.4210000000000000e+04	 -1.3103213440616173e+02	  7.1942365601708502e+00	
  2.4240000000000000e+04	 -1.4248136613010021e+02	  4.2305934819462642e+01	
  2.4270000000000000e+04	 -1.5493861455919338e+02	  7.1709500987165626e+01	
  2.4300000000000000e+04	 -1.7195663821238048e+02	  1.1182569440397123e+02	
  2.4330000000000000e+04	 -1.8345403421736873e+02	  1.4835326440796689e+02	
  2.4360000000000000e+04	 -1.9706629715016834e+02	  1.9405482817054494e+02	
  2.4390000000000000e+04	 -2.1367753304842367e+02	  2.4216796911501052e+02	
  2.4420000000000000e+04	 -2.1837232090493416e+02	  2.7061929105572045e+02	
  2.4450000000000000e+04	 -2.3421712065797800e+02	  3.0833929514615278e+02	
  2.4480000000000000e+04	 -2.4862471096917665e+02	  3.5139032031970970e+02	
  2.4510000000000000e+04	 -2.5689012315008125e+02	  3.8744281000163227e+02	
  2.4540000000000000e+04	 -2.6476908783818334e+02	  4.2269903778795401e+02	
  2.4570000000000000e+04	 -2.7425373519920146e+02	  4.6902273383651180e+02	
  2.4600000000000000e+04	 -2.8709719019595343e+02	  5.1110398050064560e+02	
  2.4630000000000000e+04	 -2.9392810333843408e+02	  5.1128300359030567e+02	
  2.4660000000000000e+04	 -2.9346839242743346e+02	  5.1094061918929458e+02	
  2.4690000000000000e+04	 -3.2445188384035771e+02	  4.8814987338345179e+02	
  2.4720000000000000e+04	 -3.5976848794027740e+02	  4.5992888072491678e+02	
  2.4750000000000000e+04	 -3.8009692014436644e+02	  4.4921146603271541e+02	
  2.4780000000000000e+04	 -4.0658439463395263e+02	  4.2523780746303692e+02	
  2.4810000000000000e+04	 -4.3139489792610021e+02	  4.0836530278169863e+02	
  2.4840000000000000e+04	 -4.5431169604316182e+02	  3.8625791696139913e+02	
  2.4870000000000000e+04	 -4.8390445119456064e+02	  3.6611342886130240e+02	
  2.4900000000000000e+04	 -5.0811229889220687e+02	  3.4737455653465179e+02	
  2.4930000000000000e+04	 -5.3658698898892658e+02	  3.2042036861087445e+02	
  2.4960000000000000e+04	 -5.5589944506776430e+02	  3.0423558947502141e+02	
  2.4990000000000000e+04	 -5.8243912816360648e+02	  2.8220516838165219e+02	
  2.5020000000000000e+04	 -6.1029302935155272e+02	  2.5789170577573378e+02	
  2.5050000000000000e+04	 -6.3139211851106575e+02	  2.4158944676023776e+02	
  2.5080000000000000e+04	 -6.6231467267090557e+02	  2.2135790207817826e+02	
  2.5110000000000000e+04	 -6.9524453713685102e+02	  1.9551459676064758e+02	
  2.5140000000000000e+04	 -7.1758113323345719e+02	  1.7690967456412039e+02	
  2.5170000000000000e+04	 -7.3890243000572286e+02	  1.6757371126591647e+02	
  2.5200000000000000e+04	 -7.1700194237667802e+02	  1.4091411498125058e+02	
  2.5230000000000000e+04	 -6.9138748582530411e+02	  1.1621458599613314e+02	
  2.5260000000000000e+04	 -6.6262104208392725e+02	  8.5449385447741037e+01	
  2.5290000000000000e+04	 -6.4334705940309902e+02	  7.0936936137432539e+01	
  2.5320000000000000e+04	 -6.0774245282283175e+02	  3.8890649762847673e+01	
  2.5350000000000000e+04	 -5.9125878008395341e+02	  2.3637374940256137e+01	
  2.5380000000000000e+04	 -5.5796604852738506e+02	  -8.2731580844245087e+00	
  2.5410000000000000e+04	 -5.3679315853202195e+02	  -1.8986037281680005e+01	
  2.5440000000000000e+04	 -5.2135410863543336e+02	  -3.8484681735941116e+01	
  2.5470000000000000e+04	 -4.9469303678166784e+02	  -5.3922464611641175e+01	
  2.5500000000000000e+04	 -4.6135909322891081e+02	  -8.1223836767638886e+01	
  2.5530000000000000e+04	 -4.2988798098921382e+02	  -1.1025529622888415e+02	
  2.5560000000000000e+04	 -3.9464705528701597e+02	  -1.4748585932301654e+02	
  2.5590000000000000e+04	 -3.6959618425390801e+02	  -1.6976792058092971e+02	
  2.5620000000000000e+04	 -3.3605121225210758e+02	  -2.0334512653360656e+02	
  2.5650000000000000e+04	 -3.0907785591369196e+02	  -2.2742085822177822e+02	
  2.5680000000000000e+04	 -2.7272057049479776e+02	  -2.6107479728405366e+02	
  2.5710000000000000e+04	 -2.5263513651367379e+02	  -2.8731877976943059e+02	
  2.5740000000000000e+04	 -2.3219670724336399e+02	  -2.9961946858531377e+02	
  2.5770000000000000e+04	 -2.0102686670562426e+02	  -3.2701706382518756e+02	
  2.5800000000000000e+04	 -1.8811479383599328e+02	  -3.4612019811601971e+02	
  2.5830000000000000e+04	 -1.6376996750589467e+02	  -3.1891095929974551e+02	
  2.5860000000000000e+04	 -1.3897769117989878e+02	  -2.9386050980219306e+02	
  2.5890000000000000e+04	 -1.2620554965177715e+02	  -2.7976271500545084e+02	
  2.5920000000000000e+04	 -1.0038847308889069e+02	  -2.5791694465469499e+02	
  2.5950000000000000e+04	 -6.9007262969134871e+01	  -2.2288461630773929e+02	
  2.5980000000000000e+04	 -4.0411619712587481e+01	  -1.9762430294785449e+02	
  2.6010000000000000e+04	 -1.0606182265467034e+01	  -1.6818779966957291e+02	
  2.6040000000000000e+04	 2.7087504903406860e+01	  -1.3687278785432218e+02	
  2.6070000000000000e+04	 4.9665202097408461e+01	  -1.1939675037364307e+02	
  2.6100000000000000e+04	 8.3316451272633515e+01	  -8.2076415710446938e+01	
  2.6130000000000000e+04	 1.1025483667303385e+02	  -6.0860495807901373e+01	
  2.6160000000000000e+04	 1.2643630743750010e+02	  -4.1434158562054108e+01	
  2.6190000000000000e+04	 1.4821870537066638e+02	  -1.7196779766795004e+01	
  2.6220000000000000e+04	 1.7056035953620940e+02	  1.1503197463826289e+01	
  2.6250000000000000e+04	 1.8953820073439064e+02	  2.7041584129945672e+01	
  2.6280000000000000e+04	 2.2487888512563282e+02	  5.5845889223760892e+01	
  2.6310000000000000e+04	 2.4832872657523680e+02	  7.1955556322625114e+01	
  2.6340000000000000e+04	 2.6961660230027906e+02	  8.7195583403759912e+01	
  2.6370000000000000e+04	 3.0005021516368174e+02	  1.1999239270838584e+02	
  2.6400000000000000e+04	 3.2339909180528053e+02	  1.4928625980168840e+02	
  2.6430000000000000e+04	 3.5783562830684605e+02	  1.8059596693694124e+02	
  2.6460000000000000e+04	 3.7880979062299173e+02	  2.0707501400295476e+02	
  2.6490000000000000e+04	 3.4696538246614352e+02	  1.9143094996624166e+02	
  2.6520000000000000e+04	 3.0006227706219158e+02	  1.7682338496230258e+02	
  2.6550000000000000e+04	 2.6754206601399483e+02	  1.6220775040645177e+02	
  2.6580000000000000e+04	 2.3614237072270717e+02	  1.4662004595884261e+02	
  2.6610000000000000e+04	 2.0192273583449145e+02	  1.2953749069013816e+02	
  2.6640000000000000e+04	 1.6186461726267183e+02	  1.2021376363570516e+02	
  2.6670000000000000e+04	 1.3842581929478439e+02	  1.0992926035289801e+02	
  2.6700000000000000e+04	 9.6650072613375329e+01	  9.7534301978131282e+01	
  2.6730000000000000e+04	 4.9838328447924567e+01	  8.7196577938402598e+01	
  2.6760000000000000e+04	 1.1895787913030986e+01	  7.5232860541601553e+01	
  2.6790000000000000e+04	 -1.1112915941079187e+01	  6.2209041407612304e+01	
  2.6820000000000000e+04	 -5.8379852617937225e+01	  4.8934682561304527e+01	
  2.6850000000000000e+04	 -1.0015272430854009e+02	  3.5690469320016675e+01	
  2.6880000000000000e+04	 -1.2808064906972956e+02	  2.6585520766662398e+01	
  2.6910000000000000e+04	 -1.4951310332412106e+02	  1.5739679977303592e+01	
  2.6940000000000000e+04	 -1.7211880067876285e+02	  3.9121136636983120e+00	
  2.6970000000000000e+04	 -2.0259571911640396e+02	  -6.1548219870023306e+00	
  2.7000000000000000e+04	 -2.5369433892544274e+02	  -1.7183511655544034e+01	
  2.7030000000000000e+04	 -2.9730859557310896e+02	  -3.2253654904525490e+01	
  2.7060000000000000e+04	 -3.2900799198274024e+02	  -4.2726569758792223e+01	
  2.7090000000000000e+04	 -3.6077834472617258e+02	  -5.2531802168254259e+01	
  2.7120000000000000e+04	 -3.8673554362849654e+02	  -6.4188188051344795e+01	
  2.7150000000000000e+04	 -4.2153964268447442e+02	  -7.1737460526328690e+01	
  2.7180000000000000e+04	 -4.4389570080918082e+02	  -7.5833031144229466e+01	
  2.7210000000000000e+04	 -4.8135730083541182e+02	  -9.2165635468210056e+01	
  2.7240000000000000e+04	 -5.1344140794325108e+02	  -1.0572758441525949e+02	
  2.7270000000000000e+04	 -5.4708511227677411e+02	  -1.1202489062364975e+02	
  2.7300000000000000e+04	 -5.8065426301802188e+02	  -1.2563783287056353e+02	
  2.7330000000000000e+04	 -5.6195826879946424e+02	  -1.5518096377190096e+02	
  2.7360000000000000e+04	 -5.3592160147194750e+02	  -1.9447522705222701e+02	
  2.7390000000000000e+04	 -5.1603323371928388e+02	  -2.3847441187152094e+02	
  2.7420000000000000e+04	 -4.9908244474174137e+02	  -2.6964353072689784e+02	
  2.7450000000000000e+04	 -4.8240198419381926e+02	  -3.0109756743885646e+02	
  2.7480000000000000e+04	 -4.6025222461605904e+02	  -3.4496363439295538e+02	
  2.7510000000000000e+04	 -4.4499963522389402e+02	  -3.7910950871638414e+02	
  2.7540000000000000e+04	 -4.3066306137296016e+02	  -4.0216380722633392e+02	
  2.7570000000000000e+04	 -4.1270167729818877e+02	  -4.3796499298074855e+02	
  2.7600000000000000e+04	 -3.9593342595141263e+02	  -4.7468303694519653e+02	
  2.7630000000000000e+04	 -3.8581350053247832e+02	  -4.9297172460099512e+02	
  2.7660000000000000e+04	 -3.7012406285569722e+02	  -5.1618644260856036e+02	
  2.7690000000000000e+04	 -3.5177072889722814e+02	  -5.6032783523536511e+02	
  2.7720000000000000e+04	 -3.3516550443969595e+02	  -5.9431013461912801e+02	
  2.7750000000000000e+04	 -3.1974910782389804e+02	  -6.1561687010230014e+02	
  2.7780000000000000e+04	 -3.0671348307005127e+02	  -6.3803330573334358e+02	
  2.7810000000000000e+04	 -2.9436031316000731e+02	  -6.6116966740701457e+02	
  2.7840000000000000e+04	 -2.7051138455454168e+02	  -6.9753491392615626e+02	
  2.7870000000000000e+04	 -2.6445075459334009e+02	  -7.1877909183836334e+02	
  2.7900000000000000e+04	 -2.6511573701626213e+02	  -7.2069706450455772e+02	
  2.7930000000000000e+04	 -2.6456958317729254e+02	  -7.2119115021678863e+02	
  2.7960000000000000e+04	 -2.6406621790790359e+02	  -7.2195164709949063e+02	
  2.7990000000000000e+04	 -2.6375128590048655e+02	  -7.2251567840944494e+02	
  2.8020000000000000e+04	 -2.6475481316650666e+02	  -7.2135691094654987e+02	
  2.8050000000000000e+04	 -2.8028742412871003e+02	  -6.9717486338378524e+02	
  2.8080000000000000e+04	 -2.9481104924973192e+02	  -6.7176734866258221e+02	
  2.8110000000000000e+04	 -3.1047966815372320e+02	  -6.4446532820044422e+02	
  2.8140000000000000e+04	 -3.2056447946998861e+02	  -6.2458637240505175e+02	
  2.8170000000000000e+04	 -3.3760869985303742e+02	  -5.8699385621649628e+02	
  2.8200000000000000e+04	 -3.5505570293853481e+02	  -5.5438748546709610e+02	
  2.8230000000000000e+04	 -3.7281174805401230e+02	  -5.1613650614396727e+02	
  2.8260000000000000e+04	 -3.9216805821789637e+02	  -4.8344774119198951e+02	
  2.8290000000000000e+04	 -4.0152357344436706e+02	  -4.5328859691664354e+02	
  2.8320000000000000e+04	 -4.2092053291238403e+02	  -4.0546807083221790e+02	
  2.8350000000000000e+04	 -4.3201895228962917e+02	  -3.7378784482944559e+02	
  2.8380000000000000e+04	 -4.4678790550269468e+02	  -3.5149757036828362e+02	
  2.8410000000000000e+04	 -4.6106293030052592e+02	  -3.1867573385909844e+02	
  2.8440000000000000e+04	 -4.7620962162931681e+02	  -2.8976323432694534e+02	
  2.8470000000000000e+04	 -4.9937818660403298e+02	  -2.5176142256717765e+02	
  2.8500000000000000e+04	 -4.8680812758580743e+02	  -2.1370281335448766e+02	
  2.8530000000000000e+04	 -4.7463858888170859e+02	  -1.6370249490588063e+02	
  2.8560000000000000e+04	 -4.6324339796412886e+02	  -1.3649033941628917e+02	
  2.8590000000000000e+04	 -4.5853931255271436e+02	  -1.0386870161216704e+02	
  2.8620000000000000e+04	 -4.4471588537130742e+02	  -6.6704463735197777e+01	
  2.8650000000000000e+04	 -4.3558496264520824e+02	  -3.8619282403739753e+01	
  2.8680000000000000e+04	 -4.2570693372500210e+02	  -4.0168282276232148e+00	
  2.8710000000000000e+04	 -4.1234639902169124e+02	  3.4544046252233933e+01	
  2.8740000000000000e+04	 -4.0353982839596944e+02	  7.2311311357845085e+01	
  2.8770000000000000e+04	 -3.9100264953686087e+02	  1.1458809864367795e+02	
  2.8800000000000000e+04	 -3.8418602245083940e+02	  1.4492576492344961e+02	
  2.8830000000000000e+04	 -3.7011225888189301e+02	  1.9754749191534486e+02	
  2.8860000000000000e+04	 -3.6030761523141098e+02	  2.3972914632369401e+02	
  2.8890000000000000e+04	 -3.5040315864284901e+02	  2.7713104252596446e+02	
  2.8920000000000000e+04	 -3.3715198835759077e+02	  3.2308101030622714e+02	
  2.8950000000000000e+04	 -3.3138381549585898e+02	  3.4915103077276149e+02	
  2.8980000000000000e+04	 -3.2329842220990020e+02	  3.9272278584031523e+02	
  2.9010000000000000e+04	 -3.1286311187635238e+02	  4.3719658623944167e+02	
  2.9040000000000000e+04	 -3.0120971377652461e+02	  4.7103853133353164e+02	
  2.9070000000000000e+04	 -2.9750388882888217e+02	  4.8063058862985105e+02	
  2.9100000000000000e+04	 -2.9645401995090492e+02	  4.7985354795714278e+02	
  2.9130000000000000e+04	 -2.9619049088730480e+02	  4.7847268337100638e+02	
  2.9160000000000000e+04	 -2.9648390192845460e+02	  4.7932804655821747e+02	
  2.9190000000000000e+04	 -2.9613478942237128e+02	  4.8068322797401999e+02	
  2.9220000000000000e+04	 -2.9741205381067044e+02	  4.8147526636139139e+02	
  2.9250000000000000e+04	 -2.6728066942631665e+02	  4.6943497960502418e+02	
  2.9280000000000000e+04	 -2.4136731065312966e+02	  4.5839887542586337e+02	
  2.9310000000000000e+04	 -2.0537550102714866e+02	  4.4351144156556398e+02	
  2.9340000000000000e+04	 -1.5919594152289903e+02	  4.2905579076851672e+02	
  2.9370000000000000e+04	 -1.3972640424054106e+02	  4.1913855242918686e+02	
  2.9400000000000000e+04	 -9.7592374593667643e+01	  4.0439173065965110e+02	
  2.9430000000000000e+04	 -7.3549247535475970e+01	  3.9663646782933614e+02	
  2.9460000000000000e+04	 -3.2596385554748778e+01	  3.8741020796081091e+02	
  2.9490000000000000e+04	 5.9049897816449359e+00	  3.7201813376919637e+02	
  2.9520000000000000e+04	 4.4259300971841931e+01	  3.6076461187613995e+02	
  2.9550000000000000e+04	 7.4103754137699710e+01	  3.4920127304919066e+02	
  2.9580000000000000e+04	 1.1500742587432060e+02	  3.3540664767040408e+02	
  2.9610000000000000e+04	 1.5893537407773618e+02	  3.2192647742429165e+02	
  2.9640000000000000e+04	 1.7832767051641494e+02	  3.1143155804283907e+02	
  2.9670000000000000e+04	 2.0708848347522505e+02	  3.0071693692492033e+02	
  2.9700000000000000e+04	 2.3811375323424249e+02	  2.9115045088761804e+02	
  2.9730000000000000e+04	 2.6658664495661645e+02	  2.7885906119506978e+02	
  2.9760000000000000e+04	 2.9368043166650568e+02	  2.7661576776435868e+02	
  2.9790000000000000e+04	 3.1606713901776362e+02	  2.6930201065775873e+02	
  2.9820000000000000e+04	 3.1699109508347766e+02	  2.7016175458967092e+02	
  2.9850000000000000e+04	 3.1838166796746981e+02	  2.6875461829035942e+02	
  2.9880000000000000e+04	 3.1657115000108672e+02	  2.3564368466422215e+02	
  2.9910000000000000e+04	 3.2162376601807603e+02	  1.8491813210784332e+02	
  2.9940000000000000e+04	 3.1743845715950386e+02	  1.4971384778484298e+02	
  2.9970000000000000e+04	 3.1579885160090237e+02	  1.1516796332151802e+02	
  3.0000000000000000e+04	 3.1618812147117353e+02	  9.7840316556613871e+01	
  3.0030000000000000e+04	 3.1541702866512259e+02	  5.8063205990570928e+01	
  3.0060000000000000e+04	 3.1231323768403195e+02	  2.5656828219299754e+01	
  3.0090000000000000e+04	 3.0944612012295283e+02	  -9.9045570632793627e+00	
  3.0120000000000000e+04	 3.0988216578601833e+02	  -3.5864119879665438e+01	
  3.0150000000000000e+04	 3.1197544131536506e+02	  -7.1850662719898452e+01	
  3.0180000000000000e+04	 3.1203497196426952e+02	  -8.7957690207411048e+01	
  3.0210000000000000e+04	 3.1252034403629114e+02	  -1.4012425096223473e+02	
  3.0240000000000000e+04	 3.1135402856309383e+02	  -1.6366315410604915e+02	
  3.0270000000000000e+04	 3.1218646031440568e+02	  -2.1469176494716439e+02	
  3.0300000000000000e+04	 3.1518457611376698e+02	  -2.5610205465083050e+02	
  3.0330000000000000e+04	 3.1785885720361671e+02	  -2.9923258899768143e+02	
  3.0360000000000000e+04	 3.5616133249759923e+02	  -3.1536837861234386e+02	
  3.0390000000000000e+04	 3.7334461081514939e+02	  -3.2757440384484516e+02	
  3.0420000000000000e+04	 4.0227535024943620e+02	  -3.3784053365183604e+02	
  3.0450000000000000e+04	 4.2268208496584259e+02	  -3.4157456338398993e+02	
  3.0480000000000000e+04	 4.5037425974792734e+02	  -3.5103877688318715e+02	
  3.0510000000000000e+04	 4.8347002346237258e+02	  -3.5837958857438764e+02	
  3.0540000000000000e+04	 5.0934822518151151e+02	  -3.6554106482325147e+02	
  3.0570000000000000e+04	 5.4243992102867981e+02	  -3.8094414956620648e+02	
  3.0600000000000000e+04	 5.7859305438171930e+02	  -3.9408823341522066e+02	
  3.0630000000000000e+04	 6.1070098268555944e+02	  -4.0210757043064024e+02	
  3.0660000000000000e+04	 6.4966864587910356e+02	  -4.1838274419437130e+02	
  3.0690000000000000e+04	 6.8863166284223735e+02	  -4.2735508169962355e+02	
  3.0720000000000000e+04	 7.2706505050428882e+02	  -4.3988008589818878e+02	
  3.0750000000000000e+04	 7.6205135355899893e+02	  -4.5705269354965083e+02	
  3.0780000000000000e+04	 7.4205908403536466e+02	  -4.3178039016816041e+02	
  3.0810000000000000e+04	 7.3226887465367554e+02	  -4.0980150974917632e+02	
  3.0840000000000000e+04	 7.1590244485237793e+02	  -3.8895028545315034e+02	
  3.0870000000000000e+04	 6.9823809375411679e+02	  -3.6923044112638303e+02	
  3.0900000000000000e+04	 6.9082799749022388e+02	  -3.5517762992956472e+02	
  3.0930000000000000e+04	 6.6685959300386776e+02	  -3.1436544750533221e+02	
  3.0960000000000000e+04	 6.4348625460719927e+02	  -2.8830360959675693e+02	
  3.0990000000000000e+04	 6.2193546320118958e+02	  -2.6081470985279498e+02	
  3.1020000000000000e+04	 6.0528031357275972e+02	  -2.4202500021753497e+02	
  3.1050000000000000e+04	 5.9420369425024239e+02	  -2.2085846536720797e+02	
  3.1080000000000000e+04	 5.7331107009940172e+02	  -1.8031137028799364e+02	
  3.1110000000000000e+04	 5.5642412550024676e+02	  -1.5124254599693489e+02	
  3.1140000000000000e+04	 5.4571685023405496e+02	  -1.2938650637236981e+02	
  3.1170000000000000e+04	 5.2257746796402159e+02	  -8.7892042506884380e+01	
  3.1200000000000000e+04	 4.9418224174038556e+02	  -4.9997427753221288e+01	
  3.1230000000000000e+04	 4.7409813297859699e+02	  -2.3040140745848838e+01	
  3.1260000000000000e+04	 4.5604709306060124e+02	  8.8944441690989322e+00	
  3.1290000000000000e+04	 4.4322365789582574e+02	  2.8014641024541667e+01	
  3.1320000000000000e+04	 4.1880756744138642e+02	  5.8595631954075287e+01	
  3.1350000000000000e+04	 3.9455068043368959e+02	  9.9871445497722846e+01	
  3.1380000000000000e+04	 3.8372225404158138e+02	  1.2096381843649304e+02	
  3.1410000000000000e+04	 3.6791982557777010e+02	  1.4377539748662315e+02	
  3.1440000000000000e+04	 3.4908528133219716e+02	  1.7323116587421407e+02	
  3.1470000000000000e+04	 3.3934044715383612e+02	  1.9212129075510447e+02	
  3.1500000000000000e+04	 3.1973446305451694e+02	  2.2588835623382798e+02	
  3.1530000000000000e+04	 3.1784145996565968e+02	  2.2628213132642793e+02	
  3.1560000000000000e+04	 3.1669809933885836e+02	  2.2708134205083851e+02	
  3.1590000000000000e+04	 3.1497392707124322e+02	  2.2818797701359694e+02	
  3.1620000000000000e+04	 3.1583232001503228e+02	  2.2786145103815096e+02	
  3.1650000000000000e+04	 3.1536871804258789e+02	  2.2680921298733651e+02	
  3.1680000000000000e+04	 3.1596165676164247e+02	  2.2555155309940591e+02	
  3.1710000000000000e+04	 2.8108663858105734e+02	  2.0775281203251262e+02	
  3.1740000000000000e+04	 2.5980767724555676e+02	  1.9503058187654898e+02	
  3.1770000000000000e+04	 2.3656835522037954e+02	  1.7583515103299689e+02	
  3.1800000000000000e+04	 2.0859652011324832e+02	  1.5771323329784303e+02	
  3.1830000000000000e+04	 1.7730244621405222e+02	  1.4538633087292814e+02	
  3.1860000000000000e+04	 1.5605907232314081e+02	  1.3299961165831581e+02	
  3.1890000000000000e+04	 1.1563929422933315e+02	  1.0827886135242960e+02	
  3.1920000000000000e+04	 7.8060964827426176e+01	  8.7129130397636374e+01	
  3.1950000000000000e+04	 4.1536007516970471e+01	  6.3012177241034856e+01	
  3.1980000000000000e+04	 2.2027253774569328e+01	  5.2846292900204162e+01	
  3.2010000000000000e+04	 -1.8805223037822504e+01	  3.7183004864658976e+01	
  3.2040000000000000e+04	 -4.4250857642392660e+01	  2.2980971280576469e+01	
  3.2070000000000000e+04	 -8.2080138611474823e+01	  -1.5899921494505165e+00	
  3.2100000000000000e+04	 -1.1958754512338267e+02	  -2.3904344067565482e+01	
  3.2130000000000000e+04	 -1.5462723989285354e+02	  -4.0123269522825495e+01	
  3.2160000000000000e+04	 -1.7273212771609889e+02	  -4.6896824158889814e+01	
  3.2190000000000000e+04	 -1.9996101649620624e+02	  -5.7262549623539854e+01	
  3.2220000000000000e+04	 -2.2083734916150556e+02	  -6.8914148581727915e+01	
  3.2250000000000000e+04	 -2.6024291340775540e+02	  -8.7858680368562744e+01	
  3.2280000000000000e+04	 -2.8056289009963007e+02	  -1.0192254974928434e+02	
  3.2310000000000000e+04	 -3.1908856132210133e+02	  -1.2085057563964686e+02	
  3.2340000000000000e+04	 -3.0518765405034031e+02	  -1.0395977601162539e+02	
  3.2370000000000000e+04	 -2.8980407779348519e+02	  -7.1870092345892232e+01	
  3.2400000000000000e+04	 -2.7087472957057111e+02	  -3.6479727194307017e+01	
  3.2430000000000000e+04	 -2.5394029930401189e+02	  -5.0171783755241499e+00	
  3.2460000000000000e+04	 -2.4013252967057525e+02	  3.4848929151539238e+01	
  3.2490000000000000e+04	 -2.1782948723336904e+02	  7.9641148309961181e+01	
  3.2520000000000000e+04	 -1.9675555722354906e+02	  1.2015143115504411e+02	
  3.2550000000000000e+04	 -1.8650259574321376e+02	  1.3825550151835566e+02	
  3.2580000000000000e+04	 -1.6899783787962778e+02	  1.7068004934365359e+02	
  3.2610000000000000e+04	 -1.4958832502168084e+02	  2.1275774492030880e+02	
  3.2640000000000000e+04	 -1.3086397341925053e+02	  2.4368429521615161e+02	
  3.2670000000000000e+04	 -1.1234744491443125e+02	  2.7557982669601085e+02	
  3.2700000000000000e+04	 -1.0275715251186604e+02	  2.9874219167154206e+02	
  3.2730000000000000e+04	 -8.2108712385226696e+01	  3.4046009851285504e+02	
  3.2760000000000000e+04	 -6.1253087413982236e+01	  3.7860131734238382e+02	
  3.2790000000000000e+04	 -4.3635666805001307e+01	  4.1473048952119518e+02	
  3.2820000000000000e+04	 -3.1726739488731344e+01	  4.3723656557912796e+02	
  3.2850000000000000e+04	 -1.9357649375567792e+01	  4.6610056818990330e+02	
  3.2880000000000000e+04	 -2.3445639520103612e+00	  5.0739184739197185e+02	
  3.2910000000000000e+04	 1.7947643724691929e+01	  5.4533420359031504e+02	
  3.2940000000000000e+04	 2.9504024792439658e+01	  5.7542480617883291e+02	
  3.2970000000000000e+04	 2.9746291055037176e+01	  5.7513788676554714e+02	
  3.3000000000000000e+04	 2.9704100231687008e+01	  5.7705301083751510e+02	
