  0.0000000000000000e+00	 4.0803599811066829e+02	  1.6592507431371484e+02	
  3.0000000000000000e+01	 3.9928201272639785e+02	  2.0420829894329162e+02	
  6.0000000000000000e+01	 3.9434983245192080e+02	  2.2357564657695480e+02	
  9.0000000000000000e+01	 3.8082159132378609e+02	  2.4736881259304417e+02	
  1.2000000000000000e+02	 3.6750349794741982e+02	  2.6950564045555132e+02	
  1.5000000000000000e+02	 3.6143330862276053e+02	  2.9693672965339306e+02	
  1.8000000000000000e+02	 3.4675125874751291e+02	  3.4335549157158789e+02	
  2.1000000000000000e+02	 3.4112045908345181e+02	  3.6901054473763281e+02	
  2.4000000000000000e+02	 3.2564249865746876e+02	  3.9693630977406764e+02	
  2.7000000000000000e+02	 3.1944553791701605e+02	  4.2328375134321220e+02	
  3.0000000000000000e+02	 3.0794238643113891e+02	  4.6450273190782389e+02	
  3.3000000000000000e+02	 3.0096564587012244e+02	  4.8648123561139306e+02	
  3.6000000000000000e+02	 2.8883254246196805e+02	  5.2114040279405583e+02	
  3.9000000000000000e+02	 2.7447703655412721e+02	  5.6701775143497468e+02	
  4.2000000000000000e+02	 2.6115175631799696e+02	  5.9035952279753894e+02	
  4.5000000000000000e+02	 2.4612277770754838e+02	  6.3105147948947558e+02	
  4.8000000000000000e+02	 2.3370885731897209e+02	  6.4842192037639199e+02	
  5.1000000000000000e+02	 2.2827496414174561e+02	  6.7509340357720475e+02	
  5.4000000000000000e+02	 2.2732638814569125e+02	  6.7367591492661256e+02	
  5.7000000000000000e+02	 2.2573867526394500e+02	  6.7355258305008590e+02	
  6.0000000000000000e+02	 2.2707058827963976e+02	  6.7515996223283707e+02	
  6.3000000000000000e+02	 2.3985895591535723e+02	  6.2524243497054886e+02	
  6.6000000000000000e+02	 2.4915518147356386e+02	  6.0762513565520374e+02	
  6.9000000000000000e+02	 2.5791474232929681e+02	  5.8896670000924860e+02	
  7.2000000000000000e+02	 2.6185160243846849e+02	  5.5906763396448582e+02	
  7.5000000000000000e+02	 2.7411308976978756e+02	  5.1811877152298359e+02	
  7.8000000000000000e+02	 2.8601977059442811e+02	  4.7059974707426073e+02	
  8.1000000000000000e+02	 2.9475269914563250e+02	  4.3987066768617535e+02	
  8.4000000000000000e+02	 3.0271829717050468e+02	  4.2173787635504442e+02	
  8.7000000000000000e+02	 3.1380894547146607e+02	  3.8254678075784489e+02	
  9.0000000000000000e+02	 3.1664564250126961e+02	  3.5227404841907179e+02	
  9.3000000000000000e+02	 3.2692950436005992e+02	  3.1379451083987300e+02	
  9.6000000000000000e+02	 3.3191395831475160e+02	  2.7620147524505893e+02	
  9.9000000000000000e+02	 3.3957701354732382e+02	  2.4521988489191935e+02	
  1.0200000000000000e+03	 3.4725047616693985e+02	  2.2100346030914534e+02	
  1.0500000000000000e+03	 3.5330890795300559e+02	  1.8126096962852006e+02	
  1.0800000000000000e+03	 3.5999261016015436e+02	  1.5635517541973604e+02	
  1.1100000000000000e+03	 3.6268905041687481e+02	  1.3058053384341770e+02	
  1.1400000000000000e+03	 3.6874561441004840e+02	  1.0492777836393989e+02	
  1.1700000000000000e+03	 3.7627089429475046e+02	  5.9726752481956687e+01	
  1.2000000000000000e+03	 3.8892368661671122e+02	  1.9716765204516896e+01	
  1.2300000000000000e+03	 3.9594574957881366e+02	  -9.8920461788206886e+00	
  1.2600000000000000e+03	 3.9953337019667680e+02	  -3.1320666068207203e+01	
  1.2900000000000000e+03	 4.0729430708370785e+02	  -6.3715877061460255e+01	
  1.3200000000000000e+03	 4.2528030302288499e+02	  -1.0671031671909961e+02	
  1.3500000000000000e+03	 4.2424569204596736e+02	  -1.0646495391812797e+02	
  1.3800000000000000e+03	 4.2387090765843999e+02	  -1.0564972519278996e+02	
  1.4100000000000000e+03	 4.2465736763507817e+02	  -1.0677641408552115e+02	
  1.4400000000000000e+03	 4.2653536825397816e+02	  -1.0783012387148530e+02	
  1.4700000000000000e+03	 3.9602143505376500e+02	  -9.5605371702565307e+01	
  1.5000000000000000e+03	 3.7730559046006965e+02	  -8.5195725220827640e+01	
  1.5300000000000000e+03	 3.4198960890463127e+02	  -7.7829322793464172e+01	
  1.5600000000000000e+03	 3.1254864223825064e+02	  -6.7271201963320067e+01	
  1.5900000000000000e+03	 2.7281920066722921e+02	  -4.7711272594142400e+01	
  1.6200000000000000e+03	 2.4271560450662986e+02	  -4.0118240492576987e+01	
  1.6500000000000000e+03	 2.0168620202552779e+02	  -2.5820140504448773e+01	
  1.6800000000000000e+03	 1.6533846430492684e+02	  -1.3005077840626839e+01	
  1.7100000000000000e+03	 1.2037018404351929e+02	  -5.0592487635580952e-01	
  1.7400000000000000e+03	 1.0250218037009881e+02	  9.6985204429000511e+00	
  1.7700000000000000e+03	 7.1926251374338122e+01	  1.8932424974958654e+01	
  1.8000000000000000e+03	 4.8310639371340955e+01	  3.2425406530584112e+01	
  1.8300000000000000e+03	 9.7459534029658670e+00	  4.4856473718614048e+01	
  1.8600000000000000e+03	 -2.7947020314660406e+01	  6.2561660535931438e+01	
  1.8900000000000000e+03	 -7.0391287142914393e+01	  8.1522140973736612e+01	
  1.9200000000000000e+03	 -9.2659373773980377e+01	  8.3709243685473567e+01	
  1.9500000000000000e+03	 -1.3440972532520112e+02	  9.6658948688274634e+01	
  1.9800000000000000e+03	 -1.6755472407554743e+02	  1.1148063758397885e+02	
  2.0100000000000000e+03	 -2.0487658606278390e+02	  1.2219595591066728e+02	
  2.0400000000000000e+03	 -2.4338904362001452e+02	  1.3976513285693176e+02	
  2.0700000000000000e+03	 -2.6860835846030000e+02	  1.4523789192247895e+02	
  2.1000000000000000e+03	 -2.6626582194552242e+02	  1.0982572041520855e+02	
  2.1300000000000000e+03	 -2.6377284460775536e+02	  7.8441716614823264e+01	
  2.1600000000000000e+03	 -2.5872594885650489e+02	  4.4030348307803102e+01	
  2.1900000000000000e+03	 -2.5773286942022128e+02	  5.5262384728276928e+00	
  2.2200000000000000e+03	 -2.5691449984489674e+02	  -1.5263813934617318e+01	
  2.2500000000000000e+03	 -2.5104836552540692e+02	  -4.1311805868490453e+01	
  2.2800000000000000e+03	 -2.4507179237794455e+02	  -6.3864257495390198e+01	
  2.3100000000000000e+03	 -2.3624938439043100e+02	  -1.0321858977619421e+02	
  2.3400000000000000e+03	 -2.3316341244739760e+02	  -1.4481956558986255e+02	
  2.3700000000000000e+03	 -2.2686926277012515e+02	  -1.9341393689161575e+02	
  2.4000000000000000e+03	 -2.1741711502348264e+02	  -2.4284946471867073e+02	
  2.4300000000000000e+03	 -2.1071687915848352e+02	  -2.1096694987749038e+02	
  2.4600000000000000e+03	 -2.0510215015474299e+02	  -1.7238268343558295e+02	
  2.4900000000000000e+03	 -2.0547948954362670e+02	  -1.5429597040541637e+02	
  2.5200000000000000e+03	 -2.0204063511135266e+02	  -1.3151009758279685e+02	
  2.5500000000000000e+03	 -1.9681493450240299e+02	  -8.7093565642149741e+01	
  2.5800000000000000e+03	 -1.9840490785074499e+02	  -6.9348095988308671e+01	
  2.6100000000000000e+03	 -1.9408661334716339e+02	  -2.5645685822898805e+01	
  2.6400000000000000e+03	 -1.9264483874249393e+02	  -7.7086622342544189e+00	
  2.6700000000000000e+03	 -1.9586352371066278e+02	  2.0530286345831374e+01	
  2.7000000000000000e+03	 -1.9021611802982423e+02	  5.6836378407529537e+01	
  2.7300000000000000e+03	 -1.8760813831732335e+02	  7.9505916396015806e+01	
  2.7600000000000000e+03	 -1.8434807929722186e+02	  1.0852373936745630e+02	
  2.7900000000000000e+03	 -1.7970104532699060e+02	  1.2831746685850959e+02	
  2.8200000000000000e+03	 -1.7440987840696201e+02	  1.7253703541880566e+02	
  2.8500000000000000e+03	 -1.7810392594597309e+02	  1.9505655472117505e+02	
  2.8800000000000000e+03	 -1.7668066263168558e+02	  2.2175190211507993e+02	
  2.9100000000000000e+03	 -1.3146577694112727e+02	  2.2984969691052908e+02	
  2.9400000000000000e+03	 -1.0738409757938877e+02	  2.3744323165820117e+02	
  2.9700000000000000e+03	 -6.6746740060908792e+01	  2.3975610839033922e+02	
  3.0000000000000000e+03	 -1.7556811183151936e+01	  2.4116738600448213e+02	
  3.0300000000000000e+03	 1.8709474435948763e+01	  2.4836322445889226e+02	
  3.0600000000000000e+03	 4.1362497211951101e+01	  2.5459212068482205e+02	
  3.0900000000000000e+03	 6.6433028218604449e+01	  2.5835020410579341e+02	
  3.1200000000000000e+03	 9.8264424027305580e+01	  2.6194834954963500e+02	
  3.1500000000000000e+03	 1.5215438687837275e+02	  2.6718677378989497e+02	
  3.1800000000000000e+03	 1.9007522274962838e+02	  2.7336205262214253e+02	
  3.2100000000000000e+03	 2.2034045012652481e+02	  2.7429491954074007e+02	
  3.2400000000000000e+03	 2.4177782142984879e+02	  2.7999213490087050e+02	
  3.2700000000000000e+03	 2.7010245394938573e+02	  2.8412758436635750e+02	
  3.3000000000000000e+03	 2.9454648100235306e+02	  2.8901153924084224e+02	
  3.3300000000000000e+03	 3.4607993281289026e+02	  2.9722344443934935e+02	
  3.3600000000000000e+03	 3.7043043726084898e+02	  3.0086857456089717e+02	
  3.3900000000000000e+03	 3.9858754620910020e+02	  3.0001844749084086e+02	
  3.4200000000000000e+03	 4.1887005974663913e+02	  2.9768806465845051e+02	
  3.4500000000000000e+03	 4.5576397254732166e+02	  3.0343606635158915e+02	
  3.4800000000000000e+03	 4.9995199818537799e+02	  3.1301826766402633e+02	
  3.5100000000000000e+03	 5.0664164760133178e+02	  3.1191509046904810e+02	
  3.5400000000000000e+03	 5.0497693464630288e+02	  3.1269743022755671e+02	
  3.5700000000000000e+03	 5.0384143351962030e+02	  3.1164497941570488e+02	
  3.6000000000000000e+03	 5.0444361600870303e+02	  3.0987921286881522e+02	
  3.6300000000000000e+03	 5.0270452539752148e+02	  3.1017370937716049e+02	
  3.6600000000000000e+03	 5.0070572446738277e+02	  3.0970169561282830e+02	
  3.6900000000000000e+03	 5.0138678590965219e+02	  3.1111089758797812e+02	
  3.7200000000000000e+03	 5.0668047800079682e+02	  2.7564084920511607e+02	
  3.7500000000000000e+03	 5.1555750981419374e+02	  2.4933220576494699e+02	
  3.7800000000000000e+03	 5.1973958698204103e+02	  2.2337960739524610e+02	
  3.8100000000000000e+03	 5.2688666875986905e+02	  1.8813682967528985e+02	
  3.8400000000000000e+03	 5.3734615411744210e+02	  1.4748199898359053e+02	
  3.8700000000000000e+03	 5.4527722712518982e+02	  1.0565713302732819e+02	
  3.9000000000000000e+03	 5.4389163364324418e+02	  7.6041947812834707e+01	
  3.9300000000000000e+03	 5.4820266024401553e+02	  4.5805685403827141e+01	
  3.9600000000000000e+03	 5.5192504269705967e+02	  3.8235533926942935e+00	
  3.9900000000000000e+03	 5.5318089622157095e+02	  -2.9658352380026400e+01	
  4.0200000000000000e+03	 5.6078841431315186e+02	  -7.7532384812043261e+01	
  4.0500000000000000e+03	 5.6480326731383809e+02	  -1.0008106507443509e+02	
  4.0800000000000000e+03	 5.7090068886600375e+02	  -1.1771903835880558e+02	
  4.1100000000000000e+03	 5.8119035281166441e+02	  -1.6918654390544177e+02	
  4.1400000000000000e+03	 5.8427073025294885e+02	  -1.9919350298447637e+02	
  4.1700000000000000e+03	 5.9249047808570663e+02	  -2.4051945443075044e+02	
  4.2000000000000000e+03	 6.0207629318676970e+02	  -2.8992275185001500e+02	
  4.2300000000000000e+03	 5.8117785805607400e+02	  -2.7470303821070689e+02	
  4.2600000000000000e+03	 5.4197751383865193e+02	  -2.4832925159120450e+02	
  4.2900000000000000e+03	 5.0733961359003592e+02	  -2.2788360255807754e+02	
  4.3200000000000000e+03	 4.6691315136017681e+02	  -2.0482755546992891e+02	
  4.3500000000000000e+03	 4.5289890306842199e+02	  -1.9922228031012088e+02	
  4.3800000000000000e+03	 4.3964165950895517e+02	  -1.8760530281868222e+02	
  4.4100000000000000e+03	 4.2340785002979663e+02	  -1.7345068800060983e+02	
  4.4400000000000000e+03	 3.8486221298783988e+02	  -1.5063595001987377e+02	
  4.4700000000000000e+03	 3.5950888181902593e+02	  -1.3751931295224409e+02	
  4.5000000000000000e+03	 3.1895097871464634e+02	  -1.1374999529104068e+02	
  4.5300000000000000e+03	 2.8764656558414492e+02	  -9.9215896532982171e+01	
  4.5600000000000000e+03	 2.5176637389216631e+02	  -8.0744070476166655e+01	
  4.5900000000000000e+03	 2.2509829284604302e+02	  -6.3470591400938652e+01	
  4.6200000000000000e+03	 1.9726617247959976e+02	  -4.9203447632482877e+01	
  4.6500000000000000e+03	 1.7209497472369259e+02	  -3.3290986899021149e+01	
  4.6800000000000000e+03	 1.4554795580976125e+02	  -1.4628234603915299e+01	
  4.7100000000000000e+03	 1.1000371908296935e+02	  4.5700032129685226e+00	
  4.7400000000000000e+03	 7.4531497440972373e+01	  2.7052390369597596e+01	
  4.7700000000000000e+03	 4.8620880772325265e+01	  4.2133854685675246e+01	
  4.8000000000000000e+03	 1.0453583737090554e+01	  6.4741041675994609e+01	
  4.8300000000000000e+03	 -1.3920313353801024e+01	  8.5104695804038215e+01	
  4.8600000000000000e+03	 -5.3490503451824452e+01	  1.0645347891956951e+02	
  4.8900000000000000e+03	 -9.6492518925246685e+01	  1.2994271517994170e+02	
  4.9200000000000000e+03	 -1.2946052743160047e+02	  1.4631784178619748e+02	
  4.9500000000000000e+03	 -1.6593620170814583e+02	  1.6129078835295581e+02	
  4.9800000000000000e+03	 -1.9754401259980037e+02	  1.7877476437102840e+02	
  5.0100000000000000e+03	 -2.2792339113457382e+02	  1.9538087232986089e+02	
  5.0400000000000000e+03	 -2.5849466460114786e+02	  2.0738554315625862e+02	
  5.0700000000000000e+03	 -2.8787561322902633e+02	  2.1712780576379615e+02	
  5.1000000000000000e+03	 -3.2504495954115231e+02	  2.4014169882183643e+02	
  5.1300000000000000e+03	 -3.5492792309510156e+02	  2.5357024181105126e+02	
  5.1600000000000000e+03	 -3.7036421667686653e+02	  2.6571509117950256e+02	
  5.1900000000000000e+03	 -3.9808676328310042e+02	  2.8808291599704046e+02	
  5.2200000000000000e+03	 -4.2369316788867980e+02	  3.0592999346400109e+02	
  5.2500000000000000e+03	 -4.4701565034879252e+02	  3.2192363248601254e+02	
  5.2800000000000000e+03	 -4.7672716851447348e+02	  3.3333773216893275e+02	
  5.3100000000000000e+03	 -4.5500754261528118e+02	  3.0435823715660166e+02	
  5.3400000000000000e+03	 -4.3495866330685124e+02	  2.7915523526655119e+02	
  5.3700000000000000e+03	 -4.1964635854016080e+02	  2.6435983984578166e+02	
  5.4000000000000000e+03	 -4.0446172610233947e+02	  2.4243922104226323e+02	
  5.4300000000000000e+03	 -3.6942947441905824e+02	  2.0687931007839043e+02	
  5.4600000000000000e+03	 -3.5000718302032271e+02	  1.7693226550506211e+02	
  5.4900000000000000e+03	 -3.3427030479339243e+02	  1.5186752187739759e+02	
  5.5200000000000000e+03	 -3.0436462365616643e+02	  1.2102770152538001e+02	
  5.5500000000000000e+03	 -2.8823466218230175e+02	  1.0189986748929718e+02	
  5.5800000000000000e+03	 -2.5573468996685733e+02	  6.9026132630398422e+01	
  5.6100000000000000e+03	 -2.2813869553061718e+02	  3.7726531523531563e+01	
  5.6400000000000000e+03	 -2.0169161398170539e+02	  7.2799906236560226e+00	
  5.6700000000000000e+03	 -1.7897594768645044e+02	  -2.2669960962459445e+01	
  5.7000000000000000e+03	 -1.4525123763062965e+02	  -5.6329810536714746e+01	
  5.7300000000000000e+03	 -1.2498350375988667e+02	  -8.0033407373827458e+01	
  5.7600000000000000e+03	 -1.1129706493315717e+02	  -9.8019182681926452e+01	
  5.7900000000000000e+03	 -8.3874640464252622e+01	  -1.2808179752207587e+02	
  5.8200000000000000e+03	 -6.1768534377666683e+01	  -1.5044983086040031e+02	
  5.8500000000000000e+03	 -4.1637142493658814e+01	  -1.7786137507732224e+02	
  5.8800000000000000e+03	 -9.7408233995006022e+00	  -2.1202428579741326e+02	
  5.9100000000000000e+03	 2.0419960224156945e+01	  -2.4996695311686568e+02	
  5.9400000000000000e+03	 5.5144915354538462e+01	  -2.9164455978879209e+02	
  5.9700000000000000e+03	 6.9530631529303832e+01	  -3.1100342270435073e+02	
  6.0000000000000000e+03	 8.6812009981039466e+01	  -3.3888144884439288e+02	
  6.0300000000000000e+03	 1.0551522809677007e+02	  -3.5866976578707244e+02	
  6.0600000000000000e+03	 9.1091649219856890e+01	  -3.8865990124699488e+02	
  6.0900000000000000e+03	 6.0608345386830877e+01	  -4.2323501459834631e+02	
  6.1200000000000000e+03	 4.3262222645512487e+01	  -4.5061842301633652e+02	
  6.1500000000000000e+03	 2.0253542140843187e+01	  -4.8012455179828055e+02	
  6.1800000000000000e+03	 6.5026641190947689e+00	  -4.9928994629520446e+02	
  6.2100000000000000e+03	 -1.2178899642338413e+01	  -5.2812827961310779e+02	
  6.2400000000000000e+03	 -2.0365038946401810e+01	  -5.4892414715559289e+02	
  6.2700000000000000e+03	 -3.8410505627813748e+01	  -5.7914042774161533e+02	
  6.3000000000000000e+03	 -5.8825575571734547e+01	  -5.9558107394082424e+02	
  6.3300000000000000e+03	 -7.6060499655294720e+01	  -6.1514808903624407e+02	
  6.3600000000000000e+03	 -9.7335501153356745e+01	  -6.5276923381634765e+02	
  6.3900000000000000e+03	 -1.1430061566833615e+02	  -6.7111116554056048e+02	
  6.4200000000000000e+03	 -1.3039160014974016e+02	  -6.9374805414915227e+02	
  6.4500000000000000e+03	 -1.3060362784068496e+02	  -6.9175495360084244e+02	
  6.4800000000000000e+03	 -1.3111679851785425e+02	  -6.9131362272683145e+02	
  6.5100000000000000e+03	 -1.3280858684793932e+02	  -6.9253265452165294e+02	
  6.5400000000000000e+03	 -1.3198571169650677e+02	  -6.9076731472370705e+02	
  6.5700000000000000e+03	 -1.3151144154436395e+02	  -6.9075514149645903e+02	
  6.6000000000000000e+03	 -1.3159327493929928e+02	  -6.9047422530170866e+02	
  6.6300000000000000e+03	 -1.0557583920838340e+02	  -6.8006441208102365e+02	
  6.6600000000000000e+03	 -7.9539813781142669e+01	  -6.7317087947831396e+02	
  6.6900000000000000e+03	 -3.7381503048383273e+01	  -6.5902127728710752e+02	
  6.7200000000000000e+03	 -1.8090947116760564e+01	  -6.5607160104044658e+02	
  6.7500000000000000e+03	 2.4695844974050555e+01	  -6.4278685749305021e+02	
  6.7800000000000000e+03	 4.6254869706153372e+01	  -6.3281088797895450e+02	
  6.8100000000000000e+03	 8.7790072285242957e+01	  -6.1249547984623825e+02	
  6.8400000000000000e+03	 1.2284957694301478e+02	  -6.0095017106259036e+02	
  6.8700000000000000e+03	 1.6328679066330633e+02	  -5.8552512221712402e+02	
  6.9000000000000000e+03	 1.9761633505026785e+02	  -5.7401411594494425e+02	
  6.9300000000000000e+03	 2.2806910804947125e+02	  -5.5711730531615683e+02	
  6.9600000000000000e+03	 2.6294980646485180e+02	  -5.4671674149722321e+02	
  6.9900000000000000e+03	 2.8784776486376450e+02	  -5.3397961460992099e+02	
  7.0200000000000000e+03	 3.3010467243949813e+02	  -5.1515724643137037e+02	
  7.0500000000000000e+03	 3.4842133429760753e+02	  -5.0430355834111134e+02	
  7.0800000000000000e+03	 3.7766243450687892e+02	  -4.9206991508027107e+02	
  7.1100000000000000e+03	 4.1847366065824036e+02	  -4.7873628101334975e+02	
  7.1400000000000000e+03	 4.3707727328502989e+02	  -4.6904530634777387e+02	
  7.1700000000000000e+03	 4.2051674039267425e+02	  -4.3561049411627789e+02	
  7.2000000000000000e+03	 4.0243055803839843e+02	  -4.0028222835737859e+02	
  7.2300000000000000e+03	 3.8862309240917079e+02	  -3.7555726898014888e+02	
  7.2600000000000000e+03	 3.6785010120888387e+02	  -3.3422068396745806e+02	
  7.2900000000000000e+03	 3.5103532979834745e+02	  -2.9458587226459508e+02	
  7.3200000000000000e+03	 3.3484271540341780e+02	  -2.5878456122698435e+02	
  7.3500000000000000e+03	 3.2213158952945156e+02	  -2.1813292876651613e+02	
  7.3800000000000000e+03	 3.0982843306123107e+02	  -1.8750183715477286e+02	
  7.4100000000000000e+03	 2.9545386538566606e+02	  -1.4946453401125189e+02	
  7.4400000000000000e+03	 2.7972539824929851e+02	  -1.1026850549474997e+02	
  7.4700000000000000e+03	 2.6470508357970141e+02	  -8.0660569777118582e+01	
  7.5000000000000000e+03	 2.4654136221771552e+02	  -3.9548665436796604e+01	
  7.5300000000000000e+03	 2.3314701776026467e+02	  -3.6174032780418486e-01	
  7.5600000000000000e+03	 2.2333683884357816e+02	  3.6802324064077808e+01	
  7.5900000000000000e+03	 2.1700208925497145e+02	  6.0561246175746113e+01	
  7.6200000000000000e+03	 2.0163587895232766e+02	  9.4227007127112898e+01	
  7.6500000000000000e+03	 1.9162410068721729e+02	  1.3068897131250600e+02	
  7.6800000000000000e+03	 1.7123566064051957e+02	  1.6648574452716610e+02	
  7.7100000000000000e+03	 1.5648483809966663e+02	  2.0453189458210801e+02	
  7.7400000000000000e+03	 1.3889274937239117e+02	  2.3112746149392345e+02	
  7.7700000000000000e+03	 1.2382448821357370e+02	  2.5315434176274118e+02	
  7.8000000000000000e+03	 1.1164900482176209e+02	  2.7934576993265421e+02	
  7.8300000000000000e+03	 9.9088247011734964e+01	  3.1781348891478018e+02	
  7.8600000000000000e+03	 8.3016520935486525e+01	  3.4547652166774975e+02	
  7.8900000000000000e+03	 7.2575564847537052e+01	  3.6994030255655525e+02	
  7.9200000000000000e+03	 3.6770114102317706e+01	  3.3346238918366777e+02	
  7.9500000000000000e+03	 1.6850052013158237e+01	  3.1075594441441598e+02	
  7.9800000000000000e+03	 -1.6886011801150719e+01	  2.7000206520583856e+02	
  8.0100000000000000e+03	 -4.6824432014568018e+01	  2.3724357990564764e+02	
  8.0400000000000000e+03	 -7.4363670758647430e+01	  1.9979197446433136e+02	
  8.0700000000000000e+03	 -9.5769421261133630e+01	  1.6955816069998545e+02	
  8.1000000000000000e+03	 -1.2150393874703910e+02	  1.3497128005448454e+02	
  8.1300000000000000e+03	 -1.5506807074954574e+02	  1.0383000667224425e+02	
  8.1600000000000000e+03	 -1.7332678487451156e+02	  8.4026667383667160e+01	
  8.1900000000000000e+03	 -1.9077206104831370e+02	  6.9221775063713721e+01	
  8.2200000000000000e+03	 -2.2472461790583270e+02	  3.4449128447992450e+01	
  8.2500000000000000e+03	 -2.5413519725602157e+02	  -3.7102555160573871e+00	
  8.2800000000000000e+03	 -2.7979286772135941e+02	  -2.7927235338725058e+01	
  8.3100000000000000e+03	 -3.0531043515380730e+02	  -6.3252656568260036e+01	
  8.3400000000000000e+03	 -3.2619971964748214e+02	  -8.9422353577195594e+01	
  8.3700000000000000e+03	 -3.4822582642944172e+02	  -1.1418261093692072e+02	
  8.4000000000000000e+03	 -3.6949410741144106e+02	  -1.3944606268644904e+02	
  8.4300000000000000e+03	 -4.0645128488893960e+02	  -1.7009614027018637e+02	
  8.4600000000000000e+03	 -4.0512750089633869e+02	  -1.7416032478224210e+02	
  8.4900000000000000e+03	 -4.0354778951524975e+02	  -1.7496965874876315e+02	
  8.5200000000000000e+03	 -4.0293461929847984e+02	  -1.7550340961433332e+02	
  8.5500000000000000e+03	 -3.9090781217684730e+02	  -1.6090264343274157e+02	
  8.5800000000000000e+03	 -3.6163603156705744e+02	  -1.3094413372440223e+02	
  8.6100000000000000e+03	 -3.4413424402141038e+02	  -1.0897040049081892e+02	
  8.6400000000000000e+03	 -3.2214801592538026e+02	  -7.9235086549526727e+01	
  8.6700000000000000e+03	 -3.0196217841811614e+02	  -5.9133248194592397e+01	
  8.7000000000000000e+03	 -2.9143043663950033e+02	  -4.2850825740473248e+01	
  8.7300000000000000e+03	 -2.7541667556989955e+02	  -2.5516562596521631e+01	
  8.7600000000000000e+03	 -2.5724205657174167e+02	  -1.2296062559598528e+01	
  8.7900000000000000e+03	 -2.3425388104811299e+02	  1.4479448686470516e+01	
  8.8200000000000000e+03	 -2.1024931314392279e+02	  4.7984733651439214e+01	
  8.8500000000000000e+03	 -1.8544594262189401e+02	  6.4507065644241919e+01	
  8.8800000000000000e+03	 -1.5614145268928988e+02	  9.5181277121069741e+01	
  8.9100000000000000e+03	 -1.4084506215896840e+02	  1.0833931671958628e+02	
  8.9400000000000000e+03	 -1.2594882827161827e+02	  1.1881917519750223e+02	
  8.9700000000000000e+03	 -1.0897529176862052e+02	  1.4281157397856808e+02	
  9.0000000000000000e+03	 -9.0892202196224815e+01	  1.6258140340434744e+02	
  9.0300000000000000e+03	 -7.1062032909365001e+01	  1.7983057553542400e+02	
  9.0600000000000000e+03	 -5.3832565660735746e+01	  1.9723856893069728e+02	
  9.0900000000000000e+03	 -3.9747538845663129e+01	  2.1379444323051254e+02	
  9.1200000000000000e+03	 -1.7216037585158233e+01	  2.4030558919075091e+02	
  9.1500000000000000e+03	 8.5223614110693759e+00	  2.7493165405479863e+02	
  9.1800000000000000e+03	 3.4623415709669146e+01	  2.9798246623092081e+02	
  9.2100000000000000e+03	 6.8076353368330672e+01	  3.2761054376445827e+02	
  9.2400000000000000e+03	 2.8182237487745681e+01	  3.4655159809064389e+02	
  9.2700000000000000e+03	 -9.0655316172421507e-01	  3.5667779828468394e+02	
  9.3000000000000000e+03	 -3.9732386958085272e+01	  3.8081500765230231e+02	
  9.3300000000000000e+03	 -7.8844726718925116e+01	  3.9807216660405447e+02	
  9.3600000000000000e+03	 -1.1106971134034261e+02	  4.1688216304871150e+02	
  9.3900000000000000e+03	 -1.5521200121883265e+02	  4.3860923134664682e+02	
  9.4200000000000000e+03	 -1.7809180407275088e+02	  4.5269339178252744e+02	
  9.4500000000000000e+03	 -2.2082727196055225e+02	  4.7843770939699783e+02	
  9.4800000000000000e+03	 -2.3928202548713372e+02	  4.9269283566439532e+02	
  9.5100000000000000e+03	 -2.7961417435836961e+02	  5.0858296088556716e+02	
  9.5400000000000000e+03	 -2.8526447892173979e+02	  5.0832795412700108e+02	
  9.5700000000000000e+03	 -2.8547994690692741e+02	  5.0734858869624367e+02	
  9.6000000000000000e+03	 -2.8482194019885230e+02	  5.0822114133309134e+02	
  9.6300000000000000e+03	 -2.8426291552323579e+02	  5.0759078487681342e+02	
  9.6600000000000000e+03	 -2.8247168369997729e+02	  5.0917490690875167e+02	
  9.6900000000000000e+03	 -2.8439500677961991e+02	  5.0974098618395931e+02	
  9.7200000000000000e+03	 -2.6567612107106100e+02	  4.7107885847320756e+02	
  9.7500000000000000e+03	 -2.4701813234360023e+02	  4.3038412583486058e+02	
  9.7800000000000000e+03	 -2.3285140511626793e+02	  4.0043645516590732e+02	
  9.8100000000000000e+03	 -2.1079407357899291e+02	  3.5914735193107094e+02	
  9.8400000000000000e+03	 -1.9812891594770042e+02	  3.3889435377939810e+02	
  9.8700000000000000e+03	 -1.8554447698618276e+02	  3.1447246229207661e+02	
  9.9000000000000000e+03	 -1.6373210804016463e+02	  2.7899432373334270e+02	
  9.9300000000000000e+03	 -1.4637195328220423e+02	  2.4746437291324958e+02	
  9.9600000000000000e+03	 -1.3933620831869490e+02	  2.2910065918457346e+02	
  9.9900000000000000e+03	 -1.2553719150247797e+02	  2.0319102073565196e+02	
  1.0020000000000000e+04	 -1.0497889667255177e+02	  1.6799140740351524e+02	
  1.0050000000000000e+04	 -9.1730593905269103e+01	  1.3288228748952798e+02	
  1.0080000000000000e+04	 -7.8848709943299639e+01	  1.1091416195538267e+02	
  1.0110000000000000e+04	 -6.0343718055310603e+01	  8.0141500794981084e+01	
  1.0140000000000000e+04	 -4.3226106886600924e+01	  4.1190836777530919e+01	
  1.0170000000000000e+04	 -2.8084151071284335e+01	  3.3777829609757362e+00	
  1.0200000000000000e+04	 -1.5116614697605890e+01	  -2.2168722348302815e+01	
  1.0230000000000000e+04	 -1.4285913343740239e+01	  -2.2048122679881537e+01	
  1.0260000000000000e+04	 -1.3706048893832683e+01	  -2.3451457067766444e+01	
  1.0290000000000000e+04	 -1.4676708627310910e+01	  -2.4279648891191403e+01	
  1.0320000000000000e+04	 -1.6194360360983527e+01	  -2.3378075715749372e+01	
  1.0350000000000000e+04	 -1.5509766883752272e+01	  -2.4027698821507467e+01	
  1.0380000000000000e+04	 -9.8051503531998776e+00	  -5.0159454996788625e+01	
  1.0410000000000000e+04	 3.0756250211326339e+00	  -9.3386622235923682e+01	
  1.0440000000000000e+04	 1.6468906664729943e+01	  -1.3529841905491494e+02	
  1.0470000000000000e+04	 3.2915291798783102e+01	  -1.7872225561815765e+02	
  1.0500000000000000e+04	 3.8626985527566120e+01	  -2.0220086287783818e+02	
  1.0530000000000000e+04	 4.7357590932259278e+01	  -2.3021489542533169e+02	
  1.0560000000000000e+04	 5.7402590333389782e+01	  -2.6962502291702629e+02	
  1.0590000000000000e+04	 7.3831944904374637e+01	  -3.1355270989477918e+02	
  1.0620000000000000e+04	 8.0328939811330983e+01	  -3.3074008029418172e+02	
  1.0650000000000000e+04	 8.3743732394302384e+01	  -3.6125916696284310e+02	
  1.0680000000000000e+04	 1.0256205902586426e+02	  -4.1194643426960283e+02	
  1.0710000000000000e+04	 1.1228242518517860e+02	  -4.4811435644253817e+02	
  1.0740000000000000e+04	 7.4906461365161050e+01	  -4.6832419020228076e+02	
  1.0770000000000000e+04	 5.9588805782517817e+01	  -4.7749397935542783e+02	
  1.0800000000000000e+04	 3.8735787378390526e+01	  -4.8506968255095262e+02	
  1.0830000000000000e+04	 3.4455055956952378e+00	  -5.0136189496870861e+02	
  1.0860000000000000e+04	 -2.3462275820028470e+01	  -5.0232396351561107e+02	
  1.0890000000000000e+04	 -1.2171018100690418e+01	  -4.8473214703849322e+02	
  1.0920000000000000e+04	 -5.2298280829980826e-01	  -4.6276961196163245e+02	
  1.0950000000000000e+04	 2.1109328668113911e+01	  -4.3658593010986675e+02	
  1.0980000000000000e+04	 3.4424104262960270e+01	  -4.0817468426899001e+02	
  1.1010000000000000e+04	 5.7756547889658030e+01	  -3.7368543814744953e+02	
  1.1040000000000000e+04	 7.1971583914659348e+01	  -3.5836687673351207e+02	
  1.1070000000000000e+04	 9.3470321360734971e+01	  -3.3671723749510022e+02	
  1.1100000000000000e+04	 1.1519799471780678e+02	  -3.0292879186768289e+02	
  1.1130000000000000e+04	 1.4490698801928519e+02	  -2.6764675149344521e+02	
  1.1160000000000000e+04	 1.6682063057494534e+02	  -2.3813638330610854e+02	
  1.1190000000000000e+04	 1.8987072858906294e+02	  -2.0683687479620139e+02	
  1.1220000000000000e+04	 2.1088252776892361e+02	  -1.7698675940505089e+02	
  1.1250000000000000e+04	 2.2711402906652594e+02	  -1.5100445589968658e+02	
  1.1280000000000000e+04	 2.3567436894410756e+02	  -1.3519869996313750e+02	
  1.1310000000000000e+04	 2.5044824131833423e+02	  -1.1431251607222336e+02	
  1.1340000000000000e+04	 2.8484309664283217e+02	  -7.5899921864728555e+01	
  1.1370000000000000e+04	 3.1280830731776939e+02	  -3.8924982711596840e+01	
  1.1400000000000000e+04	 3.2364271605434283e+02	  -2.2814529043093902e+01	
  1.1430000000000000e+04	 3.4835712616138966e+02	  1.0345966148330550e+01	
  1.1460000000000000e+04	 3.6170195079015730e+02	  3.6780389451316118e+01	
  1.1490000000000000e+04	 3.7880945848817191e+02	  7.1975556898804797e+01	
  1.1520000000000000e+04	 3.9911841006316263e+02	  1.1573895253926278e+02	
  1.1550000000000000e+04	 4.1887920102753901e+02	  1.5677507222810928e+02	
  1.1580000000000000e+04	 4.4152361147922466e+02	  1.9348018689475157e+02	
  1.1610000000000000e+04	 4.5452903416009832e+02	  2.1491501599418132e+02	
  1.1640000000000000e+04	 4.8140913570527198e+02	  2.5649960088841345e+02	
  1.1670000000000000e+04	 4.9800883488739333e+02	  2.8628863826529226e+02	
  1.1700000000000000e+04	 5.0800554707092510e+02	  3.1005118823584712e+02	
  1.1730000000000000e+04	 5.0712971834273839e+02	  3.1116447680250758e+02	
  1.1760000000000000e+04	 5.0857238246738922e+02	  3.1102486010853039e+02	
  1.1790000000000000e+04	 5.0985665164125413e+02	  3.1146726338558125e+02	
  1.1820000000000000e+04	 5.1086848863254767e+02	  3.1231519700780245e+02	
  1.1850000000000000e+04	 4.8969185325195315e+02	  3.0321161074850232e+02	
  1.1880000000000000e+04	 4.5378926021708895e+02	  2.8747147313660173e+02	
  1.1910000000000000e+04	 4.1458433669757193e+02	  2.7153451322990333e+02	
  1.1940000000000000e+04	 3.7955283569048100e+02	  2.5508160506804657e+02	
  1.1970000000000000e+04	 3.4633837150854595e+02	  2.4802146032131495e+02	
  1.2000000000000000e+04	 3.1577136447152571e+02	  2.4183418930616480e+02	
  1.2030000000000000e+04	 2.7149454669443685e+02	  2.2659093155059259e+02	
  1.2060000000000000e+04	 2.3525086244541069e+02	  2.1997833078533750e+02	
  1.2090000000000000e+04	 1.9574650379580549e+02	  2.1021169827857082e+02	
  1.2120000000000000e+04	 1.5046957239619724e+02	  1.9828941798909955e+02	
  1.2150000000000000e+04	 1.1143458409082663e+02	  1.8156691300833879e+02	
  1.2180000000000000e+04	 6.9184720108753368e+01	  1.6809848766033184e+02	
  1.2210000000000000e+04	 2.7469444001088661e+01	  1.4915063228625533e+02	
  1.2240000000000000e+04	 -1.0732763371413810e+01	  1.3059318419025362e+02	
  1.2270000000000000e+04	 -4.7904831876816807e+01	  1.1351005060687324e+02	
  1.2300000000000000e+04	 -8.1350632722830966e+01	  9.6125440471600157e+01	
  1.2330000000000000e+04	 -1.1257848442252558e+02	  8.4212400350215376e+01	
  1.2360000000000000e+04	 -1.5377683007040750e+02	  6.9510568150487458e+01	
  1.2390000000000000e+04	 -1.9006497458510975e+02	  5.9929640413083312e+01	
  1.2420000000000000e+04	 -2.3897231357921856e+02	  4.7285140616765595e+01	
  1.2450000000000000e+04	 -2.7437103181745249e+02	  2.9836862370531843e+01	
  1.2480000000000000e+04	 -3.0669554996522305e+02	  1.7004668377852344e+01	
  1.2510000000000000e+04	 -3.5433794701861615e+02	  -3.8310474800348935e+00	
  1.2540000000000000e+04	 -3.7715405798073863e+02	  -1.0886922994118585e+01	
  1.2570000000000000e+04	 -4.1230662574328670e+02	  -2.4036101343078162e+01	
  1.2600000000000000e+04	 -4.4107726406171383e+02	  -2.9989989789514333e+01	
  1.2630000000000000e+04	 -4.6007525046566747e+02	  -4.1562009953925596e+01	
  1.2660000000000000e+04	 -5.0346080009733959e+02	  -6.2933731329446246e+01	
  1.2690000000000000e+04	 -4.7794645179087809e+02	  -3.4569989111888837e+01	
  1.2720000000000000e+04	 -4.5310221102021427e+02	  -6.9401628433013443e+00	
  1.2750000000000000e+04	 -4.3097618594143523e+02	  2.1368344414387405e+01	
  1.2780000000000000e+04	 -3.9720225922116731e+02	  5.3147282112126277e+01	
  1.2810000000000000e+04	 -3.7977685726347670e+02	  6.8262968850564377e+01	
  1.2840000000000000e+04	 -3.6158559562632843e+02	  9.6062651709955674e+01	
  1.2870000000000000e+04	 -3.3699707647244207e+02	  1.2818431729795682e+02	
  1.2900000000000000e+04	 -3.0323322642291390e+02	  1.6561616465982794e+02	
  1.2930000000000000e+04	 -2.8919458934433862e+02	  1.8618926457044751e+02	
  1.2960000000000000e+04	 -2.5927207443813057e+02	  2.1892026502479862e+02	
  1.2990000000000000e+04	 -2.4923524210679517e+02	  2.3804534087056905e+02	
  1.3020000000000000e+04	 -2.2026473657452883e+02	  2.6841016635437347e+02	
  1.3050000000000000e+04	 -1.9395017102076801e+02	  2.9084011082653171e+02	
  1.3080000000000000e+04	 -1.8309742335110741e+02	  3.0286524760650980e+02	
  1.3110000000000000e+04	 -1.8270602216951721e+02	  3.0287069057668828e+02	
  1.3140000000000000e+04	 -1.8153152513042224e+02	  3.0108378652158598e+02	
  1.3170000000000000e+04	 -1.8024261518955575e+02	  3.0827279648086233e+02	
  1.3200000000000000e+04	 -1.7906334967723080e+02	  3.0792957631595266e+02	
  1.3230000000000000e+04	 -1.7972798231675313e+02	  3.0985469456375324e+02	
  1.3260000000000000e+04	 -1.7905434710620318e+02	  3.0904463358686291e+02	
  1.3290000000000000e+04	 -1.7970831150556043e+02	  3.0735577612791332e+02	
  1.3320000000000000e+04	 -1.8080349239017835e+02	  3.0845403729982144e+02	
  1.3350000000000000e+04	 -1.8086574592727158e+02	  3.0847762941185397e+02	
  1.3380000000000000e+04	 -1.8111611840490579e+02	  3.0796986438502961e+02	
  1.3410000000000000e+04	 -1.8205507519979818e+02	  3.0734301313454546e+02	
  1.3440000000000000e+04	 -1.7004707993891282e+02	  3.1475193708411069e+02	
  1.3470000000000000e+04	 -1.6953997577194463e+02	  3.1305845262428676e+02	
  1.3500000000000000e+04	 -1.7134314705356542e+02	  3.1444519918567369e+02	
  1.3530000000000000e+04	 -1.7114657463469592e+02	  3.1311521150325945e+02	
  1.3560000000000000e+04	 -1.7199136281766010e+02	  3.1302639564302058e+02	
  1.3590000000000000e+04	 -1.7225242334729271e+02	  3.1346657908001453e+02	
  1.3620000000000000e+04	 -1.4580784350236002e+02	  3.3093146554340217e+02	
  1.3650000000000000e+04	 -1.2101642747047499e+02	  3.3887003554420210e+02	
  1.3680000000000000e+04	 -8.0542831764890167e+01	  3.5661436944984450e+02	
  1.3710000000000000e+04	 -3.1779070916507436e+01	  3.7905383107531321e+02	
  1.3740000000000000e+04	 9.2229634949727810e+00	  3.9284534142791256e+02	
  1.3770000000000000e+04	 5.3035962274462918e+01	  4.1029452358087877e+02	
  1.3800000000000000e+04	 7.6795357502071681e+01	  4.2108924289251058e+02	
  1.3830000000000000e+04	 1.1366797512402033e+02	  4.4014058234546116e+02	
  1.3860000000000000e+04	 1.4031411008545470e+02	  4.5964705986252142e+02	
  1.3890000000000000e+04	 1.6369953089040214e+02	  4.7036020436028684e+02	
  1.3920000000000000e+04	 2.0003126843996745e+02	  4.8734201582790985e+02	
  1.3950000000000000e+04	 2.1766967153876743e+02	  4.9522353686242207e+02	
  1.3980000000000000e+04	 2.3683543962743065e+02	  5.0631858149695597e+02	
  1.4010000000000000e+04	 2.6638754643777111e+02	  5.2064297235876688e+02	
  1.4040000000000000e+04	 2.6097883970319896e+02	  5.0045416472306147e+02	
  1.4070000000000000e+04	 2.5344303485618633e+02	  4.7560794255388305e+02	
  1.4100000000000000e+04	 2.3973616774100466e+02	  4.3095995722645193e+02	
  1.4130000000000000e+04	 2.2351753714523124e+02	  3.8865435081234318e+02	
  1.4160000000000000e+04	 2.1344815441945113e+02	  3.5860301343586752e+02	
  1.4190000000000000e+04	 2.0632161723420785e+02	  3.2902036268608362e+02	
  1.4220000000000000e+04	 1.9409964951158150e+02	  2.9146586784055575e+02	
  1.4250000000000000e+04	 1.7739000617874632e+02	  2.5228330331341519e+02	
  1.4280000000000000e+04	 1.6373272069138386e+02	  2.1575203809126123e+02	
  1.4310000000000000e+04	 1.5102993827017920e+02	  1.9170129046572004e+02	
  1.4340000000000000e+04	 1.4349675747165733e+02	  1.6524831286321884e+02	
  1.4370000000000000e+04	 1.3813958268567302e+02	  1.4072974192689566e+02	
  1.4400000000000000e+04	 1.2626585508928079e+02	  9.6137230590392775e+01	
  1.4430000000000000e+04	 1.1202361618559209e+02	  5.3009688171551517e+01	
  1.4460000000000000e+04	 1.0032224372521731e+02	  3.0398624830119040e+01	
  1.4490000000000000e+04	 8.6959331627728403e+01	  1.0643568732904143e+00	
  1.4520000000000000e+04	 7.6042993360000551e+01	  -2.8867314400228331e+01	
  1.4550000000000000e+04	 6.6909407018157239e+01	  -4.8634834361448668e+01	
  1.4580000000000000e+04	 5.4218754263912921e+01	  -9.1644272655530884e+01	
  1.4610000000000000e+04	 5.0630531955302871e+01	  -1.1015624874435935e+02	
  1.4640000000000000e+04	 3.7820932854991860e+01	  -1.5626320749496716e+02	
  1.4670000000000000e+04	 2.2507871639523735e+01	  -1.8715744788326720e+02	
  1.4700000000000000e+04	 8.6034297597724141e+00	  -2.1723443081748741e+02	
  1.4730000000000000e+04	 -3.9055139372211940e+00	  -2.6273604810294290e+02	
  1.4760000000000000e+04	 -7.6182141792710354e+00	  -2.8299220963366611e+02	
  1.4790000000000000e+04	 -9.3133357460583408e+00	  -2.8419072188758139e+02	
  1.4820000000000000e+04	 1.9651676739975610e+00	  -3.0635759694358921e+02	
  1.4850000000000000e+04	 2.4473722810889633e+01	  -3.3701156314160642e+02	
  1.4880000000000000e+04	 3.8989688478247672e+01	  -3.5684144149425083e+02	
  1.4910000000000000e+04	 5.9509654020051087e+01	  -3.8352109322744059e+02	
  1.4940000000000000e+04	 7.4399649861964548e+01	  -4.0392161108825741e+02	
  1.4970000000000000e+04	 8.6460117683001343e+01	  -4.1740177808119768e+02	
  1.5000000000000000e+04	 1.1856453013556708e+02	  -4.4815500036381115e+02	
  1.5030000000000000e+04	 1.4919945427387535e+02	  -4.7021248470874571e+02	
  1.5060000000000000e+04	 1.7931406757750750e+02	  -5.1072435395006778e+02	
  1.5090000000000000e+04	 1.8755451237304646e+02	  -5.1836047705943986e+02	
  1.5120000000000000e+04	 1.8761357668299630e+02	  -5.1679617060410783e+02	
  1.5150000000000000e+04	 1.8665312226293943e+02	  -5.1862577888678686e+02	
  1.5180000000000000e+04	 1.8697661307304227e+02	  -5.2031296505973501e+02	
  1.5210000000000000e+04	 1.8830516390323265e+02	  -5.1979082280892203e+02	
  1.5240000000000000e+04	 1.9005397140019375e+02	  -5.1862999992568598e+02	
  1.5270000000000000e+04	 1.8854195823686345e+02	  -5.1797185092756786e+02	
  1.5300000000000000e+04	 2.1291612048477319e+02	  -4.9978244298716493e+02	
  1.5330000000000000e+04	 2.4382342565238605e+02	  -4.8270149732673434e+02	
  1.5360000000000000e+04	 2.6995070069085074e+02	  -4.6210871734491087e+02	
  1.5390000000000000e+04	 2.8778639590605542e+02	  -4.4409694790333282e+02	
  1.5420000000000000e+04	 3.0423718318434516e+02	  -4.3354558978984329e+02	
  1.5450000000000000e+04	 3.3969170107323828e+02	  -4.1598073069467620e+02	
  1.5480000000000000e+04	 3.7480436045930264e+02	  -3.9880163660318254e+02	
  1.5510000000000000e+04	 3.9704912376023333e+02	  -3.8126241636604084e+02	
  1.5540000000000000e+04	 4.1818754796798692e+02	  -3.6366364385650138e+02	
  1.5570000000000000e+04	 4.5445430980104982e+02	  -3.4517296322275013e+02	
  1.5600000000000000e+04	 4.7165538498152148e+02	  -3.2903803588656399e+02	
  1.5630000000000000e+04	 5.0316290470405380e+02	  -3.0638565745950842e+02	
  1.5660000000000000e+04	 5.2665975721801397e+02	  -2.8966506158234131e+02	
  1.5690000000000000e+04	 5.6321010687416356e+02	  -2.6835027147346938e+02	
  1.5720000000000000e+04	 5.9549079621715055e+02	  -2.4917629867252080e+02	
  1.5750000000000000e+04	 6.3537938424777849e+02	  -2.2635003485329793e+02	
  1.5780000000000000e+04	 6.3984252050106511e+02	  -2.1713878346296974e+02	
  1.5810000000000000e+04	 6.4049350799110334e+02	  -2.1610025986534947e+02	
  1.5840000000000000e+04	 6.3948263913340577e+02	  -2.1635285521629518e+02	
  1.5870000000000000e+04	 6.4103210472143974e+02	  -2.1573867301804893e+02	
  1.5900000000000000e+04	 6.4262658030384296e+02	  -2.1667867493506131e+02	
  1.5930000000000000e+04	 6.4315116510651251e+02	  -2.1747728910428341e+02	
  1.5960000000000000e+04	 6.4271190206052700e+02	  -2.1833084190394530e+02	
  1.5990000000000000e+04	 6.4422320380253711e+02	  -2.1988837289964530e+02	
  1.6020000000000000e+04	 6.2440265838499636e+02	  -1.9423528080199114e+02	
  1.6050000000000000e+04	 6.1388200983053571e+02	  -1.7364173646203548e+02	
  1.6080000000000000e+04	 5.8691676161328451e+02	  -1.4583979317713766e+02	
  1.6110000000000000e+04	 5.6161128369522567e+02	  -1.0804314754402239e+02	
  1.6140000000000000e+04	 5.3578459344643034e+02	  -7.4847414626006525e+01	
  1.6170000000000000e+04	 5.1689194152547395e+02	  -3.8996784551416610e+01	
  1.6200000000000000e+04	 5.0594994163806564e+02	  -1.6090926243351017e+01	
  1.6230000000000000e+04	 4.8969323753064663e+02	  8.1400915675429992e+00	
  1.6260000000000000e+04	 4.5753411116857842e+02	  5.1516315708796895e+01	
  1.6290000000000000e+04	 4.3076422644775442e+02	  8.6742747108767389e+01	
  1.6320000000000000e+04	 4.0911989672915649e+02	  1.1597996994072342e+02	
  1.6350000000000000e+04	 3.8626648021449273e+02	  1.4997115399873792e+02	
  1.6380000000000000e+04	 3.5606821041160350e+02	  1.9127445449101810e+02	
  1.6410000000000000e+04	 3.3103034810659824e+02	  1.9123820661022651e+02	
  1.6440000000000000e+04	 2.8910318323710777e+02	  1.9763318506831160e+02	
  1.6470000000000000e+04	 2.6417534983961139e+02	  2.0402818260415225e+02	
  1.6500000000000000e+04	 2.1546330417443610e+02	  2.1168679478206062e+02	
  1.6530000000000000e+04	 1.8821827011063144e+02	  2.1056629404850702e+02	
  1.6560000000000000e+04	 1.6427927261965843e+02	  2.1772925372441719e+02	
  1.6590000000000000e+04	 1.3410120113187776e+02	  2.2297892667550326e+02	
  1.6620000000000000e+04	 1.0943595400619246e+02	  2.2270330679881101e+02	
  1.6650000000000000e+04	 8.0758164533053105e+01	  2.2823081854110620e+02	
  1.6680000000000000e+04	 5.5757281722320663e+01	  2.2962184813200895e+02	
  1.6710000000000000e+04	 2.7370023644779671e+01	  2.3308974191174664e+02	
  1.6740000000000000e+04	 -2.1678744498516252e+01	  2.3682373331356638e+02	
  1.6770000000000000e+04	 -6.5280820382844581e+01	  2.3722535382030756e+02	
  1.6800000000000000e+04	 -8.4230497048975138e+01	  2.4358700288447804e+02	
  1.6830000000000000e+04	 -1.2441417676237896e+02	  2.4430740428532590e+02	
  1.6860000000000000e+04	 -1.5098727443899892e+02	  2.5130829007212319e+02	
  1.6890000000000000e+04	 -2.0271721784271489e+02	  2.5117864117447073e+02	
  1.6920000000000000e+04	 -2.3655373810359345e+02	  2.5194970221747963e+02	
  1.6950000000000000e+04	 -2.6877521984043079e+02	  2.2220707687902427e+02	
  1.6980000000000000e+04	 -2.9857533673572408e+02	  1.8868575116222559e+02	
  1.7010000000000000e+04	 -3.2591272723128776e+02	  1.5781191515460571e+02	
  1.7040000000000000e+04	 -3.5350999508234310e+02	  1.3062575905510155e+02	
  1.7070000000000000e+04	 -3.8253724031391135e+02	  1.0603759854270709e+02	
  1.7100000000000000e+04	 -4.1424648562241487e+02	  8.0515014046691434e+01	
  1.7130000000000000e+04	 -4.3753414537045342e+02	  5.2784482581107142e+01	
  1.7160000000000000e+04	 -4.5564530582315865e+02	  3.5570175577310465e+01	
  1.7190000000000000e+04	 -4.7767949447775402e+02	  1.3330633573126740e+01	
  1.7220000000000000e+04	 -5.0941677395800951e+02	  -1.0336578025151955e+01	
  1.7250000000000000e+04	 -5.3731087621631377e+02	  -2.9198393817302946e+01	
  1.7280000000000000e+04	 -5.6327154032321926e+02	  -5.6763335326083961e+01	
  1.7310000000000000e+04	 -5.8223064860590250e+02	  -7.9387159408189959e+01	
  1.7340000000000000e+04	 -6.0263530498924672e+02	  -1.0247025112798917e+02	
  1.7370000000000000e+04	 -6.2736397920046716e+02	  -1.2870012786640532e+02	
  1.7400000000000000e+04	 -6.5720655753855931e+02	  -1.4901859378624718e+02	
  1.7430000000000000e+04	 -6.8494345558328791e+02	  -1.7304651979953044e+02	
  1.7460000000000000e+04	 -7.0478902922564862e+02	  -1.9713164949017141e+02	
  1.7490000000000000e+04	 -7.3740044934869240e+02	  -2.2131637843726253e+02	
  1.7520000000000000e+04	 -7.3731790104080585e+02	  -2.1982155512843843e+02	
  1.7550000000000000e+04	 -7.3698319218524318e+02	  -2.2000375445718967e+02	
  1.7580000000000000e+04	 -7.3644884316527964e+02	  -2.2174332156326071e+02	
  1.7610000000000000e+04	 -7.3635478175293417e+02	  -2.2048787679031904e+02	
  1.7640000000000000e+04	 -7.3483715757934488e+02	  -2.1985646650511876e+02	
  1.7670000000000000e+04	 -7.2466532678523708e+02	  -1.9954835479516214e+02	
  1.7700000000000000e+04	 -7.1272664195845823e+02	  -1.7920356078479412e+02	
  1.7730000000000000e+04	 -6.9511613191139213e+02	  -1.6063538703312742e+02	
  1.7760000000000000e+04	 -6.6368099772383437e+02	  -1.2275600893876579e+02	
  1.7790000000000000e+04	 -6.3950208595219544e+02	  -1.0228697221486343e+02	
  1.7820000000000000e+04	 -6.1587262185259135e+02	  -8.1002627820742788e+01	
  1.7850000000000000e+04	 -5.9685690448399328e+02	  -6.1217899619445035e+01	
  1.7880000000000000e+04	 -5.8017500287175426e+02	  -3.8603916915499184e+01	
  1.7910000000000000e+04	 -5.6186635565810138e+02	  -1.7522214312445762e+01	
  1.7940000000000000e+04	 -5.3734094032250323e+02	  1.2994676637584199e+01	
  1.7970000000000000e+04	 -5.1467968281381832e+02	  4.3567587821270877e+01	
  1.8000000000000000e+04	 -5.0281288428950023e+02	  5.5790291751487146e+01	
  1.8030000000000000e+04	 -4.6730315048901480e+02	  9.0398027635321142e+01	
  1.8060000000000000e+04	 -4.2056556188840329e+02	  7.9435099554298503e+01	
  1.8090000000000000e+04	 -3.8986220701228063e+02	  7.2636985380782562e+01	
  1.8120000000000000e+04	 -3.5577492254114151e+02	  6.5330062925889578e+01	
  1.8150000000000000e+04	 -3.1252839960580536e+02	  6.1578529622993074e+01	
  1.8180000000000000e+04	 -2.8720524724356892e+02	  5.5985868261755158e+01	
  1.8210000000000000e+04	 -2.5015973557496977e+02	  4.8396684871206773e+01	
  1.8240000000000000e+04	 -1.9975040706164339e+02	  4.6223258335880587e+01	
  1.8270000000000000e+04	 -1.6852403964405778e+02	  4.2880284618770652e+01	
  1.8300000000000000e+04	 -1.1536469892882155e+02	  3.0781962219853199e+01	
  1.8330000000000000e+04	 -9.6498959822514408e+01	  2.8351437106012202e+01	
  1.8360000000000000e+04	 -6.6554188693245138e+01	  2.3177300460847245e+01	
  1.8390000000000000e+04	 -3.9723033443498529e+01	  1.9541945910536924e+01	
  1.8420000000000000e+04	 -3.0312979640436879e+00	  6.0762201000749361e+00	
  1.8450000000000000e+04	 3.5598591593752559e+01	  -3.3450495807968395e+00	
  1.8480000000000000e+04	 5.6486187645836225e+01	  -1.2519970078782482e+01	
  1.8510000000000000e+04	 8.6988504543692912e+01	  -2.4236513979940632e+01	
  1.8540000000000000e+04	 1.3029684466449987e+02	  -3.8631386777740261e+01	
  1.8570000000000000e+04	 1.7041275435454190e+02	  -5.4134677453030342e+01	
  1.8600000000000000e+04	 2.0215871804958775e+02	  -6.6349861144043572e+01	
  1.8630000000000000e+04	 2.4780385892326655e+02	  -8.1371237268186633e+01	
  1.8660000000000000e+04	 2.9876862249960249e+02	  -8.5889400194606068e+01	
  1.8690000000000000e+04	 3.2134625128509629e+02	  -9.2367599177386737e+01	
  1.8720000000000000e+04	 3.0272761446343117e+02	  -5.5656902910976726e+01	
  1.8750000000000000e+04	 2.9247197172031434e+02	  -3.5887727297056372e+01	
  1.8780000000000000e+04	 2.8345784731186558e+02	  -9.2302883452987103e+00	
  1.8810000000000000e+04	 2.6629131949315615e+02	  2.9062792522908261e+01	
  1.8840000000000000e+04	 2.5462250102859738e+02	  5.1437345678458342e+01	
  1.8870000000000000e+04	 2.4511348256853353e+02	  7.8331069706532702e+01	
  1.8900000000000000e+04	 2.3100504472797184e+02	  9.7131315344319745e+01	
  1.8930000000000000e+04	 2.1384640463490135e+02	  1.2831851728607688e+02	
  1.8960000000000000e+04	 2.0104571373032070e+02	  1.5167814337520707e+02	
  1.8990000000000000e+04	 1.8691872134129204e+02	  1.8176185970583947e+02	
  1.9020000000000000e+04	 1.7405882555692142e+02	  2.0805430444366289e+02	
  1.9050000000000000e+04	 1.6402717623993232e+02	  2.4203389591178987e+02	
  1.9080000000000000e+04	 1.4517386398413737e+02	  2.7632900955573109e+02	
  1.9110000000000000e+04	 1.2555097941663459e+02	  2.8443518318610563e+02	
  1.9140000000000000e+04	 8.7361906491926362e+01	  3.0909448729539417e+02	
  1.9170000000000000e+04	 4.2006304414784459e+01	  3.2971158280180509e+02	
  1.9200000000000000e+04	 7.2440941541086943e+00	  3.5067597959079870e+02	
  1.9230000000000000e+04	 -3.4099387660295001e+01	  3.7473674397171681e+02	
  1.9260000000000000e+04	 -5.7083843670531195e+01	  3.8381346271945046e+02	
  1.9290000000000000e+04	 -8.8918343227199628e+01	  3.9402641064653363e+02	
  1.9320000000000000e+04	 -1.1219128664046730e+02	  4.1087879840523937e+02	
  1.9350000000000000e+04	 -1.4547103909764058e+02	  4.2585558687938789e+02	
  1.9380000000000000e+04	 -1.8248004962630489e+02	  4.4686240160021879e+02	
  1.9410000000000000e+04	 -2.0824126649195830e+02	  4.5588836506551007e+02	
  1.9440000000000000e+04	 -2.2764541248856273e+02	  4.6291542396445448e+02	
  1.9470000000000000e+04	 -2.7283405977155542e+02	  4.8149812541994635e+02	
  1.9500000000000000e+04	 -3.1744575680871930e+02	  5.0223169477261149e+02	
  1.9530000000000000e+04	 -3.5621567891077990e+02	  5.2408428242883565e+02	
  1.9560000000000000e+04	 -3.7833153046842529e+02	  5.4116267178361693e+02	
  1.9590000000000000e+04	 -4.1287768149650327e+02	  5.5655820730200617e+02	
  1.9620000000000000e+04	 -4.4530680184553432e+02	  5.6775996237238587e+02	
  1.9650000000000000e+04	 -4.7583528626993575e+02	  5.8036878300625642e+02	
  1.9680000000000000e+04	 -4.9562260139147327e+02	  5.8793245133206585e+02	
  1.9710000000000000e+04	 -5.2646747584944990e+02	  6.0231703763129940e+02	
  1.9740000000000000e+04	 -5.6944676082878414e+02	  6.2239723081143700e+02	
  1.9770000000000000e+04	 -5.9746249522013693e+02	  6.3643191022740973e+02	
  1.9800000000000000e+04	 -6.2162278031237156e+02	  6.4306672199935667e+02	
  1.9830000000000000e+04	 -6.3628977090306751e+02	  6.5592888203894006e+02	
  1.9860000000000000e+04	 -6.1101755462251094e+02	  6.2055261044469250e+02	
  1.9890000000000000e+04	 -5.8630954568985931e+02	  5.8366583262755887e+02	
  1.9920000000000000e+04	 -5.7380868234635761e+02	  5.6581047962728394e+02	
  1.9950000000000000e+04	 -5.5556093870841858e+02	  5.4795192497208302e+02	
  1.9980000000000000e+04	 -5.2784368912289619e+02	  5.0593542342814055e+02	
  2.0010000000000000e+04	 -5.1378743041869643e+02	  4.7966231026993972e+02	
  2.0040000000000000e+04	 -4.8388673771438295e+02	  4.4185580413553163e+02	
  2.0070000000000000e+04	 -4.6412639589498804e+02	  4.2025412799976669e+02	
  2.0100000000000000e+04	 -4.4030180534802554e+02	  3.8839901680405575e+02	
  2.0130000000000000e+04	 -4.1588389699499163e+02	  3.5601522856101712e+02	
  2.0160000000000000e+04	 -3.9825328958176488e+02	  3.2226488680057304e+02	
  2.0190000000000000e+04	 -3.7263144745822973e+02	  2.8481059188996835e+02	
  2.0220000000000000e+04	 -3.4632657683486673e+02	  2.5359754810268473e+02	
  2.0250000000000000e+04	 -3.3140183952550683e+02	  2.3618533270398689e+02	
  2.0280000000000000e+04	 -3.0734266114729269e+02	  2.0136698825922781e+02	
  2.0310000000000000e+04	 -2.8333910465067379e+02	  1.5917350593475052e+02	
  2.0340000000000000e+04	 -2.5389635705049091e+02	  1.2198259678690962e+02	
  2.0370000000000000e+04	 -2.4356970934177383e+02	  1.0780408332219429e+02	
  2.0400000000000000e+04	 -2.2603879659837511e+02	  7.8795030373869963e+01	
  2.0430000000000000e+04	 -2.0924446345377262e+02	  5.2429981899602836e+01	
  2.0460000000000000e+04	 -1.9463379865562436e+02	  2.8065083159372460e+01	
  2.0490000000000000e+04	 -1.8304889933404795e+02	  5.1748024420639389e+00	
  2.0520000000000000e+04	 -1.6630142189144615e+02	  -2.1821445397461755e+01	
  2.0550000000000000e+04	 -1.4309538278843408e+02	  -5.6239100397984672e+01	
  2.0580000000000000e+04	 -1.2357823424568514e+02	  -8.7395078954574373e+01	
  2.0610000000000000e+04	 -9.7164938459013783e+01	  -1.2150123894516298e+02	
  2.0640000000000000e+04	 -7.6326246229353529e+01	  -1.5418116200376963e+02	
  2.0670000000000000e+04	 -5.8271282570158661e+01	  -1.7980494880330954e+02	
  2.0700000000000000e+04	 -4.0121845968909930e+01	  -2.0526595429648589e+02	
  2.0730000000000000e+04	 -1.7251714118616057e+01	  -2.3289961072330541e+02	
  2.0760000000000000e+04	 4.4094509286362431e+00	  -2.5680736082688088e+02	
  2.0790000000000000e+04	 3.0188841614245398e+01	  -2.8773823933311883e+02	
  2.0820000000000000e+04	 4.8855167381838314e+01	  -3.1189911228137913e+02	
  2.0850000000000000e+04	 6.7426733836471541e+01	  -3.4199002299526018e+02	
  2.0880000000000000e+04	 9.1961830561929816e+01	  -3.7408430866330201e+02	
  2.0910000000000000e+04	 1.0069954621263921e+02	  -3.9403592837552850e+02	
  2.0940000000000000e+04	 1.3713202708537889e+02	  -4.2513149927045680e+02	
  2.0970000000000000e+04	 1.6595336125870855e+02	  -4.6159702591683896e+02	
  2.1000000000000000e+04	 1.7686170092076571e+02	  -4.7545242210642670e+02	
  2.1030000000000000e+04	 2.0503004284772754e+02	  -5.0546227679526078e+02	
  2.1060000000000000e+04	 2.0356268877067535e+02	  -5.0508442912997106e+02	
  2.1090000000000000e+04	 2.0211032478843640e+02	  -5.0574722190166295e+02	
  2.1120000000000000e+04	 2.0366658622050420e+02	  -5.0621724870362709e+02	
  2.1150000000000000e+04	 2.0544138982247398e+02	  -5.0573518322944102e+02	
  2.1180000000000000e+04	 2.0593043031405836e+02	  -5.0392887601117218e+02	
  2.1210000000000000e+04	 2.0644677754604055e+02	  -5.0571192972130092e+02	
  2.1240000000000000e+04	 2.0622566575272074e+02	  -5.0470618419680738e+02	
  2.1270000000000000e+04	 1.7264125977523247e+02	  -5.0371870529968322e+02	
  2.1300000000000000e+04	 1.2371509447357516e+02	  -4.9614983009932308e+02	
  2.1330000000000000e+04	 8.0432854050762842e+01	  -4.8713803308998274e+02	
  2.1360000000000000e+04	 3.9003402892329305e+01	  -4.8682626046786515e+02	
  2.1390000000000000e+04	 1.0062957772741164e+01	  -4.8361162377466906e+02	
  2.1420000000000000e+04	 -4.0887068460615829e+01	  -4.7451621716189220e+02	
  2.1450000000000000e+04	 -5.6685369865306740e+01	  -4.7017833075569479e+02	
  2.1480000000000000e+04	 -5.5871346351332278e+01	  -4.7177711830143409e+02	
  2.1510000000000000e+04	 -5.6604692574789119e+01	  -4.6998708146711357e+02	
  2.1540000000000000e+04	 -5.6791366655403841e+01	  -4.7049137412589960e+02	
  2.1570000000000000e+04	 -5.8146433945166983e+01	  -4.7020909922420094e+02	
  2.1600000000000000e+04	 -5.8485908160769519e+01	  -4.6888176054235242e+02	
  2.1630000000000000e+04	 -5.6947630779814425e+01	  -4.6929298517548114e+02	
  2.1660000000000000e+04	 -5.8138612394311231e+01	  -4.7026304187901258e+02	
  2.1690000000000000e+04	 -5.7856426040785792e+01	  -4.7201747430034038e+02	
  2.1720000000000000e+04	 -2.5494775206498531e+01	  -4.7876740005775804e+02	
  2.1750000000000000e+04	 -2.4522427905156093e+01	  -4.7831225312703560e+02	
  2.1780000000000000e+04	 -2.4459542236572247e+01	  -4.7947749278349568e+02	
  2.1810000000000000e+04	 3.1849457985404790e+00	  -4.6447077546072347e+02	
  2.1840000000000000e+04	 2.9464923242410553e+01	  -4.5322999765583688e+02	
  2.1870000000000000e+04	 7.5097155671193775e+01	  -4.3796158948412409e+02	
  2.1900000000000000e+04	 9.7462982313399763e+01	  -4.3185535285942598e+02	
  2.1930000000000000e+04	 1.3757439850717091e+02	  -4.2162630162289850e+02	
  2.1960000000000000e+04	 1.6545752144498726e+02	  -4.1685930663307539e+02	
  2.1990000000000000e+04	 1.9244747843037339e+02	  -4.0945919659437448e+02	
  2.2020000000000000e+04	 2.1521054319546818e+02	  -4.0072706489759736e+02	
  2.2050000000000000e+04	 2.5447406984910322e+02	  -3.8633218093873660e+02	
  2.2080000000000000e+04	 2.9503600316357216e+02	  -3.6953467341623599e+02	
  2.2110000000000000e+04	 3.1971570459177667e+02	  -3.6312337445514163e+02	
  2.2140000000000000e+04	 3.4496498717067669e+02	  -3.5626034792667781e+02	
  2.2170000000000000e+04	 3.7593964584362732e+02	  -3.4390732546464574e+02	
  2.2200000000000000e+04	 4.0518943216924146e+02	  -3.3224111359320790e+02	
  2.2230000000000000e+04	 4.5308550450723317e+02	  -3.2040053209848008e+02	
  2.2260000000000000e+04	 5.0245357712165594e+02	  -2.9897372142691478e+02	
  2.2290000000000000e+04	 5.3441792880205469e+02	  -2.8385633021441265e+02	
  2.2320000000000000e+04	 5.8029556444456216e+02	  -2.6932392513708947e+02	
  2.2350000000000000e+04	 6.1183428619706206e+02	  -2.6003034625321743e+02	
  2.2380000000000000e+04	 6.3695165411380776e+02	  -2.5182193026300195e+02	
  2.2410000000000000e+04	 6.2396094351938780e+02	  -2.1645671914760925e+02	
  2.2440000000000000e+04	 6.2043953706613843e+02	  -1.8592125071564914e+02	
  2.2470000000000000e+04	 6.0950752602013824e+02	  -1.5443661254085706e+02	
  2.2500000000000000e+04	 6.0129111116303682e+02	  -1.2397702427241100e+02	
  2.2530000000000000e+04	 5.9226346580196559e+02	  -1.0474255195886767e+02	
  2.2560000000000000e+04	 5.8912861486594863e+02	  -8.3871748464261373e+01	
  2.2590000000000000e+04	 5.8098683041909317e+02	  -4.6592119759393611e+01	
  2.2620000000000000e+04	 5.7277855122717153e+02	  -7.4021641041085928e+00	
  2.2650000000000000e+04	 5.6279248744808410e+02	  4.0261553588230434e+01	
  2.2680000000000000e+04	 5.4998030343912637e+02	  8.6081877822057265e+01	
  2.2710000000000000e+04	 5.4409467323181525e+02	  1.1825985466651261e+02	
  2.2740000000000000e+04	 5.4072814476179337e+02	  1.4481358387020202e+02	
  2.2770000000000000e+04	 5.3544534984578797e+02	  1.7571443885559589e+02	
  2.2800000000000000e+04	 5.2537629950935968e+02	  2.0588032705367283e+02	
  2.2830000000000000e+04	 5.1338131917180976e+02	  2.2956629733847845e+02	
  2.2860000000000000e+04	 5.1336543415692176e+02	  2.5170195273828767e+02	
  2.2890000000000000e+04	 5.0580868516051663e+02	  2.7599604330550818e+02	
  2.2920000000000000e+04	 4.9878378315389762e+02	  2.9906189572193250e+02	
  2.2950000000000000e+04	 4.9941852039313665e+02	  2.9731088039901590e+02	
  2.2980000000000000e+04	 4.9776117582025142e+02	  2.9629941696201149e+02	
  2.3010000000000000e+04	 4.9961988973954317e+02	  2.9685019423112317e+02	
  2.3040000000000000e+04	 4.9852258504619920e+02	  2.9616543509126058e+02	
  2.3070000000000000e+04	 4.7525405264594974e+02	  3.2272189084917397e+02	
  2.3100000000000000e+04	 4.5951600182537538e+02	  3.4509106848280391e+02	
  2.3130000000000000e+04	 4.2756387908223746e+02	  3.7576249932978027e+02	
  2.3160000000000000e+04	 3.9175381789243011e+02	  4.0878473215087706e+02	
  2.3190000000000000e+04	 3.7021770737644005e+02	  4.2376150663987949e+02	
  2.3220000000000000e+04	 3.3547385548884586e+02	  4.6259270581052954e+02	
  2.3250000000000000e+04	 3.0492174504038252e+02	  4.9301459202369540e+02	
  2.3280000000000000e+04	 2.8071907560266550e+02	  5.2665559334333670e+02	
  2.3310000000000000e+04	 2.7302059681827535e+02	  5.2928092572652179e+02	
  2.3340000000000000e+04	 2.7297525144060791e+02	  5.3049020695976901e+02	
  2.3370000000000000e+04	 2.7283306009441065e+02	  5.3014708601295331e+02	
  2.3400000000000000e+04	 2.4690305469646620e+02	  5.0296664723937522e+02	
  2.3430000000000000e+04	 2.2811063179784668e+02	  4.8204081234323866e+02	
  2.3460000000000000e+04	 2.0806115784915693e+02	  4.5490783241774920e+02	
  2.3490000000000000e+04	 1.8823298492759059e+02	  4.3981613231784706e+02	
  2.3520000000000000e+04	 1.6027806119201517e+02	  4.1558833979972491e+02	
  2.3550000000000000e+04	 1.3567087751091503e+02	  3.9476238329375076e+02	
  2.3580000000000000e+04	 1.1420109519770038e+02	  3.7609639542586439e+02	
  2.3610000000000000e+04	 8.6434954757020790e+01	  3.4926300055066383e+02	
  2.3640000000000000e+04	 6.2749943149342549e+01	  3.2499692023589324e+02	
  2.3670000000000000e+04	 4.3679940001475401e+01	  3.0711785847246995e+02	
  2.3700000000000000e+04	 7.6998526512955578e+00	  2.7586506042784828e+02	
  2.3730000000000000e+04	 -1.9257340077282997e+01	  2.5091580790483584e+02	
  2.3760000000000000e+04	 -4.3046348081561348e+01	  2.2284779010315762e+02	
  2.3790000000000000e+04	 -6.4114435104874588e+01	  2.0321720146977742e+02	
  2.3820000000000000e+04	 -8.8598532445364810e+01	  1.6854548480317158e+02	
  2.3850000000000000e+04	 -1.1204764073015269e+02	  1.4985946676024599e+02	
  2.3880000000000000e+04	 -1.2762869322684278e+02	  1.3764035914443360e+02	
  2.3910000000000000e+04	 -1.5384006138480683e+02	  1.0886723524323725e+02	
  2.3940000000000000e+04	 -1.6980310100267991e+02	  8.6213351561594166e+01	
  2.3970000000000000e+04	 -1.9817445494800975e+02	  5.0349799490801530e+01	
  2.4000000000000000e+04	 -2.2557021432278086e+02	  3.0778663437699677e+01	
  2.4030000000000000e+04	 -2.4677251335552259e+02	  1.4384377920186594e+01	
  2.4060000000000000e+04	 -2.6831319576286586e+02	  -1.2227973676566428e+00	
  2.4090000000000000e+04	 -2.8981581391575048e+02	  -2.2614599891980820e+01	
  2.4120000000000000e+04	 -3.1111058440547055e+02	  -4.7888307975308948e+01	
  2.4150000000000000e+04	 -3.2917952770265248e+02	  -7.0839534933185561e+01	
  2.4180000000000000e+04	 -2.9514972928228724e+02	  -5.4452981266739243e+01	
  2.4210000000000000e+04	 -2.5713899226872024e+02	  -3.8773360467211212e+01	
  2.4240000000000000e+04	 -2.3760397162134336e+02	  -3.0470151085401117e+01	
  2.4270000000000000e+04	 -2.1810206847313037e+02	  -1.9949344145373821e+01	
  2.4300000000000000e+04	 -1.8987803264007562e+02	  -6.9844807014967039e+00	
  2.4330000000000000e+04	 -1.6505031700575401e+02	  4.4952044883091418e+00	
  2.4360000000000000e+04	 -1.3035478485590312e+02	  1.8701433655064498e+01	
  2.4390000000000000e+04	 -9.1455075677144322e+01	  2.9175285549262970e+01	
  2.4420000000000000e+04	 -4.7446995270782942e+01	  4.5019805359222524e+01	
  2.4450000000000000e+04	 -4.9330687949618195e+00	  6.0471816791085736e+01	
  2.4480000000000000e+04	 2.4484445419479698e+01	  7.0040634401992378e+01	
  2.4510000000000000e+04	 4.2765247951993942e+01	  7.4881637381140408e+01	
  2.4540000000000000e+04	 7.6606663652822064e+01	  8.8127588029010838e+01	
  2.4570000000000000e+04	 1.2165021576355019e+02	  1.0391573745346476e+02	
  2.4600000000000000e+04	 1.6509086026276191e+02	  1.2026069213221088e+02	
  2.4630000000000000e+04	 1.9456473432560833e+02	  1.3276526309734083e+02	
  2.4660000000000000e+04	 2.2533367130972968e+02	  1.4235269067956705e+02	
  2.4690000000000000e+04	 2.4939002485691091e+02	  1.5429198180383861e+02	
  2.4720000000000000e+04	 2.8271332251429084e+02	  1.6508922446732808e+02	
  2.4750000000000000e+04	 3.1573102131497473e+02	  1.7653706065977281e+02	
  2.4780000000000000e+04	 3.5174160758885887e+02	  1.9811350718508976e+02	
  2.4810000000000000e+04	 3.7120356371897662e+02	  2.0836740570232485e+02	
  2.4840000000000000e+04	 4.0463004002740666e+02	  2.2977043566443913e+02	
  2.4870000000000000e+04	 4.4139428402566608e+02	  2.4669005403533066e+02	
  2.4900000000000000e+04	 4.8048646729637755e+02	  2.6262667157092665e+02	
  2.4930000000000000e+04	 5.0375467979123835e+02	  2.7486526171366239e+02	
  2.4960000000000000e+04	 5.2249822242179675e+02	  2.7492157017385853e+02	
  2.4990000000000000e+04	 5.2109761117490859e+02	  2.7636964226040544e+02	
  2.5020000000000000e+04	 5.2053318956123860e+02	  2.7710656813408212e+02	
  2.5050000000000000e+04	 5.2240313951360781e+02	  2.7830948592492041e+02	
  2.5080000000000000e+04	 5.2235279464045811e+02	  2.7761387872570685e+02	
  2.5110000000000000e+04	 4.9487278574398954e+02	  2.6566603561418060e+02	
  2.5140000000000000e+04	 4.5270659817507874e+02	  2.4435909214384577e+02	
  2.5170000000000000e+04	 4.2804007569558399e+02	  2.2991287460715819e+02	
  2.5200000000000000e+04	 3.8407003647550113e+02	  2.1308456053087733e+02	
  2.5230000000000000e+04	 3.5066078165004080e+02	  1.9467463868804987e+02	
  2.5260000000000000e+04	 3.0695921403802095e+02	  1.7586182334595429e+02	
  2.5290000000000000e+04	 2.6587046306996308e+02	  1.5711089209785194e+02	
  2.5320000000000000e+04	 2.4771292122212100e+02	  1.4689316525565886e+02	
  2.5350000000000000e+04	 2.2759674792830020e+02	  1.3942657914651852e+02	
  2.5380000000000000e+04	 2.0083423434528495e+02	  1.2446310614642488e+02	
  2.5410000000000000e+04	 1.6596178410220722e+02	  1.0763115602693233e+02	
  2.5440000000000000e+04	 1.2955185327215935e+02	  8.7233050521754933e+01	
  2.5470000000000000e+04	 9.0861149000045202e+01	  7.0532545123705788e+01	
  2.5500000000000000e+04	 5.3831945519637117e+01	  5.4163100051049724e+01	
  2.5530000000000000e+04	 2.4699078806754141e+01	  3.9835749019833749e+01	
  2.5560000000000000e+04	 6.0945032154954546e+01	  4.4993309567394228e+01	
  2.5590000000000000e+04	 9.7890502363604895e+01	  4.9602500408107268e+01	
  2.5620000000000000e+04	 1.2532174561822333e+02	  5.0339872532271684e+01	
  2.5650000000000000e+04	 1.5412957584651406e+02	  6.1763612365499625e+01	
  2.5680000000000000e+04	 1.8049816058249331e+02	  6.9875403114125263e+01	
  2.5710000000000000e+04	 2.1151972465767429e+02	  8.1151580812507078e+01	
  2.5740000000000000e+04	 2.5521342862358460e+02	  8.7930813798209513e+01	
  2.5770000000000000e+04	 3.0607995628394195e+02	  1.0008162132714115e+02	
  2.5800000000000000e+04	 3.4581919182082277e+02	  1.0464470117160828e+02	
  2.5830000000000000e+04	 3.6270350194162864e+02	  1.0975570951263832e+02	
  2.5860000000000000e+04	 4.0178646079738974e+02	  1.2055861353860141e+02	
  2.5890000000000000e+04	 4.3888841188333998e+02	  1.2279666742874406e+02	
  2.5920000000000000e+04	 4.6713592264925143e+02	  1.2597153363920538e+02	
  2.5950000000000000e+04	 4.9091192829984925e+02	  1.3100109584102071e+02	
  2.5980000000000000e+04	 5.0437985238526971e+02	  1.3452777303346261e+02	
  2.6010000000000000e+04	 5.0409413035734144e+02	  1.3500467868220403e+02	
  2.6040000000000000e+04	 5.0449830486121505e+02	  1.3533715331189120e+02	
  2.6070000000000000e+04	 4.9204970667609547e+02	  8.5814715247266435e+01	
  2.6100000000000000e+04	 4.7822043000107158e+02	  4.4772961091852871e+01	
  2.6130000000000000e+04	 4.7036298776958051e+02	  1.2684929347268827e+01	
  2.6160000000000000e+04	 4.5982300806631406e+02	  -2.9216614319655285e+01	
  2.6190000000000000e+04	 4.5803632602170143e+02	  -5.5301879276414510e+01	
  2.6220000000000000e+04	 4.4980089317528143e+02	  -7.4117421222967408e+01	
  2.6250000000000000e+04	 4.3512020574807275e+02	  -1.1198459562421948e+02	
  2.6280000000000000e+04	 4.3200573252676287e+02	  -1.3953923065519166e+02	
  2.6310000000000000e+04	 4.1914482028746022e+02	  -1.6647444926437473e+02	
  2.6340000000000000e+04	 4.1476865818533071e+02	  -1.9906216881960253e+02	
  2.6370000000000000e+04	 4.0586164858482368e+02	  -2.4432293724989557e+02	
  2.6400000000000000e+04	 3.9112435125090065e+02	  -2.8628874617576582e+02	
  2.6430000000000000e+04	 3.8136173854114037e+02	  -3.1134439612725566e+02	
  2.6460000000000000e+04	 3.7128158522931113e+02	  -3.4339400885392610e+02	
  2.6490000000000000e+04	 3.6990405195811223e+02	  -3.5331209231451800e+02	
  2.6520000000000000e+04	 3.6836646819339290e+02	  -3.5479099314369722e+02	
  2.6550000000000000e+04	 3.6951956145727218e+02	  -3.5295906387387663e+02	
  2.6580000000000000e+04	 3.7093524278227278e+02	  -3.5352248424649048e+02	
  2.6610000000000000e+04	 3.7007848276809511e+02	  -3.5169311743775717e+02	
  2.6640000000000000e+04	 3.7151031959061385e+02	  -3.5289387677112603e+02	
  2.6670000000000000e+04	 3.7126624911060350e+02	  -3.5464465911183368e+02	
  2.6700000000000000e+04	 3.7005395232065524e+02	  -3.5488709479306743e+02	
  2.6730000000000000e+04	 3.4760890077012772e+02	  -3.3043298289276032e+02	
  2.6760000000000000e+04	 3.1607072974652556e+02	  -2.9689941766656182e+02	
  2.6790000000000000e+04	 2.8145209991418244e+02	  -2.6965022183351817e+02	
  2.6820000000000000e+04	 2.5579707065794338e+02	  -2.4362627110563406e+02	
  2.6850000000000000e+04	 2.3298766754944154e+02	  -2.2262679323280443e+02	
  2.6880000000000000e+04	 2.2213609133225910e+02	  -2.0931169322240078e+02	
  2.6910000000000000e+04	 1.8750802934768296e+02	  -1.7757304927138611e+02	
  2.6940000000000000e+04	 1.6340677389699772e+02	  -1.5213800448056779e+02	
  2.6970000000000000e+04	 1.2528493502918656e+02	  -1.1275708036678861e+02	
  2.7000000000000000e+04	 1.0763111384427344e+02	  -9.0716328901923987e+01	
  2.7030000000000000e+04	 7.4333676641012232e+01	  -5.6539309556417280e+01	
  2.7060000000000000e+04	 4.6759363784962048e+01	  -2.8590624440023991e+01	
  2.7090000000000000e+04	 2.3622046692224139e+01	  -6.0397334201826816e+00	
  2.7120000000000000e+04	 5.3398304032547017e-01	  2.0950562777169694e+01	
  2.7150000000000000e+04	 2.4073350351380909e+00	  2.0056709093030015e+01	
  2.7180000000000000e+04	 9.7240375575422533e-01	  2.1575657751908320e+01	
  2.7210000000000000e+04	 -2.3217393013927225e+01	  4.7905506951258552e+01	
  2.7240000000000000e+04	 -4.5932291952628354e+01	  7.7877095460685496e+01	
  2.7270000000000000e+04	 -6.4057599627936156e+01	  1.1240182952925474e+02	
  2.7300000000000000e+04	 -9.1885282739089917e+01	  1.4385379483162822e+02	
  2.7330000000000000e+04	 -1.0949262430241751e+02	  1.5931375803650019e+02	
  2.7360000000000000e+04	 -1.3283221020468920e+02	  1.9023147273387718e+02	
  2.7390000000000000e+04	 -1.5482371020335069e+02	  2.2237221829062685e+02	
  2.7420000000000000e+04	 -1.6772035793870947e+02	  2.5034564488105227e+02	
  2.7450000000000000e+04	 -1.8947368986271056e+02	  2.8278581788308611e+02	
  2.7480000000000000e+04	 -2.0045116685805152e+02	  3.0301334378575467e+02	
  2.7510000000000000e+04	 -2.0156416642447294e+02	  3.0331534383769917e+02	
  2.7540000000000000e+04	 -2.0227977210923254e+02	  3.0461854412567556e+02	
  2.7570000000000000e+04	 -2.0406783356619692e+02	  3.0638348891093608e+02	
  2.7600000000000000e+04	 -2.0435593424447481e+02	  3.0748525658289026e+02	
  2.7630000000000000e+04	 -2.0530033868128979e+02	  3.0722786322946473e+02	
  2.7660000000000000e+04	 -2.0435765794931291e+02	  3.0537699890973704e+02	
  2.7690000000000000e+04	 -2.0349504660668831e+02	  3.0536893617986459e+02	
  2.7720000000000000e+04	 -2.0497896395350600e+02	  3.0726869502072771e+02	
  2.7750000000000000e+04	 -2.0095670919127465e+02	  2.7440012934787325e+02	
  2.7780000000000000e+04	 -1.8762028853781939e+02	  2.4121247659660511e+02	
  2.7810000000000000e+04	 -1.7652707022091198e+02	  2.0382915747729965e+02	
  2.7840000000000000e+04	 -1.7110892175293421e+02	  1.7141067311324863e+02	
  2.7870000000000000e+04	 -1.6148347147072428e+02	  1.3451210321173542e+02	
  2.7900000000000000e+04	 -1.5370336070392796e+02	  1.1404285616451669e+02	
  2.7930000000000000e+04	 -1.4417625933450415e+02	  7.0115564129706144e+01	
  2.7960000000000000e+04	 -1.3499268813411126e+02	  4.9689370884724340e+01	
  2.7990000000000000e+04	 -1.2172723511151187e+02	  8.7891537948292893e+00	
  2.8020000000000000e+04	 -1.1097803012634810e+02	  -3.1967901082976404e+01	
  2.8050000000000000e+04	 -1.0161945085283874e+02	  -5.1399816107945924e+01	
  2.8080000000000000e+04	 -9.5337350384861381e+01	  -8.6245990152433734e+01	
  2.8110000000000000e+04	 -8.9424036955860856e+01	  -1.3696024764259334e+02	
  2.8140000000000000e+04	 -8.3945648640498888e+01	  -1.5617490471014685e+02	
  2.8170000000000000e+04	 -7.7752171253678711e+01	  -2.0431095417609052e+02	
  2.8200000000000000e+04	 -6.6342318258404546e+01	  -2.3956192516385133e+02	
  2.8230000000000000e+04	 -5.7033933886078202e+01	  -2.7932808310892892e+02	
  2.8260000000000000e+04	 -4.6955192900529937e+01	  -3.0428528262515158e+02	
  2.8290000000000000e+04	 -4.0021243966670141e+01	  -3.2424922304746087e+02	
  2.8320000000000000e+04	 -3.8782096048876696e+01	  -3.4922489924395552e+02	
  2.8350000000000000e+04	 -3.3407084571573847e+01	  -3.7466379731657918e+02	
  2.8380000000000000e+04	 -2.3156824215858531e+01	  -4.1938627462975904e+02	
  2.8410000000000000e+04	 -1.5755525550614653e+01	  -4.3907216733162784e+02	
  2.8440000000000000e+04	 -1.0731469981905086e+01	  -4.7277376969717733e+02	
  2.8470000000000000e+04	 -3.9401576783805812e+00	  -5.0916003735997799e+02	
  2.8500000000000000e+04	 1.0637970022735077e+00	  -5.3810336888459040e+02	
  2.8530000000000000e+04	 7.3816480808233553e+00	  -5.7916900495095933e+02	
  2.8560000000000000e+04	 1.3603747908016970e+01	  -6.0543443574849402e+02	
  2.8590000000000000e+04	 2.1940520823419927e+01	  -6.4067477037532717e+02	
  2.8620000000000000e+04	 2.8893941142318447e+01	  -6.6264064908613329e+02	
  2.8650000000000000e+04	 5.0730372982764159e+01	  -7.0666902234550628e+02	
  2.8680000000000000e+04	 5.0471905119692906e+01	  -7.1480415919359098e+02	
  2.8710000000000000e+04	 4.9473163161932732e+01	  -7.1350134105040013e+02	
  2.8740000000000000e+04	 4.9420181788353688e+01	  -7.1371754383892483e+02	
  2.8770000000000000e+04	 4.7517574024922617e+01	  -7.1249732690066548e+02	
  2.8800000000000000e+04	 4.5686500874146809e+01	  -7.1229136034516716e+02	
  2.8830000000000000e+04	 4.5611834174569410e+01	  -7.1181201242006648e+02	
  2.8860000000000000e+04	 4.6188851911553783e+01	  -7.1256507656126496e+02	
  2.8890000000000000e+04	 4.5438325663895412e+01	  -7.1220090111556624e+02	
  2.8920000000000000e+04	 4.4802877592083476e+01	  -7.1193067050156071e+02	
  2.8950000000000000e+04	 2.9928663095870331e+01	  -6.7809623841049620e+02	
  2.8980000000000000e+04	 2.4245879404357694e+01	  -6.4783654737683651e+02	
  2.9010000000000000e+04	 1.2537509143568460e+01	  -6.0062450258961212e+02	
  2.9040000000000000e+04	 6.3342994848151832e+00	  -5.7168597336902360e+02	
  2.9070000000000000e+04	 -7.0635570844560220e+00	  -5.3218667609156455e+02	
  2.9100000000000000e+04	 -1.9374950798217295e+01	  -4.8952657526338680e+02	
  2.9130000000000000e+04	 -2.9994836850295677e+01	  -4.6718488040091404e+02	
  2.9160000000000000e+04	 -3.6406039628618039e+01	  -4.4838250272521122e+02	
  2.9190000000000000e+04	 -4.5989780597036287e+01	  -4.0632070918222524e+02	
  2.9220000000000000e+04	 -5.3164363172840979e+01	  -3.7716063544078872e+02	
  2.9250000000000000e+04	 -5.9743476560041394e+01	  -3.5789791166631147e+02	
  2.9280000000000000e+04	 -6.5069235057542215e+01	  -3.2581871738491429e+02	
  2.9310000000000000e+04	 -7.1535604501279678e+01	  -3.0590482675001414e+02	
  2.9340000000000000e+04	 -8.3081785262113087e+01	  -2.6153571630319470e+02	
  2.9370000000000000e+04	 -9.0877077618976898e+01	  -2.3246820382418093e+02	
  2.9400000000000000e+04	 -9.5835531743441351e+01	  -2.0811947561777592e+02	
  2.9430000000000000e+04	 -1.0218943413633374e+02	  -1.9108505174990017e+02	
  2.9460000000000000e+04	 -1.1347170618380873e+02	  -1.4471244269984234e+02	
  2.9490000000000000e+04	 -1.2135010965619180e+02	  -1.1101661776579297e+02	
  2.9520000000000000e+04	 -1.3781401061047069e+02	  -7.1446634245328909e+01	
  2.9550000000000000e+04	 -1.4040102137122511e+02	  -5.0561553068205185e+01	
  2.9580000000000000e+04	 -1.4427425183500759e+02	  -3.0742696197337800e+01	
  2.9610000000000000e+04	 -1.5820730503978373e+02	  5.8928629792004088e+00	
  2.9640000000000000e+04	 -1.6419939603417615e+02	  2.7014694788513797e+01	
  2.9670000000000000e+04	 -1.7461827725912363e+02	  6.5836317064967062e+01	
  2.9700000000000000e+04	 -1.8930553322230386e+02	  1.0274872265000235e+02	
  2.9730000000000000e+04	 -1.9451118211744119e+02	  1.2601406921773797e+02	
  2.9760000000000000e+04	 -2.0246571843445008e+02	  1.6066564758660041e+02	
  2.9790000000000000e+04	 -2.0550327643823951e+02	  1.7921807904520233e+02	
  2.9820000000000000e+04	 -2.1775589357566341e+02	  2.1191936404090569e+02	
  2.9850000000000000e+04	 -2.2413425617877976e+02	  2.3160563097536578e+02	
  2.9880000000000000e+04	 -2.3245466527896031e+02	  2.7502378150436897e+02	
  2.9910000000000000e+04	 -1.9278550242904524e+02	  2.8953651060654846e+02	
  2.9940000000000000e+04	 -1.4770850449821017e+02	  3.0535806458808969e+02	
  2.9970000000000000e+04	 -1.1323654318719551e+02	  3.1835228717259071e+02	
  3.0000000000000000e+04	 -7.9873145649593710e+01	  3.3752518348618520e+02	
  3.0030000000000000e+04	 -4.0565311218034296e+01	  3.5771347452670551e+02	
  3.0060000000000000e+04	 -1.3584927766328558e+01	  3.6744882705462493e+02	
  3.0090000000000000e+04	 3.8040613112908233e+00	  3.7629962124169811e+02	
  3.0120000000000000e+04	 4.4305818233790248e+01	  3.9891091174687244e+02	
  3.0150000000000000e+04	 7.6998218979401514e+01	  4.0798124120392856e+02	
  3.0180000000000000e+04	 1.2472375681465869e+02	  4.2816493868746409e+02	
  3.0210000000000000e+04	 1.5302967200167248e+02	  4.3613786472367815e+02	
  3.0240000000000000e+04	 1.9033959220146815e+02	  4.5881081254709216e+02	
  3.0270000000000000e+04	 2.1614623206479263e+02	  4.7371668671359703e+02	
  3.0300000000000000e+04	 2.3264109644280879e+02	  4.8073027806679971e+02	
  3.0330000000000000e+04	 2.5784577589579845e+02	  4.9523981031134593e+02	
  3.0360000000000000e+04	 2.9559550835109405e+02	  5.1198791654617730e+02	
  3.0390000000000000e+04	 3.1738310356637498e+02	  5.1946690129313356e+02	
  3.0420000000000000e+04	 3.3659451398335153e+02	  5.2702613046354691e+02	
  3.0450000000000000e+04	 3.5778692957242055e+02	  5.3799393521948480e+02	
  3.0480000000000000e+04	 3.9572230712785284e+02	  5.5361280530840656e+02	
  3.0510000000000000e+04	 4.2120940960535063e+02	  5.6666800430853948e+02	
  3.0540000000000000e+04	 4.6678520019917278e+02	  5.8792468922652722e+02	
  3.0570000000000000e+04	 4.9918943329524797e+02	  5.9809368889989867e+02	
  3.0600000000000000e+04	 5.1731933666403972e+02	  6.0536982753424070e+02	
  3.0630000000000000e+04	 5.4692181491125177e+02	  6.2424745398986829e+02	
  3.0660000000000000e+04	 5.8827831680495751e+02	  6.4149326602768826e+02	
  3.0690000000000000e+04	 5.6328764564641540e+02	  6.3690236218629650e+02	
  3.0720000000000000e+04	 5.1909770250116640e+02	  6.3125774544498734e+02	
  3.0750000000000000e+04	 4.7414329567624338e+02	  6.2937439802097413e+02	
  3.0780000000000000e+04	 4.4916226524802983e+02	  6.2322954884700607e+02	
  3.0810000000000000e+04	 4.1103778322289713e+02	  6.1594355653332855e+02	
  3.0840000000000000e+04	 3.7072949041696393e+02	  6.1413721103005855e+02	
  3.0870000000000000e+04	 3.2950342026653971e+02	  6.0463970501433027e+02	
  3.0900000000000000e+04	 3.0838016767837610e+02	  6.0646641630728277e+02	
  3.0930000000000000e+04	 2.7237632570221473e+02	  6.0507090073786753e+02	
  3.0960000000000000e+04	 2.4193049311252719e+02	  5.9932068311035675e+02	
  3.0990000000000000e+04	 2.1813697516523885e+02	  5.9303900547442811e+02	
  3.1020000000000000e+04	 1.8016940369381189e+02	  5.9033350195187279e+02	
  3.1050000000000000e+04	 1.5176965143117019e+02	  5.9014404827012606e+02	
  3.1080000000000000e+04	 1.1837533507355303e+02	  5.8061995091166546e+02	
  3.1110000000000000e+04	 7.6380084426596937e+01	  5.7912625306693349e+02	
  3.1140000000000000e+04	 2.6219050024797419e+01	  5.7339637289248776e+02	
  3.1170000000000000e+04	 2.4414156722931004e+00	  5.6905436730767315e+02	
  3.1200000000000000e+04	 -2.5063268949115045e+01	  5.7006447633270250e+02	
  3.1230000000000000e+04	 -5.2112637197216841e+01	  5.6259985059490305e+02	
  3.1260000000000000e+04	 -1.0391901044864392e+02	  5.5434956367272855e+02	
  3.1290000000000000e+04	 -1.2115637263045562e+02	  5.1436396648340701e+02	
  3.1320000000000000e+04	 -1.3878569145961566e+02	  4.8602607553849629e+02	
  3.1350000000000000e+04	 -1.5278891810409095e+02	  4.6689728286751318e+02	
  3.1380000000000000e+04	 -1.7488524413065807e+02	  4.2883509218921483e+02	
  3.1410000000000000e+04	 -1.9887085429097556e+02	  3.9124854703511585e+02	
  3.1440000000000000e+04	 -2.0551876378896566e+02	  3.6886991997900020e+02	
  3.1470000000000000e+04	 -2.1691994012675306e+02	  3.4438409660073717e+02	
  3.1500000000000000e+04	 -2.3317362983949977e+02	  3.1886500421993560e+02	
  3.1530000000000000e+04	 -2.5124979983282702e+02	  2.8322725242258059e+02	
  3.1560000000000000e+04	 -2.6498802134376490e+02	  2.5139256437956988e+02	
  3.1590000000000000e+04	 -2.7278624349008805e+02	  2.2806752644791459e+02	
  3.1620000000000000e+04	 -2.9248637543621129e+02	  1.9160093737258921e+02	
  3.1650000000000000e+04	 -3.1014243743642794e+02	  1.5458320809485195e+02	
  3.1680000000000000e+04	 -3.3602332901595992e+02	  1.1028446380869889e+02	
  3.1710000000000000e+04	 -3.5785642454419281e+02	  6.7393323507502714e+01	
  3.1740000000000000e+04	 -3.7125129726987183e+02	  4.1385825187826569e+01	
  3.1770000000000000e+04	 -3.8797486861676856e+02	  2.1966154011884854e+01	
  3.1800000000000000e+04	 -4.1055374213307027e+02	  -1.5318446407325098e+01	
  3.1830000000000000e+04	 -4.2953941926437096e+02	  -4.5847506103724996e+01	
  3.1860000000000000e+04	 -4.4660418141411191e+02	  -7.5111551115753102e+01	
  3.1890000000000000e+04	 -4.5411054455233545e+02	  -9.1782101334911729e+01	
  3.1920000000000000e+04	 -4.7227091407484761e+02	  -1.2609777433255924e+02	
  3.1950000000000000e+04	 -4.9192417523900514e+02	  -1.7081912683043794e+02	
  3.1980000000000000e+04	 -5.0596369411959267e+02	  -2.0583652037001804e+02	
  3.2010000000000000e+04	 -5.1551079248200529e+02	  -2.2386392863932136e+02	
  3.2040000000000000e+04	 -5.3467365527525180e+02	  -2.6579018687112318e+02	
  3.2070000000000000e+04	 -5.5404576820279306e+02	  -3.0751120338892383e+02	
  3.2100000000000000e+04	 -5.7839614612789239e+02	  -3.4379942582432312e+02	
  3.2130000000000000e+04	 -5.9388708010870891e+02	  -3.7034288346887564e+02	
  3.2160000000000000e+04	 -6.0272057629900951e+02	  -3.9071390865712056e+02	
  3.2190000000000000e+04	 -6.1862653069597604e+02	  -4.3141926478023254e+02	
  3.2220000000000000e+04	 -6.3359787217665621e+02	  -4.4852331871423308e+02	
  3.2250000000000000e+04	 -6.4381976142360111e+02	  -4.7266809478827554e+02	
  3.2280000000000000e+04	 -6.5968774084010056e+02	  -4.9699930730462495e+02	
  3.2310000000000000e+04	 -6.7778149336889589e+02	  -5.2521399537497393e+02	
  3.2340000000000000e+04	 -6.9365626095012669e+02	  -5.5429087196772366e+02	
  3.2370000000000000e+04	 -7.1435424447175114e+02	  -5.9721774307621172e+02	
  3.2400000000000000e+04	 -7.2685894978242368e+02	  -6.2702369087787679e+02	
  3.2430000000000000e+04	 -7.4371405276920007e+02	  -6.6812725923523874e+02	
  3.2460000000000000e+04	 -7.6752117185876989e+02	  -7.0400971537456155e+02	
  3.2490000000000000e+04	 -7.7937308328836298e+02	  -7.2389822581317469e+02	
  3.2520000000000000e+04	 -7.7929688386520695e+02	  -7.2582679615589666e+02	
  3.2550000000000000e+04	 -7.8054035406160040e+02	  -7.2434479266307301e+02	
  3.2580000000000000e+04	 -7.8114370208651690e+02	  -7.2335548785336653e+02	
  3.2610000000000000e+04	 -7.5878724426897384e+02	  -6.8856290827496241e+02	
  3.2640000000000000e+04	 -7.4856709664903292e+02	  -6.7369033098373723e+02	
  3.2670000000000000e+04	 -7.3345604239034310e+02	  -6.5833685728693354e+02	
  3.2700000000000000e+04	 -7.0881726051353030e+02	  -6.2828142684028467e+02	
  3.2730000000000000e+04	 -6.8868687431251453e+02	  -5.8750799260600400e+02	
  3.2760000000000000e+04	 -6.6730350359019701e+02	  -5.5010629048143937e+02	
  3.2790000000000000e+04	 -6.4503069257212610e+02	  -5.2421794968717018e+02	
  3.2820000000000000e+04	 -6.2375032690762885e+02	  -4.9569782970432664e+02	
  3.2850000000000000e+04	 -6.1295229512183698e+02	  -4.6912083195854160e+02	
  3.2880000000000000e+04	 -6.0045185784829062e+02	  -4.5150263444974894e+02	
  3.2910000000000000e+04	 -5.7686901326600218e+02	  -4.1618249549031566e+02	
  3.2940000000000000e+04	 -5.4798814549040480e+02	  -3.7484730936645980e+02	
  3.2970000000000000e+04	 -5.1631790864285313e+02	  -3.3938253532540926e+02	
  3.3000000000000000e+04	 -4.9017092502758959e+02	  -3.0040947534841177e+02	
  3.3030000000000000e+04	 -4.6135218315232498e+02	  -2.5711827974235410e+02	
  3.3060000000000000e+04	 -4.4318655448197080e+02	  -2.2449539528160309e+02	
  3.3090000000000000e+04	 -4.1998244252622391e+02	  -2.0165767306435222e+02	
  3.3120000000000000e+04	 -3.9500271157476789e+02	  -1.7123422061846574e+02	
  3.3150000000000000e+04	 -3.7899818790041718e+02	  -1.5573007835916232e+02	
  3.3180000000000000e+04	 -3.5482039213908701e+02	  -1.2908665318535665e+02	
  3.3210000000000000e+04	 -3.2160691008536344e+02	  -1.0032811681615058e+02	
  3.3240000000000000e+04	 -3.0236337637756628e+02	  -7.6570859054603574e+01	
  3.3270000000000000e+04	 -2.7319011552302783e+02	  -4.7295919035409383e+01	
  3.3300000000000000e+04	 -2.3931294577637442e+02	  -1.4947504980789716e+01	
  3.3330000000000000e+04	 -2.0963660377953852e+02	  1.7817648084609310e+01	
  3.3360000000000000e+04	 -1.9482079996172820e+02	  3.7326142037717517e+01	
  3.3390000000000000e+04	 -1.5934083909868724e+02	  7.3789720690535773e+01	
  3.3420000000000000e+04	 -1.4454184138934360e+02	  9.2957366151954162e+01	
  3.3450000000000000e+04	 -1.2895801599879994e+02	  1.0707783086343377e+02	
  3.3480000000000000e+04	 -1.1635997912606675e+02	  1.2669686470705909e+02	
  3.3510000000000000e+04	 -9.9315746698199320e+01	  1.4504231919610766e+02	
  3.3540000000000000e+04	 -6.5088274134632869e+01	  1.7504800344215991e+02	
  3.3570000000000000e+04	 -3.4710483308765248e+01	  2.0655017247324966e+02	
  3.3600000000000000e+04	 -7.6164240981302882e+00	  2.3800970409047119e+02	
  3.3630000000000000e+04	 1.7101031410527430e+01	  2.6770295501049003e+02	
  3.3660000000000000e+04	 3.7213823987349450e+01	  2.8779072037914926e+02	
  3.3690000000000000e+04	 6.6804589096990327e+01	  3.2391767874775849e+02	
  3.3720000000000000e+04	 8.7744834552581068e+01	  3.4780361366247973e+02	
  3.3750000000000000e+04	 1.1577829489430678e+02	  3.8768042730616577e+02	
  3.3780000000000000e+04	 1.4496931746572821e+02	  4.1565476884623445e+02	
  3.3810000000000000e+04	 1.7559760790430786e+02	  4.4685681799385185e+02	
  3.3840000000000000e+04	 1.8814589478935886e+02	  4.6275260332217601e+02	
  3.3870000000000000e+04	 2.0559173982340749e+02	  4.8019155401489661e+02	
  3.3900000000000000e+04	 2.4060739214468430e+02	  5.0998067253365269e+02	
  3.3930000000000000e+04	 2.7544993508767891e+02	  5.4885249449924811e+02	
  3.3960000000000000e+04	 2.8555405943074351e+02	  5.6583041712840497e+02	
  3.3990000000000000e+04	 2.3607736304232316e+02	  5.7303083994310691e+02	
  3.4020000000000000e+04	 2.0885003122254727e+02	  5.7939182496994499e+02	
  3.4050000000000000e+04	 1.7737199424200307e+02	  5.7855274472954295e+02	
  3.4080000000000000e+04	 1.4455457456543837e+02	  5.8367576943170548e+02	
  3.4110000000000000e+04	 1.2012415184368086e+02	  5.8705651733592072e+02	
  3.4140000000000000e+04	 9.2710628267815508e+01	  5.8565739469539551e+02	
  3.4170000000000000e+04	 5.4859636820922795e+01	  5.9390257861539510e+02	
  3.4200000000000000e+04	 2.7368969313070991e+01	  5.9836567667209908e+02	
  3.4230000000000000e+04	 -2.1439609371714639e+00	  5.9405733482205517e+02	
  3.4260000000000000e+04	 -2.4736087698898196e+01	  5.9668032077182227e+02	
  3.4290000000000000e+04	 -2.4832276739098631e+01	  5.9619669622390552e+02	
  3.4320000000000000e+04	 -2.5288433741700661e+01	  5.9630186432169978e+02	
  3.4350000000000000e+04	 -2.5654134032279732e+01	  5.9680065970779231e+02	
  3.4380000000000000e+04	 -2.5918523649638679e+01	  5.9825499414910530e+02	
  3.4410000000000000e+04	 -2.6033750852467101e+01	  5.9826431053896181e+02	
  3.4440000000000000e+04	 -2.4384174871124568e+01	  5.9813597642448144e+02	
  3.4470000000000000e+04	 -2.3153089351045242e+01	  5.9760599152264115e+02	
  3.4500000000000000e+04	 -4.0168271272234612e+00	  5.8720824564365091e+02	
  3.4530000000000000e+04	 2.6869535223974530e+01	  5.7143986737936586e+02	
  3.4560000000000000e+04	 4.9259092027892933e+01	  5.6006251369445738e+02	
  3.4590000000000000e+04	 7.6375363393020692e+01	  5.4296437468833267e+02	
  3.4620000000000000e+04	 1.0816810713023379e+02	  5.3009163485493764e+02	
