  0.0000000000000000e+00	 5.5324805137776366e+02	  -1.9007507461693194e+01	
  3.0000000000000000e+01	 5.2458583126906944e+02	  1.4650473421197120e+01	
  6.0000000000000000e+01	 4.9181835084943486e+02	  4.4213609043316680e+01	
  9.0000000000000000e+01	 4.6368324945334854e+02	  7.1405386385123222e+01	
  1.2000000000000000e+02	 4.4641667706739622e+02	  9.8165683857147073e+01	
  1.5000000000000000e+02	 4.2994452551842704e+02	  1.1490165789295772e+02	
  1.8000000000000000e+02	 4.1444130688873872e+02	  1.3422931507369270e+02	
  2.1000000000000000e+02	 3.8657082010111895e+02	  1.6015800847364810e+02	
  2.4000000000000000e+02	 3.5748855766045062e+02	  1.8588234257107933e+02	
  2.7000000000000000e+02	 3.3813302145169206e+02	  2.0457017977196719e+02	
  3.0000000000000000e+02	 3.1444341198162670e+02	  2.3844160401284935e+02	
  3.3000000000000000e+02	 2.9379553868124526e+02	  2.5866217857940501e+02	
  3.6000000000000000e+02	 2.7247795228951139e+02	  2.8363414883950082e+02	
  3.9000000000000000e+02	 2.5520474281738677e+02	  3.0741190541560292e+02	
  4.2000000000000000e+02	 2.4186226102389713e+02	  3.2875022500909569e+02	
  4.5000000000000000e+02	 2.2309203182309165e+02	  3.5306786600244749e+02	
  4.8000000000000000e+02	 1.9647137814181627e+02	  3.7736260807421661e+02	
  5.1000000000000000e+02	 1.8239821430063614e+02	  3.9254916465998582e+02	
  5.4000000000000000e+02	 1.6284964225459538e+02	  4.1257323720213139e+02	
  5.7000000000000000e+02	 1.3747970072010474e+02	  4.4919758397468939e+02	
  6.0000000000000000e+02	 1.0551046879243749e+02	  4.8898259518949521e+02	
  6.3000000000000000e+02	 7.0359195676111625e+01	  5.2450579520951999e+02	
  6.6000000000000000e+02	 4.3559937432848045e+01	  5.6092558093532773e+02	
  6.9000000000000000e+02	 2.0947356206913994e+01	  5.9179635909636102e+02	
  7.2000000000000000e+02	 -8.7785951146468477e-01	  6.1636122993392030e+02	
  7.5000000000000000e+02	 -3.2104979534179577e+01	  6.5391526246746810e+02	
  7.8000000000000000e+02	 -5.1264354275888593e+01	  6.7362905968967527e+02	
  8.1000000000000000e+02	 -4.8216962907001154e+01	  6.4120614676473747e+02	
  8.4000000000000000e+02	 -4.2302699704079700e+01	  5.9819552509789480e+02	
  8.7000000000000000e+02	 -2.9169906749933673e+01	  5.5450462751571786e+02	
  9.0000000000000000e+02	 -2.9895190036686717e+01	  5.3494932048807993e+02	
  9.3000000000000000e+02	 -2.1709020061887362e+01	  4.9152284384438508e+02	
  9.6000000000000000e+02	 -1.0813838057806255e+01	  4.5162981777517138e+02	
  9.9000000000000000e+02	 -5.5953312361104111e+00	  4.2969559750938942e+02	
  1.0200000000000000e+03	 -4.6245065359481341e-01	  3.8293144408577763e+02	
  1.0500000000000000e+03	 1.0063938567447522e+01	  3.4969219388747848e+02	
  1.0800000000000000e+03	 2.1445953841783275e+01	  2.9859304470653132e+02	
  1.1100000000000000e+03	 3.2534504296696880e+01	  2.5787289961700975e+02	
  1.1400000000000000e+03	 3.6886313606258604e+01	  2.3392672296030224e+02	
  1.1700000000000000e+03	 4.3866893448903554e+01	  2.0514862738167017e+02	
  1.2000000000000000e+03	 5.2037841443208009e+01	  1.7714706305000621e+02	
  1.2300000000000000e+03	 5.5995395845858312e+01	  1.5354927207960978e+02	
  1.2600000000000000e+03	 6.3085441221370047e+01	  1.2222369761074148e+02	
  1.2900000000000000e+03	 7.2353472298848658e+01	  7.3966283293857529e+01	
  1.3200000000000000e+03	 7.7498043610237843e+01	  3.8066690074018737e+01	
  1.3500000000000000e+03	 7.9901777023872327e+01	  -1.0361902767404530e+01	
  1.3800000000000000e+03	 8.4095864174077775e+01	  -4.2025716979614899e+01	
  1.4100000000000000e+03	 9.4884934349201160e+01	  -7.6031931851474425e+01	
  1.4400000000000000e+03	 1.0151325418820696e+02	  -1.1513266845051868e+02	
  1.4700000000000000e+03	 1.0094438859269613e+02	  -1.3180599163991801e+02	
  1.5000000000000000e+03	 1.1035940360586500e+02	  -1.7791643280458396e+02	
  1.5300000000000000e+03	 1.1472506646150940e+02	  -1.9788098943021123e+02	
  1.5600000000000000e+03	 1.1363345892472222e+02	  -2.0200800554553487e+02	
  1.5900000000000000e+03	 1.1424923901458220e+02	  -2.0090019655488084e+02	
  1.6200000000000000e+03	 7.5059036508871955e+01	  -1.9318336659006440e+02	
  1.6500000000000000e+03	 4.0200602736270376e+01	  -1.9239707971352408e+02	
  1.6800000000000000e+03	 1.4652233475109611e+01	  -1.9186642102518704e+02	
  1.7100000000000000e+03	 -4.8019658493671571e+00	  -1.8620579753795388e+02	
  1.7400000000000000e+03	 -5.2275139807082169e+01	  -1.8086903946580597e+02	
  1.7700000000000000e+03	 -9.0088183906267119e+01	  -1.7980457930627128e+02	
  1.8000000000000000e+03	 -1.3800894551784319e+02	  -1.7978459053570796e+02	
  1.8300000000000000e+03	 -1.5658409808346252e+02	  -1.8086700133320835e+02	
  1.8600000000000000e+03	 -1.9201757402044115e+02	  -1.7238224688369962e+02	
  1.8900000000000000e+03	 -2.1974288815564708e+02	  -1.6386428065884004e+02	
  1.9200000000000000e+03	 -2.4981770413159811e+02	  -1.6167184279947463e+02	
  1.9500000000000000e+03	 -2.9577045421164956e+02	  -1.5803553228431346e+02	
  1.9800000000000000e+03	 -3.3347071240740263e+02	  -1.5196741725733398e+02	
  2.0100000000000000e+03	 -3.5117996919311344e+02	  -1.4828329028283255e+02	
  2.0400000000000000e+03	 -3.8975338555407859e+02	  -1.4300057858854413e+02	
  2.0700000000000000e+03	 -4.3624991180682559e+02	  -1.3618943141214797e+02	
  2.1000000000000000e+03	 -4.6948400527223072e+02	  -1.3460643413678508e+02	
  2.1300000000000000e+03	 -4.9731513283145358e+02	  -1.2892938671846619e+02	
  2.1600000000000000e+03	 -5.3601328656889325e+02	  -1.2925304239489708e+02	
  2.1900000000000000e+03	 -5.1178897238745526e+02	  -1.3918764366928417e+02	
  2.2200000000000000e+03	 -4.8760776106095955e+02	  -1.5027683603789819e+02	
  2.2500000000000000e+03	 -4.4889722186419641e+02	  -1.5986928696247702e+02	
  2.2800000000000000e+03	 -4.0528527306208468e+02	  -1.7233248113397013e+02	
  2.3100000000000000e+03	 -3.8315191040781906e+02	  -1.7887920658177026e+02	
  2.3400000000000000e+03	 -3.5552831191615547e+02	  -1.9058186712079620e+02	
  2.3700000000000000e+03	 -3.4029338178713522e+02	  -2.0099445881532935e+02	
  2.4000000000000000e+03	 -3.1055024777218119e+02	  -2.1178282298717659e+02	
  2.4300000000000000e+03	 -2.7652197748679919e+02	  -2.2689469408918609e+02	
  2.4600000000000000e+03	 -2.3328302144394488e+02	  -2.4342856628789562e+02	
  2.4900000000000000e+03	 -2.0105146046868569e+02	  -2.5419412827562493e+02	
  2.5200000000000000e+03	 -1.5869553930728017e+02	  -2.7152946016228702e+02	
  2.5500000000000000e+03	 -1.1718125535940881e+02	  -2.8022531044675929e+02	
  2.5800000000000000e+03	 -9.2301315821300506e+01	  -2.8559758491178582e+02	
  2.6100000000000000e+03	 -6.4445163807453767e+01	  -2.9446439533327401e+02	
  2.6400000000000000e+03	 -1.9970111120717462e+01	  -3.1044891672955595e+02	
  2.6700000000000000e+03	 1.9794315186497919e+01	  -3.2358453664744422e+02	
  2.7000000000000000e+03	 4.2885293056945486e+01	  -3.3406012127132067e+02	
  2.7300000000000000e+03	 8.6742616790141597e+01	  -3.4397950380067283e+02	
  2.7600000000000000e+03	 1.0651604121799541e+02	  -3.5187972976589725e+02	
  2.7900000000000000e+03	 1.3261086204717591e+02	  -3.6085224257217266e+02	
  2.8200000000000000e+03	 1.6938240684344214e+02	  -3.7450603232035394e+02	
  2.8500000000000000e+03	 2.1456474123049267e+02	  -3.8835215033464686e+02	
  2.8800000000000000e+03	 2.4405959117770942e+02	  -4.0204989720720118e+02	
  2.9100000000000000e+03	 2.7987896071851623e+02	  -4.1178160422847128e+02	
  2.9400000000000000e+03	 3.1353394494708868e+02	  -4.1720361088540767e+02	
  2.9700000000000000e+03	 3.3974018357824514e+02	  -4.2831485911255254e+02	
  3.0000000000000000e+03	 3.9050326070125647e+02	  -4.4204955155887421e+02	
  3.0300000000000000e+03	 4.3849544899468231e+02	  -4.5701831980532194e+02	
  3.0600000000000000e+03	 4.8112465674687667e+02	  -4.6968429394833805e+02	
  3.0900000000000000e+03	 5.1299185258682155e+02	  -4.7738199583512255e+02	
  3.1200000000000000e+03	 5.5155687861806314e+02	  -4.8908386753563946e+02	
  3.1500000000000000e+03	 6.0192553104874412e+02	  -5.0620708972555360e+02	
  3.1800000000000000e+03	 6.2145444615887232e+02	  -5.1819222500910246e+02	
  3.2100000000000000e+03	 6.6236854434425697e+02	  -5.2806126894355816e+02	
  3.2400000000000000e+03	 7.0042352002002815e+02	  -5.4361273667346904e+02	
  3.2700000000000000e+03	 7.1258142000695989e+02	  -5.4571218228570183e+02	
  3.3000000000000000e+03	 7.1154777523979988e+02	  -5.4610114952957395e+02	
  3.3300000000000000e+03	 7.1067929031701806e+02	  -5.4613200541510582e+02	
  3.3600000000000000e+03	 7.1169713633005881e+02	  -5.4762694153757491e+02	
  3.3900000000000000e+03	 7.0972389757094254e+02	  -5.4875145336887317e+02	
  3.4200000000000000e+03	 6.9426297484343752e+02	  -5.1342801048420415e+02	
  3.4500000000000000e+03	 6.6684758854679444e+02	  -4.7317102904826265e+02	
  3.4800000000000000e+03	 6.4037625221995256e+02	  -4.3686565593183542e+02	
  3.5100000000000000e+03	 6.1583610666019592e+02	  -3.9976916388155877e+02	
  3.5400000000000000e+03	 5.9783549674257495e+02	  -3.6747486284810918e+02	
  3.5700000000000000e+03	 5.8360709254657206e+02	  -3.4436793666954503e+02	
  3.6000000000000000e+03	 5.7512066713565241e+02	  -3.2492808726864780e+02	
  3.6300000000000000e+03	 5.4652412405341227e+02	  -2.8296030963505302e+02	
  3.6600000000000000e+03	 5.3433676996994564e+02	  -2.6389815085986442e+02	
  3.6900000000000000e+03	 5.1231201164166646e+02	  -2.2759948806874593e+02	
  3.7200000000000000e+03	 4.8348012731582810e+02	  -1.8236015897443411e+02	
  3.7500000000000000e+03	 4.7291696927289826e+02	  -1.6744679186722280e+02	
  3.7800000000000000e+03	 4.5984188358372273e+02	  -1.3705383831856187e+02	
  3.8100000000000000e+03	 4.4458490178378895e+02	  -1.1582226842915294e+02	
  3.8400000000000000e+03	 4.1997023721389974e+02	  -7.7649260354429856e+01	
  3.8700000000000000e+03	 4.0506606197487145e+02	  -4.2236695681854528e+01	
  3.9000000000000000e+03	 3.8178893669825811e+02	  -3.1613903584618015e+00	
  3.9300000000000000e+03	 3.6625806890563888e+02	  2.0750196766302992e+01	
  3.9600000000000000e+03	 3.5028316794509635e+02	  4.7864667081372431e+01	
  3.9900000000000000e+03	 3.2425198444971369e+02	  8.2592560830712841e+01	
  4.0200000000000000e+03	 3.1043097384368303e+02	  1.0651917178284464e+02	
  4.0500000000000000e+03	 2.9846305449276906e+02	  1.3011057499355380e+02	
  4.0800000000000000e+03	 2.8645221445092153e+02	  1.5139953351455173e+02	
  4.1100000000000000e+03	 2.6469435417795762e+02	  1.9050666907939691e+02	
  4.1400000000000000e+03	 2.3878427350484333e+02	  2.2560029989376835e+02	
  4.1700000000000000e+03	 2.3010192308011690e+02	  2.4761568570182885e+02	
  4.2000000000000000e+03	 2.2320978863217078e+02	  2.7030623803130311e+02	
  4.2300000000000000e+03	 2.0135022461816845e+02	  3.1044895894906330e+02	
  4.2600000000000000e+03	 1.9334829271631529e+02	  3.3496688312520320e+02	
  4.2900000000000000e+03	 1.6616311716063547e+02	  3.7460589310287293e+02	
  4.3200000000000000e+03	 1.5844365306012739e+02	  3.9811189215920160e+02	
  4.3500000000000000e+03	 1.2365315753045738e+02	  3.8834042804076819e+02	
  4.3800000000000000e+03	 8.7909544122845261e+01	  3.7398775103331235e+02	
  4.4100000000000000e+03	 4.3981399703949052e+01	  3.6143133942070267e+02	
  4.4400000000000000e+03	 1.0678384961402884e+01	  3.4969857683453370e+02	
  4.4700000000000000e+03	 -3.5000115678701569e+01	  3.3430501547434147e+02	
  4.5000000000000000e+03	 -6.0126554963887983e+01	  3.2760981954467428e+02	
  4.5300000000000000e+03	 -9.8294075953636224e+01	  3.1483081855753346e+02	
  4.5600000000000000e+03	 -1.2141857648683546e+02	  3.0503333879246952e+02	
  4.5900000000000000e+03	 -7.7528637870793119e+01	  3.0410149073139377e+02	
  4.6200000000000000e+03	 -4.2217108280460863e+01	  3.0660721066027043e+02	
  4.6500000000000000e+03	 1.6728795430138135e+00	  3.0310555773954985e+02	
  4.6800000000000000e+03	 4.5953488707907191e+01	  2.9848892563734091e+02	
  4.7100000000000000e+03	 7.3131688203266705e+01	  2.9588560483190389e+02	
  4.7400000000000000e+03	 1.0711341886663202e+02	  2.9846267115779500e+02	
  4.7700000000000000e+03	 1.4044705617206554e+02	  2.9716083068620145e+02	
  4.8000000000000000e+03	 1.6942110704970693e+02	  2.9877243072299564e+02	
  4.8300000000000000e+03	 2.0435848707228203e+02	  3.0152119346221053e+02	
  4.8600000000000000e+03	 2.2671245099364080e+02	  3.0336388903648964e+02	
  4.8900000000000000e+03	 2.5774867520819225e+02	  3.0085787960064943e+02	
  4.9200000000000000e+03	 2.9744932008187880e+02	  2.9576474302377591e+02	
  4.9500000000000000e+03	 3.4016636025396951e+02	  2.9450944060895858e+02	
  4.9800000000000000e+03	 3.7587720153355235e+02	  2.9413940206646095e+02	
  5.0100000000000000e+03	 4.2099914000384013e+02	  2.8909691508899789e+02	
  5.0400000000000000e+03	 4.4903448073298159e+02	  2.9008028791628493e+02	
  5.0700000000000000e+03	 4.7302931539346753e+02	  2.8703848587838007e+02	
  5.1000000000000000e+03	 4.7431493991457160e+02	  2.8666472071527733e+02	
  5.1300000000000000e+03	 4.7461847840256706e+02	  2.8600684540789763e+02	
  5.1600000000000000e+03	 4.6876000407656289e+02	  2.5916319970995522e+02	
  5.1900000000000000e+03	 4.6086830756458164e+02	  2.2798375782797152e+02	
  5.2200000000000000e+03	 4.4974323712112709e+02	  1.9998138202753728e+02	
  5.2500000000000000e+03	 4.4270792227381946e+02	  1.7667705888594179e+02	
  5.2800000000000000e+03	 4.3659746660742070e+02	  1.5933365769713288e+02	
  5.3100000000000000e+03	 4.2503148821072722e+02	  1.2219107639579528e+02	
  5.3400000000000000e+03	 4.1210636329967792e+02	  9.3105850321615009e+01	
  5.3700000000000000e+03	 3.9712443279034920e+02	  4.8320200501955185e+01	
  5.4000000000000000e+03	 3.8899210022925939e+02	  2.4855789124819538e+01	
  5.4300000000000000e+03	 3.7909418751478523e+02	  -2.5357512584936423e+01	
  5.4600000000000000e+03	 3.6669011295105685e+02	  -6.3249385672640962e+01	
  5.4900000000000000e+03	 3.5640303876239489e+02	  -8.2610953212141908e+01	
  5.5200000000000000e+03	 3.3892437893781528e+02	  -1.2436539169367107e+02	
  5.5500000000000000e+03	 3.2628156599877684e+02	  -1.4798183255085348e+02	
  5.5800000000000000e+03	 3.1189047865029511e+02	  -1.9528926942385729e+02	
  5.6100000000000000e+03	 3.0426642770041184e+02	  -2.2323995684040165e+02	
  5.6400000000000000e+03	 2.9934975335065650e+02	  -2.4490724045150620e+02	
  5.6700000000000000e+03	 2.8302236127383316e+02	  -2.8985005931257837e+02	
  5.7000000000000000e+03	 2.6988485751126154e+02	  -3.1688997718535848e+02	
  5.7300000000000000e+03	 2.6744077586463226e+02	  -3.4114182034143244e+02	
  5.7600000000000000e+03	 2.6053092622192150e+02	  -3.8046278455044785e+02	
  5.7900000000000000e+03	 2.5056737513983151e+02	  -4.2135338625992182e+02	
  5.8200000000000000e+03	 2.4204473242234749e+02	  -4.5610039623902571e+02	
  5.8500000000000000e+03	 2.3523946837605160e+02	  -4.8988178066022851e+02	
  5.8800000000000000e+03	 2.2686342783753227e+02	  -5.1732648450545321e+02	
  5.9100000000000000e+03	 2.1905740948730570e+02	  -5.4408442814680984e+02	
  5.9400000000000000e+03	 2.0970166534993109e+02	  -5.6374468398321574e+02	
  5.9700000000000000e+03	 2.0135792545724013e+02	  -5.9074761454885913e+02	
  6.0000000000000000e+03	 1.9569048666027993e+02	  -5.9459911670973042e+02	
  6.0300000000000000e+03	 1.9472645027410107e+02	  -5.9570813277336572e+02	
  6.0600000000000000e+03	 1.7526448360390066e+02	  -5.7133625163193233e+02	
  6.0900000000000000e+03	 1.5197828483845581e+02	  -5.3698435119545036e+02	
  6.1200000000000000e+03	 1.2487903360284500e+02	  -4.9971331326175630e+02	
  6.1500000000000000e+03	 9.5288620050448472e+01	  -4.6741175569653524e+02	
  6.1800000000000000e+03	 8.4760151161880941e+01	  -4.5052095826748342e+02	
  6.2100000000000000e+03	 5.7561761287711562e+01	  -4.1733356252145717e+02	
  6.2400000000000000e+03	 3.9044221008223879e+01	  -3.9802429986308431e+02	
  6.2700000000000000e+03	 1.9024931461509087e+01	  -3.7201936603903312e+02	
  6.3000000000000000e+03	 -6.0224573102438583e-01	  -3.4613048355158224e+02	
  6.3300000000000000e+03	 -1.4322102495153112e+01	  -3.2848559100571924e+02	
  6.3600000000000000e+03	 -3.3073353222621527e+01	  -3.0576957088184616e+02	
  6.3900000000000000e+03	 -4.8838013815422428e+01	  -2.8710996939596333e+02	
  6.4200000000000000e+03	 -6.2897916004677668e+01	  -2.6844919628553640e+02	
  6.4500000000000000e+03	 -8.2400026211523908e+01	  -2.3056162159395450e+02	
  6.4800000000000000e+03	 -1.0605642776313066e+02	  -1.9228291362577517e+02	
  6.5100000000000000e+03	 -1.2773436838886215e+02	  -1.6025249974309986e+02	
  6.5400000000000000e+03	 -1.4059527392838950e+02	  -1.3273443273439088e+02	
  6.5700000000000000e+03	 -1.5866736886642101e+02	  -9.7399109995698382e+01	
  6.6000000000000000e+03	 -1.7006760161296469e+02	  -8.1509937147950083e+01	
  6.6300000000000000e+03	 -2.0190539639961744e+02	  -5.0189309638547741e+01	
  6.6600000000000000e+03	 -2.2393470555748772e+02	  -1.6561143092549258e+01	
  6.6900000000000000e+03	 -2.5315093234246186e+02	  1.6642769071048626e+01	
  6.7200000000000000e+03	 -2.7076402194398634e+02	  3.9557457734631669e+01	
  6.7500000000000000e+03	 -2.9182555451881751e+02	  7.0180871221624670e+01	
  6.7800000000000000e+03	 -3.0829435046721625e+02	  9.5638122538207199e+01	
  6.8100000000000000e+03	 -3.3238573390800286e+02	  1.2714919746291471e+02	
  6.8400000000000000e+03	 -3.5473932133636197e+02	  1.5689973879415933e+02	
  6.8700000000000000e+03	 -3.7395009687454285e+02	  1.7870724302240751e+02	
  6.9000000000000000e+03	 -3.7413734644324694e+02	  1.8047631429631625e+02	
  6.9300000000000000e+03	 -3.7247372599053068e+02	  1.8030997293005751e+02	
  6.9600000000000000e+03	 -3.7319061146653615e+02	  1.7893417318035637e+02	
  6.9900000000000000e+03	 -3.7455158388797076e+02	  1.8091690964780784e+02	
  7.0200000000000000e+03	 -3.3790209557134079e+02	  1.8793756250980812e+02	
  7.0500000000000000e+03	 -2.9568641589285471e+02	  1.8866245602570038e+02	
  7.0800000000000000e+03	 -2.5433832700378053e+02	  1.9145924236433032e+02	
  7.1100000000000000e+03	 -2.1732089065751930e+02	  1.9008934345239552e+02	
  7.1400000000000000e+03	 -1.7556166921357857e+02	  1.9848091968707249e+02	
  7.1700000000000000e+03	 -1.3841316607513301e+02	  2.0150037073774391e+02	
  7.2000000000000000e+03	 -1.0748896897271270e+02	  2.0778307280424190e+02	
  7.2300000000000000e+03	 -7.4940582313976108e+01	  2.0599072642499459e+02	
  7.2600000000000000e+03	 -2.8323929597633274e+01	  2.1267890799552882e+02	
  7.2900000000000000e+03	 -2.0012773467885054e+00	  2.1307846366025063e+02	
  7.3200000000000000e+03	 3.7117750473515621e+01	  2.1987836067354181e+02	
  7.3500000000000000e+03	 7.6347191257014856e+01	  2.2651732822753846e+02	
  7.3800000000000000e+03	 9.9676522516713106e+01	  2.2780562934496663e+02	
  7.4100000000000000e+03	 1.2867620289427759e+02	  2.2495615523957696e+02	
  7.4400000000000000e+03	 1.5100186534198102e+02	  2.2985687887422307e+02	
  7.4700000000000000e+03	 1.9578381794701343e+02	  2.3681139225170423e+02	
  7.5000000000000000e+03	 2.4494303037346717e+02	  2.4353092462176278e+02	
  7.5300000000000000e+03	 2.8271329126385797e+02	  2.5086680205498470e+02	
  7.5600000000000000e+03	 3.3211708981723405e+02	  2.5388359827297393e+02	
  7.5900000000000000e+03	 3.5819007914958968e+02	  2.5620834554477921e+02	
  7.6200000000000000e+03	 3.8729944420891439e+02	  2.5431236807562075e+02	
  7.6500000000000000e+03	 4.2575858649817752e+02	  2.5658187195959306e+02	
  7.6800000000000000e+03	 4.5242466361086650e+02	  2.6006429876401262e+02	
  7.7100000000000000e+03	 4.8118626003651531e+02	  2.6571775257833468e+02	
  7.7400000000000000e+03	 5.2327514635975490e+02	  2.6964519664961915e+02	
  7.7700000000000000e+03	 5.6216070666294786e+02	  2.7307160008219142e+02	
  7.8000000000000000e+03	 5.9757532374381560e+02	  2.7021068544753456e+02	
  7.8300000000000000e+03	 6.3217448915756506e+02	  2.7710258321320919e+02	
  7.8600000000000000e+03	 6.6394717360418247e+02	  2.7618890152608247e+02	
  7.8900000000000000e+03	 7.1301915232842202e+02	  2.7695307440642893e+02	
  7.9200000000000000e+03	 7.6275964406856713e+02	  2.7567985647907921e+02	
  7.9500000000000000e+03	 7.3058718623426580e+02	  2.3916417696413896e+02	
  7.9800000000000000e+03	 6.9717402607565384e+02	  1.9959317053379806e+02	
  8.0100000000000000e+03	 6.6509542837973811e+02	  1.6272464339480911e+02	
  8.0400000000000000e+03	 6.4661533839999561e+02	  1.4322098465439319e+02	
  8.0700000000000000e+03	 6.1658798726297880e+02	  1.1492906166741525e+02	
  8.1000000000000000e+03	 6.0124110192249077e+02	  8.9029417402957293e+01	
  8.1300000000000000e+03	 5.8534346988968468e+02	  7.3924489676965905e+01	
  8.1600000000000000e+03	 5.6784815458691321e+02	  5.8036229859257034e+01	
  8.1900000000000000e+03	 5.5711892395689938e+02	  3.8886436659654670e+01	
  8.2200000000000000e+03	 5.2800260204395431e+02	  9.5367256505089131e+00	
  8.2500000000000000e+03	 4.9842530179509180e+02	  -2.6677072005808029e+01	
  8.2800000000000000e+03	 4.6894833141658131e+02	  -6.1995905360653325e+01	
  8.3100000000000000e+03	 4.5102176814935092e+02	  -8.5674794990075412e+01	
  8.3400000000000000e+03	 4.2541225020811987e+02	  -1.1375366884956487e+02	
  8.3700000000000000e+03	 3.9227582411914653e+02	  -1.5098203579133715e+02	
  8.4000000000000000e+03	 3.7568749082661202e+02	  -1.7205928797447851e+02	
  8.4300000000000000e+03	 3.5915234418577245e+02	  -1.9010155659029488e+02	
  8.4600000000000000e+03	 3.4714944474748341e+02	  -2.1202997563779570e+02	
  8.4900000000000000e+03	 3.2204109436270960e+02	  -2.3813203655302536e+02	
  8.5200000000000000e+03	 2.8424080456837032e+02	  -2.7216225985436569e+02	
  8.5500000000000000e+03	 2.4403205950632849e+02	  -3.0085114271995667e+02	
  8.5800000000000000e+03	 2.1888496315439968e+02	  -3.1606507430308852e+02	
  8.6100000000000000e+03	 1.8235730089000765e+02	  -3.4365802449463757e+02	
  8.6400000000000000e+03	 1.5876231940962083e+02	  -3.6689716385850505e+02	
  8.6700000000000000e+03	 1.2751059158730176e+02	  -4.0032402636157082e+02	
  8.7000000000000000e+03	 9.5437541097407802e+01	  -4.1755000406403985e+02	
  8.7300000000000000e+03	 7.2073179347211266e+01	  -4.3336747854706380e+02	
  8.7600000000000000e+03	 3.8807391063987154e+01	  -4.6241212065025485e+02	
  8.7900000000000000e+03	 1.6205612220703358e+01	  -4.8429956014394071e+02	
  8.8200000000000000e+03	 -5.8372055750105005e+00	  -5.0605367900965382e+02	
  8.8500000000000000e+03	 -1.1237086226192105e+01	  -5.0798753338941134e+02	
  8.8800000000000000e+03	 -1.0969538154882786e+01	  -5.0686554447662775e+02	
  8.9100000000000000e+03	 -1.2817077772112519e+01	  -5.0625798188838922e+02	
  8.9400000000000000e+03	 -1.2117243241346515e+01	  -5.0725935267107576e+02	
  8.9700000000000000e+03	 -1.3664840607348911e+01	  -5.0817706310041768e+02	
  9.0000000000000000e+03	 -1.5262501172786660e+01	  -5.0821493425695070e+02	
  9.0300000000000000e+03	 -2.3319596528169107e+01	  -4.7036978961239231e+02	
  9.0600000000000000e+03	 -3.4489604081883861e+01	  -4.2863632708417248e+02	
  9.0900000000000000e+03	 -4.6118420398252418e+01	  -3.8551510609586967e+02	
  9.1200000000000000e+03	 -5.5298951105187008e+01	  -3.6720190900581184e+02	
  9.1500000000000000e+03	 -6.6489471871773247e+01	  -3.2980465657757645e+02	
  9.1800000000000000e+03	 -7.4494220765217364e+01	  -2.7956019807374622e+02	
  9.2100000000000000e+03	 -7.8493815369058510e+01	  -2.6029502809398173e+02	
  9.2400000000000000e+03	 -9.3331635392790247e+01	  -2.1316871406610557e+02	
  9.2700000000000000e+03	 -9.3882319368580113e+01	  -1.9257532292473624e+02	
  9.3000000000000000e+03	 -1.0236550331749278e+02	  -1.4963513198591247e+02	
  9.3300000000000000e+03	 -1.0647461174041457e+02	  -1.1936684979935180e+02	
  9.3600000000000000e+03	 -1.1599576120265766e+02	  -7.6425057742195577e+01	
  9.3900000000000000e+03	 -1.2376952590290469e+02	  -4.5541257861840649e+01	
  9.4200000000000000e+03	 -1.4202916746317106e+02	  4.0576763778394138e+00	
  9.4500000000000000e+03	 -1.5528162321100066e+02	  4.5679915454450374e+01	
  9.4800000000000000e+03	 -1.5821329854738224e+02	  6.8754666840201196e+01	
  9.5100000000000000e+03	 -1.6877056241435739e+02	  9.3652129557586989e+01	
  9.5400000000000000e+03	 -1.7993320892823422e+02	  1.1905853293341215e+02	
  9.5700000000000000e+03	 -1.8482106145586144e+02	  1.5596941232202244e+02	
  9.6000000000000000e+03	 -1.9340756253147202e+02	  2.0221524965431905e+02	
  9.6300000000000000e+03	 -2.1182692874358841e+02	  2.4680216236911011e+02	
  9.6600000000000000e+03	 -2.1666081786127225e+02	  2.7288216204821549e+02	
  9.6900000000000000e+03	 -2.2683385139108526e+02	  2.9339627077191597e+02	
  9.7200000000000000e+03	 -2.2651101966619618e+02	  2.9285932444621614e+02	
  9.7500000000000000e+03	 -2.2799806792995605e+02	  2.9453423415548087e+02	
  9.7800000000000000e+03	 -2.2786310731164622e+02	  2.9396571866332812e+02	
  9.8100000000000000e+03	 -2.2811927761157483e+02	  2.9360037619263704e+02	
  9.8400000000000000e+03	 -1.9156467321331593e+02	  3.0973784014631633e+02	
  9.8700000000000000e+03	 -1.6676697720506104e+02	  3.1862559785865125e+02	
  9.9000000000000000e+03	 -1.2090842941652794e+02	  3.3716537001315805e+02	
  9.9300000000000000e+03	 -8.6118732107720859e+01	  3.4525709139684602e+02	
  9.9600000000000000e+03	 -6.6077233311192984e+01	  3.5447135478828011e+02	
  9.9900000000000000e+03	 -4.6025281880246638e+01	  3.6635510485086689e+02	
  1.0020000000000000e+04	 -1.9487392116230094e+01	  3.7361761182970315e+02	
  1.0050000000000000e+04	 1.8810892130440639e+01	  3.8815958117039889e+02	
  1.0080000000000000e+04	 5.2697212271817548e+01	  4.0354983687045990e+02	
  1.0110000000000000e+04	 8.9371173045942982e+01	  4.1667919384368855e+02	
  1.0140000000000000e+04	 1.1745662275528827e+02	  4.2333628346222304e+02	
  1.0170000000000000e+04	 1.4665596973929894e+02	  4.3409117618274814e+02	
  1.0200000000000000e+04	 1.9073327110528967e+02	  4.4742974447713374e+02	
  1.0230000000000000e+04	 2.1156826147077052e+02	  4.5864500436399010e+02	
  1.0260000000000000e+04	 2.5920335837672388e+02	  4.7386402152682552e+02	
  1.0290000000000000e+04	 2.9961331636385029e+02	  4.9078578756077201e+02	
  1.0320000000000000e+04	 3.3101930718365327e+02	  5.0124364944236828e+02	
  1.0350000000000000e+04	 3.5220790077055369e+02	  5.1021885694416420e+02	
  1.0380000000000000e+04	 3.8378405137663651e+02	  5.2061240981914762e+02	
  1.0410000000000000e+04	 4.2369232962305233e+02	  5.3874448972661799e+02	
  1.0440000000000000e+04	 4.5170519155610782e+02	  5.4747587642558733e+02	
  1.0470000000000000e+04	 5.0039281772547395e+02	  5.6189326162737257e+02	
  1.0500000000000000e+04	 5.2964069279732735e+02	  5.7661457945744701e+02	
  1.0530000000000000e+04	 5.6487840034871704e+02	  5.9414107325850773e+02	
  1.0560000000000000e+04	 6.0029214546803485e+02	  6.0259627090668766e+02	
  1.0590000000000000e+04	 6.4133954948554310e+02	  6.2380148355169456e+02	
  1.0620000000000000e+04	 6.8027081290350191e+02	  6.3596899003162639e+02	
  1.0650000000000000e+04	 7.2875155225554795e+02	  6.5052136006746525e+02	
  1.0680000000000000e+04	 7.0866051034617965e+02	  6.2103783268775055e+02	
  1.0710000000000000e+04	 6.8669554018106987e+02	  5.8798894664936802e+02	
  1.0740000000000000e+04	 6.7042991470612048e+02	  5.7535929789282034e+02	
  1.0770000000000000e+04	 6.5180333065349930e+02	  5.5454473879271995e+02	
  1.0800000000000000e+04	 6.2583773001525901e+02	  5.1891271160601571e+02	
  1.0830000000000000e+04	 5.9758290533905847e+02	  4.8617984988553229e+02	
  1.0860000000000000e+04	 5.8016214215736761e+02	  4.6876423146977152e+02	
  1.0890000000000000e+04	 5.6279863711223527e+02	  4.4183911136678705e+02	
  1.0920000000000000e+04	 5.4173260108643410e+02	  4.1189169573698979e+02	
  1.0950000000000000e+04	 5.2395710259755617e+02	  3.9774210076975169e+02	
  1.0980000000000000e+04	 4.9784066963257396e+02	  3.6806105142494664e+02	
  1.1010000000000000e+04	 4.7201395099623841e+02	  3.3596678478729928e+02	
  1.1040000000000000e+04	 4.4719185259172758e+02	  3.0090953833221442e+02	
  1.1070000000000000e+04	 4.2588601723866236e+02	  2.7249673823611084e+02	
  1.1100000000000000e+04	 3.9514917219678750e+02	  2.2900446597307217e+02	
  1.1130000000000000e+04	 3.6471847706529223e+02	  1.9681920743290058e+02	
  1.1160000000000000e+04	 3.4563325258897186e+02	  1.6659127300207291e+02	
  1.1190000000000000e+04	 3.2747422260769389e+02	  1.4199044774852931e+02	
  1.1220000000000000e+04	 3.0751880813149103e+02	  1.1712556829265753e+02	
  1.1250000000000000e+04	 2.8401459070928672e+02	  8.8681059122463665e+01	
  1.1280000000000000e+04	 2.6205144960354528e+02	  4.8330355980319830e+01	
  1.1310000000000000e+04	 2.4677903700623781e+02	  2.9081529599529777e+01	
  1.1340000000000000e+04	 2.3170882764949027e+02	  9.9478032763881323e+00	
  1.1370000000000000e+04	 2.0985028112584411e+02	  -1.5881657580720482e+01	
  1.1400000000000000e+04	 2.5071810386184592e+02	  1.3382966743939118e+01	
  1.1430000000000000e+04	 2.8822472902318043e+02	  3.7957441288792921e+01	
  1.1460000000000000e+04	 3.1262528081509504e+02	  5.6843583183702876e+01	
  1.1490000000000000e+04	 3.4551050924329905e+02	  7.5724817199840032e+01	
  1.1520000000000000e+04	 3.7419892607152099e+02	  9.7458079140830193e+01	
  1.1550000000000000e+04	 3.9418669932865942e+02	  1.1218030611742199e+02	
  1.1580000000000000e+04	 4.2471411140296846e+02	  1.3589667603577027e+02	
  1.1610000000000000e+04	 4.6131547168677929e+02	  1.5861481736453618e+02	
  1.1640000000000000e+04	 4.9487658792734118e+02	  1.8033473428900359e+02	
  1.1670000000000000e+04	 4.8529169435348484e+02	  2.0507153812758304e+02	
  1.1700000000000000e+04	 4.7247957782297044e+02	  2.3494487762690608e+02	
  1.1730000000000000e+04	 4.6364442065299266e+02	  2.5291154693073096e+02	
  1.1760000000000000e+04	 4.5279169585762651e+02	  2.7953186642286539e+02	
  1.1790000000000000e+04	 4.4547840267461964e+02	  3.0169803022573086e+02	
  1.1820000000000000e+04	 4.2724626967597453e+02	  3.4607106596181325e+02	
  1.1850000000000000e+04	 4.1282674636354034e+02	  3.8414530257583692e+02	
  1.1880000000000000e+04	 4.0073285333912804e+02	  4.3153287499386141e+02	
  1.1910000000000000e+04	 3.9095991187775923e+02	  4.8365160829865619e+02	
  1.1940000000000000e+04	 3.8408445273860468e+02	  5.0755691633957105e+02	
  1.1970000000000000e+04	 3.6874551087545922e+02	  5.4893947221834014e+02	
  1.2000000000000000e+04	 3.5412259993623962e+02	  5.8902002611790908e+02	
  1.2030000000000000e+04	 3.4503594106479062e+02	  6.3782704930411387e+02	
  1.2060000000000000e+04	 3.2476420557389065e+02	  6.8134211637029341e+02	
  1.2090000000000000e+04	 3.1571458040516649e+02	  7.2119172473088815e+02	
  1.2120000000000000e+04	 3.0983840362276874e+02	  7.3812421276550867e+02	
  1.2150000000000000e+04	 3.1086474195738555e+02	  7.3879779010616414e+02	
  1.2180000000000000e+04	 3.1085450397363576e+02	  7.4051732611031935e+02	
  1.2210000000000000e+04	 3.1131947188263865e+02	  7.4110244721109848e+02	
  1.2240000000000000e+04	 3.1066301658154742e+02	  7.4070481886637356e+02	
  1.2270000000000000e+04	 3.1098218064226489e+02	  7.4075830972867743e+02	
  1.2300000000000000e+04	 3.1133902124285561e+02	  7.4030379620378653e+02	
  1.2330000000000000e+04	 2.8240606639670426e+02	  7.3179889789600736e+02	
  1.2360000000000000e+04	 2.6309117339558571e+02	  7.1718469799991908e+02	
  1.2390000000000000e+04	 2.3093258416827334e+02	  7.0283300276398552e+02	
  1.2420000000000000e+04	 1.9684226906064328e+02	  6.8866118204942688e+02	
  1.2450000000000000e+04	 1.7988290655440454e+02	  6.7971561224237234e+02	
  1.2480000000000000e+04	 1.3241384231561739e+02	  6.6285759510419655e+02	
  1.2510000000000000e+04	 1.0040680715748437e+02	  6.5228605665088116e+02	
  1.2540000000000000e+04	 7.4096012315493070e+01	  6.3591935487370029e+02	
  1.2570000000000000e+04	 5.1381399782601449e+01	  6.2561534761437588e+02	
  1.2600000000000000e+04	 1.4449809971017025e+01	  6.0776855332463310e+02	
  1.2630000000000000e+04	 -1.4554662578497172e+01	  5.9256903435836728e+02	
  1.2660000000000000e+04	 -5.0321812923532107e+01	  5.7334827282228332e+02	
  1.2690000000000000e+04	 -8.6244746311868496e+01	  5.5253687609477095e+02	
  1.2720000000000000e+04	 -6.5523100253752062e+01	  5.2904109788260735e+02	
  1.2750000000000000e+04	 -4.1873180477301148e+01	  5.0054297219467077e+02	
  1.2780000000000000e+04	 -1.5781637517673172e+01	  4.6226943115770894e+02	
  1.2810000000000000e+04	 -5.9938589839193561e+00	  4.4334786351539827e+02	
  1.2840000000000000e+04	 1.6341890887141300e+01	  4.1399681126274504e+02	
  1.2870000000000000e+04	 3.2077633456330780e+01	  3.9572505379444624e+02	
  1.2900000000000000e+04	 4.8511346769203882e+01	  3.7214021812447231e+02	
  1.2930000000000000e+04	 6.3856748795786274e+01	  3.5439750681544717e+02	
  1.2960000000000000e+04	 7.4608490267314622e+01	  3.3369659292480969e+02	
  1.2990000000000000e+04	 9.9441748474589744e+01	  3.0612153672600635e+02	
  1.3020000000000000e+04	 1.1684199371517805e+02	  2.8659658950989001e+02	
  1.3050000000000000e+04	 1.4475018391370338e+02	  2.4446068554099966e+02	
  1.3080000000000000e+04	 1.5718917808286380e+02	  2.1838267778914053e+02	
  1.3110000000000000e+04	 1.8438657233238291e+02	  1.8504977421778332e+02	
  1.3140000000000000e+04	 2.0668184753630550e+02	  1.5026211709393044e+02	
  1.3170000000000000e+04	 2.3942694472738469e+02	  1.0977865600047264e+02	
  1.3200000000000000e+04	 2.5266586035399953e+02	  9.3500021633439815e+01	
  1.3230000000000000e+04	 2.6395002387962165e+02	  7.0294096454694568e+01	
  1.3260000000000000e+04	 2.9027855485516648e+02	  4.0654581382264766e+01	
  1.3290000000000000e+04	 3.0431126122470602e+02	  2.1119014582745613e+01	
  1.3320000000000000e+04	 3.2018044851621551e+02	  1.2261438327214975e+00	
  1.3350000000000000e+04	 3.4486169119359351e+02	  -3.6284755934266443e+01	
  1.3380000000000000e+04	 3.6846115321975890e+02	  -6.0591421139350693e+01	
  1.3410000000000000e+04	 3.9624527728567693e+02	  -9.3287444179556047e+01	
  1.3440000000000000e+04	 4.1042335590988932e+02	  -1.1785335557636151e+02	
  1.3470000000000000e+04	 4.2941767670874668e+02	  -1.4058380042770722e+02	
  1.3500000000000000e+04	 4.4893504660970325e+02	  -1.7250685251355370e+02	
  1.3530000000000000e+04	 4.7183340629601690e+02	  -2.0243329860624544e+02	
  1.3560000000000000e+04	 4.9683907942274777e+02	  -2.4344226080252614e+02	
  1.3590000000000000e+04	 5.1547728628596292e+02	  -2.6736576906062714e+02	
  1.3620000000000000e+04	 5.2542033255718491e+02	  -2.8830321736287590e+02	
  1.3650000000000000e+04	 5.4292779032641852e+02	  -3.1111647065276651e+02	
  1.3680000000000000e+04	 5.6337005256402506e+02	  -3.4138348381006699e+02	
  1.3710000000000000e+04	 5.7666663246498229e+02	  -3.5134987190910050e+02	
  1.3740000000000000e+04	 5.9404594452124297e+02	  -3.7297208808171473e+02	
  1.3770000000000000e+04	 6.2230483811766942e+02	  -4.0204789697873878e+02	
  1.3800000000000000e+04	 6.2427565933476262e+02	  -4.0141952078440056e+02	
  1.3830000000000000e+04	 6.2600541683005815e+02	  -4.0206853508835775e+02	
  1.3860000000000000e+04	 6.2598264517901703e+02	  -4.0221988789815754e+02	
  1.3890000000000000e+04	 5.8897659630323756e+02	  -4.2743630273976663e+02	
  1.3920000000000000e+04	 5.7345112477324392e+02	  -4.3701997092457162e+02	
  1.3950000000000000e+04	 5.3985977710058933e+02	  -4.6031989726914321e+02	
  1.3980000000000000e+04	 5.0524017782150037e+02	  -4.7983224669758744e+02	
  1.4010000000000000e+04	 4.7508102612176106e+02	  -5.0678462417740161e+02	
  1.4040000000000000e+04	 4.5164816576249797e+02	  -5.3089041993561784e+02	
  1.4070000000000000e+04	 4.1243860389241405e+02	  -5.5288642403727295e+02	
  1.4100000000000000e+04	 3.8365281309427485e+02	  -5.7453760673893328e+02	
  1.4130000000000000e+04	 3.5443841684516946e+02	  -5.9499021921151041e+02	
  1.4160000000000000e+04	 3.3601764355371290e+02	  -6.0595342188597635e+02	
  1.4190000000000000e+04	 3.1070146325715052e+02	  -5.9119012830355973e+02	
  1.4220000000000000e+04	 2.7106171432537127e+02	  -5.6850308108631430e+02	
  1.4250000000000000e+04	 2.2540567276600504e+02	  -5.4445289296048179e+02	
  1.4280000000000000e+04	 2.0216428153102726e+02	  -5.3235409064407168e+02	
  1.4310000000000000e+04	 1.6128908787425200e+02	  -5.1443801597794436e+02	
  1.4340000000000000e+04	 1.3690115261136719e+02	  -5.0320273384943539e+02	
  1.4370000000000000e+04	 9.1344908425775770e+01	  -4.8051362688263237e+02	
  1.4400000000000000e+04	 6.1571103141327043e+01	  -4.6278663058605127e+02	
  1.4430000000000000e+04	 3.9888611256268725e+01	  -4.5812692848428139e+02	
  1.4460000000000000e+04	 1.8279322055396822e+01	  -4.5001995871078697e+02	
  1.4490000000000000e+04	 -7.2020997827790509e+00	  -4.4101479644974620e+02	
  1.4520000000000000e+04	 -2.5496236072346850e+01	  -4.2835305496772105e+02	
  1.4550000000000000e+04	 -5.1785163833042020e+01	  -4.1511864039696678e+02	
  1.4580000000000000e+04	 -6.7970673638183854e+01	  -4.0835230413817692e+02	
  1.4610000000000000e+04	 -9.3830011254480809e+01	  -3.9414218018752479e+02	
  1.4640000000000000e+04	 -1.2680397077630296e+02	  -3.6938093600271247e+02	
  1.4670000000000000e+04	 -1.5099629932752217e+02	  -3.5839856137476903e+02	
  1.4700000000000000e+04	 -1.7337437813919615e+02	  -3.4554050458737538e+02	
  1.4730000000000000e+04	 -2.0414580513789238e+02	  -3.3037261572300696e+02	
  1.4760000000000000e+04	 -2.3982512223503460e+02	  -3.0565212436862384e+02	
  1.4790000000000000e+04	 -2.7317207339254094e+02	  -2.8214415771015206e+02	
  1.4820000000000000e+04	 -3.0440378815931331e+02	  -2.6754740343447713e+02	
  1.4850000000000000e+04	 -3.2647190506298483e+02	  -2.5735332182936327e+02	
  1.4880000000000000e+04	 -3.5670601246897985e+02	  -2.3744896284426579e+02	
  1.4910000000000000e+04	 -3.8446589227977171e+02	  -2.2183336001159773e+02	
  1.4940000000000000e+04	 -4.1470937482768466e+02	  -2.0852238767541340e+02	
  1.4970000000000000e+04	 -4.4078584994746933e+02	  -1.9165058742917424e+02	
  1.5000000000000000e+04	 -4.7366253208466418e+02	  -1.7715775433731338e+02	
  1.5030000000000000e+04	 -5.1636631755606857e+02	  -1.5306910017818649e+02	
  1.5060000000000000e+04	 -5.4129438668016849e+02	  -1.4361438743357797e+02	
  1.5090000000000000e+04	 -5.7340373104980904e+02	  -1.2791059009919334e+02	
  1.5120000000000000e+04	 -5.8749718987699953e+02	  -1.2035416560246323e+02	
  1.5150000000000000e+04	 -5.8597410111126271e+02	  -1.2220166753508590e+02	
  1.5180000000000000e+04	 -5.8562383032210892e+02	  -1.2358776519967283e+02	
  1.5210000000000000e+04	 -5.8724879469596078e+02	  -1.2284331540826113e+02	
  1.5240000000000000e+04	 -5.8693332382818505e+02	  -1.2335327758228745e+02	
  1.5270000000000000e+04	 -5.8566131389000338e+02	  -1.2451246261459869e+02	
  1.5300000000000000e+04	 -5.8428318019921210e+02	  -1.2521143103677932e+02	
  1.5330000000000000e+04	 -5.4923848650108243e+02	  -8.7763130077051372e+01	
  1.5360000000000000e+04	 -5.2394451768938279e+02	  -6.3470756329024198e+01	
  1.5390000000000000e+04	 -5.0192880617655203e+02	  -3.5030230214786030e+01	
  1.5420000000000000e+04	 -4.7163924395700860e+02	  -5.2958288936207900e+00	
  1.5450000000000000e+04	 -4.5039352216310914e+02	  1.9954170270264274e+01	
  1.5480000000000000e+04	 -4.2799455835034342e+02	  4.2840947694297270e+01	
  1.5510000000000000e+04	 -4.0802087405909356e+02	  6.7480015385302266e+01	
  1.5540000000000000e+04	 -3.7949417119818128e+02	  1.0002834415815555e+02	
  1.5570000000000000e+04	 -3.5093377842517634e+02	  1.2802651124428587e+02	
  1.5600000000000000e+04	 -3.3546602420212417e+02	  1.4301593571822715e+02	
  1.5630000000000000e+04	 -3.0674431363735914e+02	  1.7830896381487935e+02	
  1.5660000000000000e+04	 -2.8091017936663405e+02	  2.1120060559378206e+02	
  1.5690000000000000e+04	 -2.5200288629620232e+02	  2.3823883147146859e+02	
  1.5720000000000000e+04	 -2.3745065869581802e+02	  2.5179257426103885e+02	
  1.5750000000000000e+04	 -2.1757835092548643e+02	  2.7550767528948393e+02	
  1.5780000000000000e+04	 -2.0459780761170228e+02	  2.9176106896066710e+02	
  1.5810000000000000e+04	 -1.8378961351987382e+02	  3.1076676217566046e+02	
  1.5840000000000000e+04	 -1.8312988859788302e+02	  3.1132561468620509e+02	
  1.5870000000000000e+04	 -1.8349942381007583e+02	  3.1326015190642795e+02	
  1.5900000000000000e+04	 -1.7993031174432409e+02	  2.8518965422318621e+02	
  1.5930000000000000e+04	 -1.7626731591169479e+02	  2.4889317286198335e+02	
  1.5960000000000000e+04	 -1.6800316983488349e+02	  2.0735018822790340e+02	
  1.5990000000000000e+04	 -1.6095344588367519e+02	  1.8403505826088158e+02	
  1.6020000000000000e+04	 -1.5594538211947986e+02	  1.6629724129136221e+02	
  1.6050000000000000e+04	 -1.4645891044658424e+02	  1.3744396063498567e+02	
  1.6080000000000000e+04	 -1.4448294625676746e+02	  9.3329265349174790e+01	
  1.6110000000000000e+04	 -1.3997847961264782e+02	  5.8499391677258181e+01	
  1.6140000000000000e+04	 -1.3607639828001930e+02	  1.4216968350941627e+01	
  1.6170000000000000e+04	 -1.3476966159655572e+02	  -9.9165046940841250e+00	
  1.6200000000000000e+04	 -1.2399971336642079e+02	  -4.8703212031927890e+01	
  1.6230000000000000e+04	 -1.1965075349804260e+02	  -7.7531337444208532e+01	
  1.6260000000000000e+04	 -1.1665586043833096e+02	  -9.7879800059728993e+01	
  1.6290000000000000e+04	 -1.0772662509585749e+02	  -1.4679716741756505e+02	
  1.6320000000000000e+04	 -1.0110824777027631e+02	  -1.8275827517817208e+02	
  1.6350000000000000e+04	 -9.4991804612614217e+01	  -2.1250053624168976e+02	
  1.6380000000000000e+04	 -8.5073182310679428e+01	  -2.5644036342696427e+02	
  1.6410000000000000e+04	 -8.4481783647393627e+01	  -2.7997454458429212e+02	
  1.6440000000000000e+04	 -7.2193130039066858e+01	  -3.2678604908560959e+02	
  1.6470000000000000e+04	 -7.0116194238889008e+01	  -3.5104102404628054e+02	
  1.6500000000000000e+04	 -6.6873217583078812e+01	  -3.7571155881780993e+02	
  1.6530000000000000e+04	 -6.5238820566132347e+01	  -3.9955812818472054e+02	
  1.6560000000000000e+04	 -6.4311324711518154e+01	  -4.2408279464913045e+02	
  1.6590000000000000e+04	 -6.0733598559429666e+01	  -4.4468912422336507e+02	
  1.6620000000000000e+04	 -7.7182319177530260e+01	  -4.6421561167997720e+02	
  1.6650000000000000e+04	 -9.5517875049419047e+01	  -4.7575713127668860e+02	
  1.6680000000000000e+04	 -1.0970755909933038e+02	  -4.9227733888727749e+02	
  1.6710000000000000e+04	 -1.3813479618309935e+02	  -5.2092975932062893e+02	
  1.6740000000000000e+04	 -1.6189753690331091e+02	  -5.4642039396601740e+02	
  1.6770000000000000e+04	 -1.9097009774067564e+02	  -5.7361992675605575e+02	
  1.6800000000000000e+04	 -1.9373855016235308e+02	  -5.5141630986155508e+02	
  1.6830000000000000e+04	 -1.9063184293967214e+02	  -5.2325187257342441e+02	
  1.6860000000000000e+04	 -1.8485525471387169e+02	  -4.8768008206540401e+02	
  1.6890000000000000e+04	 -1.8613546811553826e+02	  -4.5573120099091682e+02	
  1.6920000000000000e+04	 -1.7995041232925092e+02	  -4.0768132011287520e+02	
  1.6950000000000000e+04	 -1.7609144695648467e+02	  -3.5852574303002490e+02	
  1.6980000000000000e+04	 -1.7730347826618689e+02	  -3.2637650253107381e+02	
  1.7010000000000000e+04	 -1.7544825647611393e+02	  -3.0355741455001362e+02	
  1.7040000000000000e+04	 -1.7992379322387791e+02	  -2.7287440259913421e+02	
  1.7070000000000000e+04	 -1.8158988325392355e+02	  -2.7090619455285741e+02	
  1.7100000000000000e+04	 -1.8032728339442960e+02	  -2.6963970755394564e+02	
  1.7130000000000000e+04	 -1.7879108638108445e+02	  -2.6978313039225668e+02	
  1.7160000000000000e+04	 -1.6863171967857741e+02	  -2.3674764485761165e+02	
  1.7190000000000000e+04	 -1.5998847803688773e+02	  -1.9958998657848645e+02	
  1.7220000000000000e+04	 -1.4984339687150739e+02	  -1.6863615540787526e+02	
  1.7250000000000000e+04	 -1.3620663751658401e+02	  -1.3588086586166503e+02	
  1.7280000000000000e+04	 -1.2803325260625752e+02	  -1.1089292197258776e+02	
  1.7310000000000000e+04	 -1.2133581677803416e+02	  -8.5294008172739694e+01	
  1.7340000000000000e+04	 -1.0866304949236314e+02	  -6.1986221383728690e+01	
  1.7370000000000000e+04	 -9.8566311948510432e+01	  -3.8189981271098858e+01	
  1.7400000000000000e+04	 -8.7808941277039168e+01	  5.8950324877616325e+00	
  1.7430000000000000e+04	 -8.2143347297700842e+01	  3.0983758287335991e+01	
  1.7460000000000000e+04	 -7.1091507445598054e+01	  6.8407426736505016e+01	
  1.7490000000000000e+04	 -5.9857641539286995e+01	  9.3333841124137891e+01	
  1.7520000000000000e+04	 -4.3273719616992437e+01	  1.3027356709351301e+02	
  1.7550000000000000e+04	 -3.7327185237017027e+01	  1.5855206587491710e+02	
  1.7580000000000000e+04	 -3.1061230888424799e+01	  1.8066837467940695e+02	
  1.7610000000000000e+04	 -1.6651277493664395e+01	  2.1902528325907105e+02	
  1.7640000000000000e+04	 -3.2068032701198028e+00	  2.4228361763748026e+02	
  1.7670000000000000e+04	 1.4307213259976574e+01	  2.8859774951741787e+02	
  1.7700000000000000e+04	 2.7914634665037696e+01	  3.2424160746677921e+02	
  1.7730000000000000e+04	 4.1542885277622787e+01	  3.5791438428236017e+02	
  1.7760000000000000e+04	 5.4568582987776580e+01	  3.9468742655133144e+02	
  1.7790000000000000e+04	 6.4309396221719979e+01	  4.3222306187804395e+02	
  1.7820000000000000e+04	 4.2710169427422663e+01	  4.1938164339214228e+02	
  1.7850000000000000e+04	 1.1604786880937215e+01	  4.0472964137840415e+02	
  1.7880000000000000e+04	 -1.5064120689587710e+01	  3.9689891323862133e+02	
  1.7910000000000000e+04	 -4.4878504609871356e+01	  3.8471304293988470e+02	
  1.7940000000000000e+04	 -7.3270380732510247e+01	  3.7576361649728562e+02	
  1.7970000000000000e+04	 -9.9052548217993476e+01	  3.6162622324670377e+02	
  1.8000000000000000e+04	 -1.4582006854348310e+02	  3.4273192045021472e+02	
  1.8030000000000000e+04	 -1.6000701908229652e+02	  3.3434229362992426e+02	
  1.8060000000000000e+04	 -1.9163914277289771e+02	  3.1929134743008422e+02	
  1.8090000000000000e+04	 -2.1568402805145698e+02	  3.0170635327337652e+02	
  1.8120000000000000e+04	 -2.4205894094130286e+02	  2.8669678871972849e+02	
  1.8150000000000000e+04	 -2.7803191308001067e+02	  2.6834009424416888e+02	
  1.8180000000000000e+04	 -3.2158562449043689e+02	  2.4906132203868162e+02	
  1.8210000000000000e+04	 -3.4726584457089132e+02	  2.3670753818110032e+02	
  1.8240000000000000e+04	 -3.8221290446917476e+02	  2.1958960996774775e+02	
  1.8270000000000000e+04	 -4.1402382810100568e+02	  1.9656665574556078e+02	
  1.8300000000000000e+04	 -4.4617301415312818e+02	  1.7951977533763991e+02	
  1.8330000000000000e+04	 -4.3169617530645297e+02	  1.3439905769132628e+02	
  1.8360000000000000e+04	 -4.1581679599699066e+02	  9.4887079844877860e+01	
  1.8390000000000000e+04	 -3.9659311563088499e+02	  5.6863329809347171e+01	
  1.8420000000000000e+04	 -3.8915208561330479e+02	  3.7701947859375707e+01	
  1.8450000000000000e+04	 -3.7975935296553024e+02	  1.8730471375747456e+01	
  1.8480000000000000e+04	 -3.6190427749295981e+02	  -2.6882844638884002e+01	
  1.8510000000000000e+04	 -3.4642253605905546e+02	  -5.9615524810409362e+01	
  1.8540000000000000e+04	 -3.2427407158984857e+02	  -9.4613815408341708e+01	
  1.8570000000000000e+04	 -3.1100679713833131e+02	  -1.3438216413703594e+02	
  1.8600000000000000e+04	 -2.9450518884011694e+02	  -1.6057116585220911e+02	
  1.8630000000000000e+04	 -2.7998519254256087e+02	  -1.9130637582647384e+02	
  1.8660000000000000e+04	 -2.7096717499218096e+02	  -2.2204271819417949e+02	
  1.8690000000000000e+04	 -2.6383039099984097e+02	  -2.4249252301041841e+02	
  1.8720000000000000e+04	 -2.1836868792812288e+02	  -2.3717446252928656e+02	
  1.8750000000000000e+04	 -1.8484272314272630e+02	  -2.3164521223730293e+02	
  1.8780000000000000e+04	 -1.5714694704413125e+02	  -2.2631563789681678e+02	
  1.8810000000000000e+04	 -1.2990106791234649e+02	  -2.2164414048237484e+02	
  1.8840000000000000e+04	 -1.1403803856174376e+02	  -2.1939060084515665e+02	
  1.8870000000000000e+04	 -8.6520551904797017e+01	  -2.1914718417194996e+02	
  1.8900000000000000e+04	 -5.0367178422173332e+01	  -2.1184897091406944e+02	
  1.8930000000000000e+04	 -3.0005008486306668e+01	  -2.0651885421018565e+02	
  1.8960000000000000e+04	 -2.8999664404104060e+00	  -2.0802606322301847e+02	
  1.8990000000000000e+04	 4.1711418060189430e+01	  -2.0360424933654571e+02	
  1.9020000000000000e+04	 9.2103293052185165e+01	  -1.9868844390796323e+02	
  1.9050000000000000e+04	 1.3351217500053139e+02	  -1.9549974627783803e+02	
  1.9080000000000000e+04	 1.7815202606476751e+02	  -1.9261115837341828e+02	
  1.9110000000000000e+04	 2.0840635563766861e+02	  -1.9398714250852490e+02	
  1.9140000000000000e+04	 2.3346888959444382e+02	  -1.8715930366274901e+02	
  1.9170000000000000e+04	 2.7698206633731684e+02	  -1.8500672644434550e+02	
  1.9200000000000000e+04	 3.2589585194334882e+02	  -1.8443824068104556e+02	
  1.9230000000000000e+04	 3.6103132940624266e+02	  -1.7979238079330773e+02	
  1.9260000000000000e+04	 3.8362852299219742e+02	  -1.7475552891509085e+02	
  1.9290000000000000e+04	 4.2969924231126583e+02	  -1.6992978816807673e+02	
  1.9320000000000000e+04	 4.6962066718820392e+02	  -1.6476711982323511e+02	
  1.9350000000000000e+04	 5.2230083144108755e+02	  -1.6535666254257708e+02	
  1.9380000000000000e+04	 5.5271102963498458e+02	  -1.6557562955043264e+02	
  1.9410000000000000e+04	 6.0236305345891742e+02	  -1.5767954750605497e+02	
  1.9440000000000000e+04	 6.3918017310498976e+02	  -1.5100866806817905e+02	
  1.9470000000000000e+04	 6.8189056558676748e+02	  -1.4825619307803166e+02	
  1.9500000000000000e+04	 7.0821647687415600e+02	  -1.5113388936812774e+02	
  1.9530000000000000e+04	 7.4407774845757672e+02	  -1.5235361466531376e+02	
  1.9560000000000000e+04	 7.9069106519857098e+02	  -1.4600136637325267e+02	
  1.9590000000000000e+04	 8.2830658191044029e+02	  -1.4162517456230648e+02	
  1.9620000000000000e+04	 8.0549280541874282e+02	  -1.5672445200684436e+02	
  1.9650000000000000e+04	 7.8948665049922306e+02	  -1.7128191830044415e+02	
  1.9680000000000000e+04	 7.6159556210700748e+02	  -1.8932572319221509e+02	
  1.9710000000000000e+04	 7.2233541820362052e+02	  -2.1269757740087692e+02	
  1.9740000000000000e+04	 6.8926699437139052e+02	  -2.4201701315449228e+02	
  1.9770000000000000e+04	 6.5337428873806743e+02	  -2.7176735529853124e+02	
  1.9800000000000000e+04	 6.3035861848856564e+02	  -2.9238062910255337e+02	
  1.9830000000000000e+04	 6.0705420235532256e+02	  -3.1342821481454394e+02	
  1.9860000000000000e+04	 5.7945798193623011e+02	  -3.3501573107518004e+02	
