  0.0000000000000000e+00	 2.6220093355797417e+01	  4.0067519513585057e+02	
  3.0000000000000000e+01	 -2.4442579369371956e+01	  4.0846902420573298e+02	
  6.0000000000000000e+01	 -7.1764739138260154e+01	  4.2357060537416038e+02	
  9.0000000000000000e+01	 -1.1070063700447963e+02	  4.3482027454253290e+02	
  1.2000000000000000e+02	 -1.5752545829525394e+02	  4.4340421433489217e+02	
  1.5000000000000000e+02	 -1.7575203305835549e+02	  4.4446752668288133e+02	
  1.8000000000000000e+02	 -2.1357342830361503e+02	  4.5164265178873870e+02	
  2.1000000000000000e+02	 -2.4529199196792385e+02	  4.5991478000455794e+02	
  2.4000000000000000e+02	 -2.8554290089195842e+02	  4.6961704060718569e+02	
  2.7000000000000000e+02	 -2.9660849770676168e+02	  4.7427002400033422e+02	
  3.0000000000000000e+02	 -2.9680984216068003e+02	  4.7503089263559986e+02	
  3.3000000000000000e+02	 -3.3827360994113013e+02	  4.6593224675584469e+02	
  3.6000000000000000e+02	 -3.8062351818208731e+02	  4.5709286961047155e+02	
  3.9000000000000000e+02	 -4.2338795425428555e+02	  4.5491578385777933e+02	
  4.2000000000000000e+02	 -4.5754534988243103e+02	  4.5017207872407982e+02	
  4.5000000000000000e+02	 -5.0002553565180676e+02	  4.4902455988874289e+02	
  4.8000000000000000e+02	 -5.3035946929482463e+02	  4.4836679577907023e+02	
  5.1000000000000000e+02	 -5.8150370359420708e+02	  4.3773145404982944e+02	
  5.4000000000000000e+02	 -6.2620353806977755e+02	  4.2831671194482050e+02	
  5.7000000000000000e+02	 -6.4862292395318548e+02	  4.2899782966355065e+02	
  6.0000000000000000e+02	 -6.8044218333935999e+02	  4.2779857296495169e+02	
  6.3000000000000000e+02	 -7.1789056976218160e+02	  4.1852493293653379e+02	
  6.6000000000000000e+02	 -7.3912707886249075e+02	  4.1562654134731378e+02	
  6.9000000000000000e+02	 -7.1464689043688554e+02	  3.8302994486696849e+02	
  7.2000000000000000e+02	 -6.8959803504762965e+02	  3.4217547224817429e+02	
  7.5000000000000000e+02	 -6.7332688618506802e+02	  3.2810017691657288e+02	
  7.8000000000000000e+02	 -6.4614501322956232e+02	  2.9645430295340128e+02	
  8.1000000000000000e+02	 -6.2415467318158608e+02	  2.7266796374724220e+02	
  8.4000000000000000e+02	 -6.0696393666145764e+02	  2.4756148895998354e+02	
  8.7000000000000000e+02	 -5.9116343296127206e+02	  2.1581491511219326e+02	
  9.0000000000000000e+02	 -5.6965528903465486e+02	  1.9016851531377822e+02	
  9.3000000000000000e+02	 -5.4420081240415209e+02	  1.4998470831640520e+02	
  9.6000000000000000e+02	 -5.2745070874829980e+02	  1.3569122683937701e+02	
  9.9000000000000000e+02	 -5.0513951783921254e+02	  9.8824841288152001e+01	
  1.0200000000000000e+03	 -4.8030591265922345e+02	  5.8413512092187077e+01	
  1.0500000000000000e+03	 -4.6109049173358073e+02	  4.4467706227665659e+01	
  1.0800000000000000e+03	 -4.4255920985717393e+02	  2.2067135014585332e+01	
  1.1100000000000000e+03	 -4.2287735020887391e+02	  -1.4078566041327683e+01	
  1.1400000000000000e+03	 -4.0130929060488688e+02	  -4.3722062281905259e+01	
  1.1700000000000000e+03	 -3.7796092545762923e+02	  -7.8071957255644946e+01	
  1.2000000000000000e+03	 -3.5936581695972421e+02	  -1.0982044310467265e+02	
  1.2300000000000000e+03	 -3.3606018981096452e+02	  -1.4411591198108573e+02	
  1.2600000000000000e+03	 -3.2015666842861071e+02	  -1.7193033476607565e+02	
  1.2900000000000000e+03	 -3.0489668545800055e+02	  -1.9252215345803256e+02	
  1.3200000000000000e+03	 -2.8019855932985206e+02	  -2.2451106667095274e+02	
  1.3500000000000000e+03	 -2.5102243308554080e+02	  -2.6471151764687443e+02	
  1.3800000000000000e+03	 -2.2916719594186014e+02	  -2.9548371206498717e+02	
  1.4100000000000000e+03	 -2.0047832466745848e+02	  -3.2650619426794987e+02	
  1.4400000000000000e+03	 -1.6985228989794589e+02	  -3.6206290657616955e+02	
  1.4700000000000000e+03	 -1.5812621693497698e+02	  -3.7328214619796404e+02	
  1.5000000000000000e+03	 -1.3031169792704193e+02	  -4.0343670337380587e+02	
  1.5300000000000000e+03	 -1.1140107078298172e+02	  -4.1753302657920995e+02	
  1.5600000000000000e+03	 -8.9293871540238769e+01	  -4.3918341895386163e+02	
  1.5900000000000000e+03	 -6.7266802531240103e+01	  -4.6774039087959142e+02	
  1.6200000000000000e+03	 -5.4749912107465953e+01	  -4.8248977363177710e+02	
  1.6500000000000000e+03	 -5.3050143956321250e+01	  -4.8049501031054780e+02	
  1.6800000000000000e+03	 -5.4296494288522290e+01	  -4.8066188721206845e+02	
  1.7100000000000000e+03	 -5.5798951899001445e+01	  -4.8197303700124661e+02	
  1.7400000000000000e+03	 -5.7607637646060589e+01	  -4.8163297902056803e+02	
  1.7700000000000000e+03	 -5.6662634488782587e+01	  -4.8282766599576308e+02	
  1.8000000000000000e+03	 -5.8149958632652094e+01	  -4.8133644979594914e+02	
  1.8300000000000000e+03	 -3.4408439136258096e+01	  -4.5785146958840789e+02	
  1.8600000000000000e+03	 -1.6127313028985157e+01	  -4.4209992984956102e+02	
  1.8900000000000000e+03	 5.8318462646307765e+00	  -4.1911610603812335e+02	
  1.9200000000000000e+03	 1.8957346157341469e+01	  -4.0080238196352741e+02	
  1.9500000000000000e+03	 2.8593859536271331e+01	  -3.8188231365784748e+02	
  1.9800000000000000e+03	 4.0243503872988356e+01	  -3.6682090830556831e+02	
  2.0100000000000000e+03	 6.7646189153422313e+01	  -3.2701536956173828e+02	
  2.0400000000000000e+03	 9.3842079178380175e+01	  -2.9979545102040476e+02	
  2.0700000000000000e+03	 1.1350129812454958e+02	  -2.6700369175449663e+02	
  2.1000000000000000e+03	 1.3890863394592549e+02	  -2.3637207484828789e+02	
  2.1300000000000000e+03	 1.5275716763734249e+02	  -2.1385579437572511e+02	
  2.1600000000000000e+03	 1.6435782065066897e+02	  -1.9213683281191652e+02	
  2.1900000000000000e+03	 1.8318677608649756e+02	  -1.7482679201984286e+02	
  2.2200000000000000e+03	 2.0025893474341143e+02	  -1.4528108688295160e+02	
  2.2500000000000000e+03	 2.1652560933193413e+02	  -1.2103980966544950e+02	
  2.2800000000000000e+03	 2.4903440838645943e+02	  -7.7570182260040099e+01	
  2.3100000000000000e+03	 2.7897356304490108e+02	  -3.8745731348792418e+01	
  2.3400000000000000e+03	 2.9538985135535154e+02	  -1.5898463231100401e+01	
  2.3700000000000000e+03	 3.2054494682035755e+02	  1.9318196344046569e+01	
  2.4000000000000000e+03	 3.4000567427302133e+02	  4.2198327776141873e+01	
  2.4300000000000000e+03	 3.5403111849175735e+02	  6.8187865974626391e+01	
  2.4600000000000000e+03	 3.7869144297554021e+02	  9.7287594410471343e+01	
  2.4900000000000000e+03	 3.9415226652897979e+02	  1.1415131483142393e+02	
  2.5200000000000000e+03	 4.1446021273319502e+02	  1.3770106293101389e+02	
  2.5500000000000000e+03	 4.3112306904382820e+02	  1.5410535897215564e+02	
  2.5800000000000000e+03	 4.6097839912899673e+02	  1.9180411000088077e+02	
  2.6100000000000000e+03	 4.8324225572747901e+02	  2.0531041890576984e+02	
  2.6400000000000000e+03	 5.2344048457553833e+02	  2.1573924940249009e+02	
  2.6700000000000000e+03	 5.4934958061556188e+02	  2.2671876664571772e+02	
  2.7000000000000000e+03	 5.8295581930623143e+02	  2.4909835963097700e+02	
  2.7300000000000000e+03	 5.5288595113080817e+02	  2.5306081722440231e+02	
  2.7600000000000000e+03	 5.1998478113258079e+02	  2.5795471532390201e+02	
  2.7900000000000000e+03	 4.6874426703189408e+02	  2.6701617570554231e+02	
  2.8200000000000000e+03	 4.4318559604907199e+02	  2.6850470987758939e+02	
  2.8500000000000000e+03	 4.1677448138886302e+02	  2.6968408779163542e+02	
  2.8800000000000000e+03	 3.8633060697232497e+02	  2.7294910699893285e+02	
  2.9100000000000000e+03	 3.4797230743330761e+02	  2.7782183617160183e+02	
  2.9400000000000000e+03	 3.2482942619329208e+02	  2.8113000438720832e+02	
  2.9700000000000000e+03	 2.7847480808120105e+02	  2.8757036917528154e+02	
  3.0000000000000000e+03	 2.4490932568791607e+02	  2.8749939410345036e+02	
  3.0300000000000000e+03	 2.2087819280527350e+02	  2.9513575740117108e+02	
  3.0600000000000000e+03	 1.9671125104512518e+02	  2.9543064261728784e+02	
  3.0900000000000000e+03	 1.5832765783490220e+02	  3.0454607940536607e+02	
  3.1200000000000000e+03	 1.2895856124909758e+02	  3.0514408967013719e+02	
  3.1500000000000000e+03	 9.3641007400159680e+01	  3.1364538501144744e+02	
  3.1800000000000000e+03	 5.2248625480590881e+01	  3.1524433398588201e+02	
  3.2100000000000000e+03	 3.1522483165043035e+01	  3.1813800740320283e+02	
  3.2400000000000000e+03	 -3.9832141194126791e+00	  3.2536347673280841e+02	
  3.2700000000000000e+03	 -2.8832829913631230e+01	  3.2708925798511484e+02	
  3.3000000000000000e+03	 -6.6557024521835302e+01	  3.3220945088188154e+02	
  3.3300000000000000e+03	 -9.8189587582607174e+01	  3.3603232843142536e+02	
  3.3600000000000000e+03	 -1.1597759706314179e+02	  3.4150555286738830e+02	
  3.3900000000000000e+03	 -1.3773999119301530e+02	  3.4467634105016299e+02	
  3.4200000000000000e+03	 -1.6207819696162096e+02	  3.4362363697533431e+02	
  3.4500000000000000e+03	 -1.8830313668335015e+02	  3.4294430044274225e+02	
  3.4800000000000000e+03	 -1.6253759000542789e+02	  3.2421659094533055e+02	
  3.5100000000000000e+03	 -1.2672574292642615e+02	  2.9306451138875752e+02	
  3.5400000000000000e+03	 -8.5140593845397547e+01	  2.6324744494491546e+02	
  3.5700000000000000e+03	 -6.8164064249350531e+01	  2.4804805584647031e+02	
  3.6000000000000000e+03	 -3.0187778670802722e+01	  2.1844348686645884e+02	
  3.6300000000000000e+03	 -2.3451500222876760e+00	  2.0015855759680107e+02	
  3.6600000000000000e+03	 3.3544553371320305e+01	  1.7738599100393941e+02	
  3.6900000000000000e+03	 5.9175735828832693e+01	  1.6032622607845371e+02	
  3.7200000000000000e+03	 9.6857462307854377e+01	  1.3612693890721965e+02	
  3.7500000000000000e+03	 1.2087350091818759e+02	  1.2373482621428501e+02	
  3.7800000000000000e+03	 1.5927672496122636e+02	  9.6939495759020303e+01	
  3.8100000000000000e+03	 1.8716478984302191e+02	  8.3708054384173380e+01	
  3.8400000000000000e+03	 2.2338001003211428e+02	  6.1338936405515682e+01	
  3.8700000000000000e+03	 2.6391388084228691e+02	  3.1554545056356080e+01	
  3.9000000000000000e+03	 2.9326367014608081e+02	  9.3835834747557740e+00	
  3.9300000000000000e+03	 3.0756532090126808e+02	  -9.1079899219392431e+00	
  3.9600000000000000e+03	 3.3705547416145134e+02	  -3.1144100525819756e+01	
  3.9900000000000000e+03	 3.7028163773201931e+02	  -5.5968168870120294e+01	
  4.0200000000000000e+03	 3.9771673976272371e+02	  -7.4435320088514288e+01	
  4.0500000000000000e+03	 4.1875878095222697e+02	  -9.3653453118087256e+01	
  4.0800000000000000e+03	 4.2428762568041969e+02	  -9.7445301079847923e+01	
  4.1100000000000000e+03	 4.2553190345559358e+02	  -9.8299668908813985e+01	
  4.1400000000000000e+03	 4.2667739077047372e+02	  -9.6837889950895104e+01	
  4.1700000000000000e+03	 4.2479721075224592e+02	  -9.7078395428989822e+01	
  4.2000000000000000e+03	 4.2480855572548620e+02	  -9.8854054038231766e+01	
  4.2300000000000000e+03	 4.2601237302246778e+02	  -9.7637972601694827e+01	
  4.2600000000000000e+03	 4.2662623309788859e+02	  -9.7462027921583584e+01	
  4.2900000000000000e+03	 4.2538732512719810e+02	  -9.7269016070511825e+01	
  4.3200000000000000e+03	 3.9268019380049338e+02	  -9.7150742599653611e+01	
  4.3500000000000000e+03	 3.5870244266944763e+02	  -9.7594803108295224e+01	
  4.3800000000000000e+03	 3.2560039206830368e+02	  -9.7190437426897290e+01	
  4.4100000000000000e+03	 3.0171400909195103e+02	  -1.0061843395944109e+02	
  4.4400000000000000e+03	 2.6204681275585568e+02	  -9.3788681853192074e+01	
  4.4700000000000000e+03	 2.2495886753007954e+02	  -9.3127861733436461e+01	
  4.5000000000000000e+03	 1.8122583416376244e+02	  -9.4889835097899464e+01	
  4.5300000000000000e+03	 1.5713537835210911e+02	  -9.2028187282035702e+01	
  4.5600000000000000e+03	 1.2770585082720079e+02	  -9.2078924357216948e+01	
  4.5900000000000000e+03	 7.3805669830609432e+01	  -8.8136404609310404e+01	
  4.6200000000000000e+03	 4.8378732148419665e+01	  -8.7048030672998166e+01	
  4.6500000000000000e+03	 6.0576423673016322e+00	  -8.7327084447290716e+01	
  4.6800000000000000e+03	 -3.5646937767108597e+01	  -8.5301262085802975e+01	
  4.7100000000000000e+03	 -8.0661306634890636e+01	  -8.2760820478118475e+01	
  4.7400000000000000e+03	 -1.2270595856407010e+02	  -8.1031838206927645e+01	
  4.7700000000000000e+03	 -1.4218528122719141e+02	  -8.4039978695562226e+01	
  4.8000000000000000e+03	 -1.6157652119986614e+02	  -7.8368059907718404e+01	
  4.8300000000000000e+03	 -1.8341950721095759e+02	  -7.6413227733606135e+01	
  4.8600000000000000e+03	 -2.0940797083653428e+02	  -7.4493178126383512e+01	
  4.8900000000000000e+03	 -2.4890647306315964e+02	  -6.9584996515203159e+01	
  4.9200000000000000e+03	 -2.9095932881018115e+02	  -7.1535656911379306e+01	
  4.9500000000000000e+03	 -3.1572108140966998e+02	  -7.3688418962316547e+01	
  4.9800000000000000e+03	 -3.4931702972029433e+02	  -7.0325954585769836e+01	
  5.0100000000000000e+03	 -3.7992028727616804e+02	  -6.9532610429706025e+01	
  5.0400000000000000e+03	 -4.1024373060746484e+02	  -7.2703200544968865e+01	
  5.0700000000000000e+03	 -4.0799446416310366e+02	  -3.8078308419524106e+01	
  5.1000000000000000e+03	 -3.9897387615292604e+02	  7.4750607383675032e+00	
  5.1300000000000000e+03	 -3.9359581952430881e+02	  3.9870456079411952e+01	
  5.1600000000000000e+03	 -3.9026529687444128e+02	  7.8243404033309773e+01	
  5.1900000000000000e+03	 -3.8502875702216392e+02	  1.1750638283180069e+02	
  5.2200000000000000e+03	 -3.7503188285511425e+02	  1.5509646289265027e+02	
  5.2500000000000000e+03	 -3.6767457730052894e+02	  1.9815931273270067e+02	
  5.2800000000000000e+03	 -3.6346086687757258e+02	  2.4556461362829219e+02	
  5.3100000000000000e+03	 -3.6375731414580747e+02	  2.7385276023252572e+02	
  5.3400000000000000e+03	 -3.5065651940082984e+02	  3.1976068170245708e+02	
  5.3700000000000000e+03	 -3.4909547245618467e+02	  3.5424864212667478e+02	
  5.4000000000000000e+03	 -3.4051562664957737e+02	  3.8865149144856633e+02	
  5.4300000000000000e+03	 -3.2130897057500209e+02	  3.7048977142779091e+02	
  5.4600000000000000e+03	 -2.8762873473208339e+02	  3.5169683741695229e+02	
  5.4900000000000000e+03	 -2.5132226511037720e+02	  3.2695861454719761e+02	
  5.5200000000000000e+03	 -2.2495906138910726e+02	  3.0757413857427002e+02	
  5.5500000000000000e+03	 -2.0480641573537486e+02	  2.8803618389160101e+02	
  5.5800000000000000e+03	 -1.7362954788310375e+02	  2.7126764450201205e+02	
  5.6100000000000000e+03	 -1.3744068761415588e+02	  2.4574508902309307e+02	
  5.6400000000000000e+03	 -1.1200635894568865e+02	  2.2444867620334455e+02	
  5.6700000000000000e+03	 -6.9672860417564067e+01	  1.9481125041521113e+02	
  5.7000000000000000e+03	 -3.5872036815157557e+01	  1.7078492524378836e+02	
  5.7300000000000000e+03	 -9.3691875873200878e+00	  1.4810586828031362e+02	
  5.7600000000000000e+03	 1.2463734045535876e+01	  1.3006009581116993e+02	
  5.7900000000000000e+03	 3.3219653645077145e+01	  1.2227248868264583e+02	
  5.8200000000000000e+03	 5.9324983514724387e+01	  1.0295630798608046e+02	
  5.8500000000000000e+03	 8.7141039137967724e+01	  8.8482811552747677e+01	
  5.8800000000000000e+03	 1.2356359764161893e+02	  6.4437762959600576e+01	
  5.9100000000000000e+03	 1.4200501780167087e+02	  5.2768836577601235e+01	
  5.9400000000000000e+03	 1.8585546138296576e+02	  2.6855940966068083e+01	
  5.9700000000000000e+03	 2.1079649284050109e+02	  1.3606837433572894e+01	
  6.0000000000000000e+03	 2.4565489088486459e+02	  -8.7245102448346419e+00	
  6.0300000000000000e+03	 2.8350775438454826e+02	  -2.4782022941745367e+01	
  6.0600000000000000e+03	 3.2228280309222527e+02	  -5.0263775224059401e+01	
  6.0900000000000000e+03	 2.9755297575171932e+02	  -5.2610782838745941e+01	
  6.1200000000000000e+03	 2.6472351495085576e+02	  -4.5406718699718141e+01	
  6.1500000000000000e+03	 2.1733767412107841e+02	  -4.0904375638858646e+01	
  6.1800000000000000e+03	 1.7153002205351382e+02	  -4.1227731557346324e+01	
  6.2100000000000000e+03	 1.4840476269843353e+02	  -3.8650916277096158e+01	
  6.2400000000000000e+03	 1.1261444419252516e+02	  -3.6282992413979017e+01	
  6.2700000000000000e+03	 8.8209426731705491e+01	  -3.8586668391793019e+01	
  6.3000000000000000e+03	 4.9801377663694538e+01	  -3.5918701582379924e+01	
  6.3300000000000000e+03	 2.0777017815689700e+01	  -3.0095050726393684e+01	
  6.3600000000000000e+03	 -2.0665365908544420e+01	  -3.1336377456019292e+01	
  6.3900000000000000e+03	 -5.2149559539976536e+01	  -2.7281916506829901e+01	
  6.4200000000000000e+03	 -8.4959702193212223e+01	  -2.5251988612692216e+01	
  6.4500000000000000e+03	 -1.3260327993434805e+02	  -2.1254951594661271e+01	
  6.4800000000000000e+03	 -1.8219414502615061e+02	  -1.3172009971762275e+01	
  6.5100000000000000e+03	 -2.2370348343344850e+02	  -5.9693974951815978e+00	
  6.5400000000000000e+03	 -2.6059277939279468e+02	  -2.7126066364440087e+00	
  6.5700000000000000e+03	 -3.0245062933310021e+02	  5.4034253059314450e+00	
  6.6000000000000000e+03	 -3.3260934086817264e+02	  2.6165141603738742e+00	
  6.6300000000000000e+03	 -3.6353706616234530e+02	  2.3817837420101591e+00	
  6.6600000000000000e+03	 -3.3346166838980378e+02	  1.0589863265866212e+01	
  6.6900000000000000e+03	 -3.0470396208655046e+02	  1.6645688356487781e+01	
  6.7200000000000000e+03	 -2.7636878681581095e+02	  2.5338665591258895e+01	
  6.7500000000000000e+03	 -2.3058130341256719e+02	  3.8335128825200066e+01	
  6.7800000000000000e+03	 -2.0221949590777857e+02	  4.6163689280857632e+01	
  6.8100000000000000e+03	 -1.5664344509278902e+02	  6.0443127228688361e+01	
  6.8400000000000000e+03	 -1.1778241258089093e+02	  7.7456402678666379e+01	
  6.8700000000000000e+03	 -9.0460622272270996e+01	  9.0519801467703644e+01	
  6.9000000000000000e+03	 -6.1168166728954866e+01	  1.0073616379361857e+02	
  6.9300000000000000e+03	 -1.9233801268631773e+01	  1.2074786314889204e+02	
  6.9600000000000000e+03	 8.9169553930242529e+00	  1.3711639923745250e+02	
  6.9900000000000000e+03	 5.6956271453368856e+01	  1.5464343927178720e+02	
  7.0200000000000000e+03	 7.8456785572399738e+01	  1.6546809346778963e+02	
  7.0500000000000000e+03	 1.1791543090955886e+02	  1.7945019101577742e+02	
  7.0800000000000000e+03	 1.5373808748242351e+02	  1.9027462992480136e+02	
  7.1100000000000000e+03	 1.7646785575259889e+02	  2.0144411265950939e+02	
  7.1400000000000000e+03	 2.0764281164715243e+02	  2.0838462484816102e+02	
  7.1700000000000000e+03	 2.3619512064284433e+02	  2.1422501382813189e+02	
  7.2000000000000000e+03	 2.7221616598281327e+02	  2.3196880974262331e+02	
  7.2300000000000000e+03	 3.1153193676985376e+02	  2.3970106107600435e+02	
  7.2600000000000000e+03	 3.2769716266916947e+02	  2.4504767298035543e+02	
  7.2900000000000000e+03	 3.2865361999171392e+02	  2.4542027274025978e+02	
  7.3200000000000000e+03	 3.2980852850587763e+02	  1.9679650723522619e+02	
  7.3500000000000000e+03	 3.3453700232846364e+02	  1.5793784376631410e+02	
  7.3800000000000000e+03	 3.3220707300217765e+02	  1.3522850425999528e+02	
  7.4100000000000000e+03	 3.3656333165722037e+02	  8.9460361193278672e+01	
  7.4400000000000000e+03	 3.4132197969449169e+02	  5.6595660705915222e+01	
  7.4700000000000000e+03	 3.4418391967663285e+02	  2.4247414356209099e+01	
  7.5000000000000000e+03	 3.4939024678584298e+02	  -5.3334362042111216e+00	
  7.5300000000000000e+03	 3.4872273215675443e+02	  -5.4978559186021513e+01	
  7.5600000000000000e+03	 3.5130373241551456e+02	  -9.2295022337065916e+01	
  7.5900000000000000e+03	 3.5454460478897551e+02	  -1.2424648472286501e+02	
  7.6200000000000000e+03	 3.4946060878365847e+02	  -1.4967971463125556e+02	
  7.6500000000000000e+03	 3.4774641987774407e+02	  -1.7681841873834705e+02	
  7.6800000000000000e+03	 3.5049504312228521e+02	  -2.2895772783303454e+02	
  7.7100000000000000e+03	 3.4775191434187519e+02	  -2.7984580473561033e+02	
  7.7400000000000000e+03	 3.5042331776509758e+02	  -3.0980426113579563e+02	
  7.7700000000000000e+03	 3.5301190257603520e+02	  -3.3993975773766874e+02	
  7.8000000000000000e+03	 3.5096220916445571e+02	  -3.6387019571529800e+02	
  7.8300000000000000e+03	 3.5226798708926049e+02	  -4.0732451207052344e+02	
  7.8600000000000000e+03	 3.5214817779502459e+02	  -4.5305895998180154e+02	
  7.8900000000000000e+03	 3.5269264332055877e+02	  -4.0799243870052481e+02	
  7.9200000000000000e+03	 3.4873115933642043e+02	  -3.6733926936826430e+02	
  7.9500000000000000e+03	 3.4552025797503012e+02	  -3.4876992459069317e+02	
  7.9800000000000000e+03	 3.4562256187118260e+02	  -3.4755640870042907e+02	
  8.0100000000000000e+03	 3.4572425698011614e+02	  -3.4662780010794785e+02	
  8.0400000000000000e+03	 3.4467915037230256e+02	  -3.4665396018533102e+02	
  8.0700000000000000e+03	 3.4322024017556384e+02	  -3.4830896046248643e+02	
  8.1000000000000000e+03	 3.1184838382093653e+02	  -3.4810350466441724e+02	
  8.1300000000000000e+03	 2.6522423408543261e+02	  -3.5119159793170451e+02	
  8.1600000000000000e+03	 2.3871336420443168e+02	  -3.5859897995723753e+02	
  8.1900000000000000e+03	 2.1566803003147382e+02	  -3.5763107018135196e+02	
  8.2200000000000000e+03	 1.7723451206884170e+02	  -3.6163665968886363e+02	
  8.2500000000000000e+03	 1.4305607677914651e+02	  -3.6549228707229082e+02	
  8.2800000000000000e+03	 1.1747234291893028e+02	  -3.6761427991365559e+02	
  8.3100000000000000e+03	 7.5909093553423958e+01	  -3.7215866406131272e+02	
  8.3400000000000000e+03	 2.9874940321665939e+01	  -3.7754945937135273e+02	
  8.3700000000000000e+03	 9.7045409152531832e+00	  -3.7688868288759028e+02	
  8.4000000000000000e+03	 -3.5368107329202864e+01	  -3.8859796482913913e+02	
  8.4300000000000000e+03	 -5.4956313198134339e+01	  -3.9499893776303014e+02	
  8.4600000000000000e+03	 -2.8010480444090042e+01	  -3.5996860363812522e+02	
  8.4900000000000000e+03	 -7.7055428707308806e+00	  -3.3823017331966872e+02	
  8.5200000000000000e+03	 1.4231626143578513e+01	  -3.1532435048751233e+02	
  8.5500000000000000e+03	 3.0022381830178176e+01	  -3.0260644987387383e+02	
  8.5800000000000000e+03	 5.7485352617914344e+01	  -2.6932769654381832e+02	
  8.6100000000000000e+03	 8.8150261460318205e+01	  -2.2961549597784528e+02	
  8.6400000000000000e+03	 1.1831252419539328e+02	  -1.9565665158747856e+02	
  8.6700000000000000e+03	 1.4931028043286412e+02	  -1.6190281889736798e+02	
  8.7000000000000000e+03	 1.8328166220899968e+02	  -1.3263008634243548e+02	
  8.7300000000000000e+03	 2.1255675106561802e+02	  -9.6271455187748074e+01	
  8.7600000000000000e+03	 2.4164116042388648e+02	  -7.4812161597400248e+01	
  8.7900000000000000e+03	 2.7115551539904146e+02	  -3.9883177588963612e+01	
  8.8200000000000000e+03	 3.0562480915536673e+02	  -1.7988809341874514e+00	
  8.8500000000000000e+03	 3.2924488703413687e+02	  1.9132407386455423e+01	
  8.8800000000000000e+03	 3.5172417600571811e+02	  4.5386219329523030e+01	
  8.9100000000000000e+03	 3.8226002876215927e+02	  8.0491852885170772e+01	
  8.9400000000000000e+03	 3.9920436100020754e+02	  9.9580176411157382e+01	
  8.9700000000000000e+03	 4.2303203825411271e+02	  1.3429985469925359e+02	
  9.0000000000000000e+03	 4.3507951210540671e+02	  1.4167685886239684e+02	
  9.0300000000000000e+03	 4.3628640652896189e+02	  1.4126003048238542e+02	
  9.0600000000000000e+03	 4.3773701599979364e+02	  1.4029816754306566e+02	
  9.0900000000000000e+03	 4.3838757625948864e+02	  1.4051014421792101e+02	
  9.1200000000000000e+03	 4.3884720327465783e+02	  1.3927303558926820e+02	
  9.1500000000000000e+03	 4.0059134738069753e+02	  1.5912602711467810e+02	
  9.1800000000000000e+03	 3.6278663523342334e+02	  1.7789120501977288e+02	
  9.2100000000000000e+03	 3.3055131716651084e+02	  1.9938300082878325e+02	
  9.2400000000000000e+03	 2.9919440271495574e+02	  2.1606146018393781e+02	
  9.2700000000000000e+03	 2.7077284630570546e+02	  2.3291618766113001e+02	
  9.3000000000000000e+03	 2.5299746125996626e+02	  2.4582143603052199e+02	
  9.3300000000000000e+03	 2.2212694230550312e+02	  2.6014397509074257e+02	
  9.3600000000000000e+03	 1.8594759844469101e+02	  2.7303623854966713e+02	
  9.3900000000000000e+03	 1.4929571569430203e+02	  2.9360243370237174e+02	
  9.4200000000000000e+03	 1.1478198719202891e+02	  3.0757830106796808e+02	
  9.4500000000000000e+03	 7.2296802740247131e+01	  3.3157626097859128e+02	
  9.4800000000000000e+03	 5.6708500333736765e+01	  3.3803039704265069e+02	
  9.5100000000000000e+03	 3.2229163261471307e+01	  3.5001228484271871e+02	
  9.5400000000000000e+03	 1.1569075137556176e+01	  3.6374869470361585e+02	
  9.5700000000000000e+03	 -1.6685392966856320e+01	  3.7439649701435030e+02	
  9.6000000000000000e+03	 -3.4044743215062709e+01	  3.8667142581473092e+02	
  9.6300000000000000e+03	 -7.4992000292926065e+01	  4.1093486295267553e+02	
  9.6600000000000000e+03	 -1.1613809819779607e+02	  4.3184162312455885e+02	
  9.6900000000000000e+03	 -1.4751736023178566e+02	  4.4313573351825096e+02	
  9.7200000000000000e+03	 -1.6889056715092701e+02	  4.5304069425877702e+02	
  9.7500000000000000e+03	 -2.0853526826181837e+02	  4.6923452629907524e+02	
  9.7800000000000000e+03	 -2.2319771378377249e+02	  4.7240984429191519e+02	
  9.8100000000000000e+03	 -2.6876388047595344e+02	  4.9103079442969710e+02	
  9.8400000000000000e+03	 -2.8304993539529653e+02	  4.9831048076761738e+02	
  9.8700000000000000e+03	 -2.8470338637135205e+02	  4.9865881755194363e+02	
  9.9000000000000000e+03	 -2.8478381505278890e+02	  4.9821078268945809e+02	
  9.9300000000000000e+03	 -2.8284787685746244e+02	  4.9667021515184121e+02	
  9.9600000000000000e+03	 -2.6504986699936984e+02	  4.7456968318755543e+02	
  9.9900000000000000e+03	 -2.4360647419998043e+02	  4.4977869603534214e+02	
  1.0020000000000000e+04	 -2.1677521000878090e+02	  4.2381735266934675e+02	
  1.0050000000000000e+04	 -1.9202690556796455e+02	  3.9273222512405840e+02	
  1.0080000000000000e+04	 -1.6552342481056087e+02	  3.6551214816828048e+02	
  1.0110000000000000e+04	 -1.4060300810970909e+02	  3.3780872858333100e+02	
  1.0140000000000000e+04	 -1.1704774810032363e+02	  3.1380352122553882e+02	
  1.0170000000000000e+04	 -9.6822881822180975e+01	  2.9813121435702442e+02	
  1.0200000000000000e+04	 -6.5835413997012353e+01	  2.6720995055155618e+02	
  1.0230000000000000e+04	 -3.3186078291419612e+01	  2.3626227940567870e+02	
  1.0260000000000000e+04	 -1.3291239575419400e+01	  2.0959162383909160e+02	
  1.0290000000000000e+04	 3.6608504821697068e+00	  1.8934207407127002e+02	
  1.0320000000000000e+04	 2.6663542513569340e+01	  1.6668282412796287e+02	
  1.0350000000000000e+04	 5.4763231083135068e+01	  1.3799285710945995e+02	
  1.0380000000000000e+04	 6.4361839697939644e+01	  1.1911164269046698e+02	
  1.0410000000000000e+04	 9.5978407775265566e+01	  8.6131457301493953e+01	
  1.0440000000000000e+04	 1.1386938742286164e+02	  6.7791050247818788e+01	
  1.0470000000000000e+04	 1.4143996851333483e+02	  3.9425428691439841e+01	
  1.0500000000000000e+04	 1.5465858790085647e+02	  1.9100243930976053e+01	
  1.0530000000000000e+04	 1.7679656797588848e+02	  -1.3840996385667346e+00	
  1.0560000000000000e+04	 2.0659801422682261e+02	  -3.8852396437126870e+01	
  1.0590000000000000e+04	 2.3121720507323963e+02	  -6.6651711892410319e+01	
  1.0620000000000000e+04	 2.5846144838427517e+02	  -9.6621794381572045e+01	
  1.0650000000000000e+04	 2.9583945569743389e+02	  -1.3545208057791774e+02	
  1.0680000000000000e+04	 3.1122714705827059e+02	  -1.6012016144885933e+02	
  1.0710000000000000e+04	 3.2980513724959542e+02	  -1.8619455365893381e+02	
  1.0740000000000000e+04	 3.5652613515745674e+02	  -2.1607157157460313e+02	
  1.0770000000000000e+04	 3.8710805656228706e+02	  -2.4731170237970926e+02	
  1.0800000000000000e+04	 4.1909606338298244e+02	  -2.8027915306589387e+02	
  1.0830000000000000e+04	 3.8012195657690825e+02	  -2.8211074153112378e+02	
  1.0860000000000000e+04	 3.3544025528893269e+02	  -2.8915589075266541e+02	
  1.0890000000000000e+04	 2.8438982577523552e+02	  -2.9117260270388613e+02	
  1.0920000000000000e+04	 2.6359297239752277e+02	  -2.9497194478939633e+02	
  1.0950000000000000e+04	 2.3262870206772547e+02	  -2.9962747906556280e+02	
  1.0980000000000000e+04	 1.8620496723760996e+02	  -3.0639811458405836e+02	
  1.1010000000000000e+04	 1.4570149070933576e+02	  -3.1197433204374079e+02	
  1.1040000000000000e+04	 1.1591357528974021e+02	  -3.1172612407789273e+02	
  1.1070000000000000e+04	 7.0564536295809091e+01	  -3.1340558276504083e+02	
  1.1100000000000000e+04	 5.1632986089327851e+01	  -3.0975540816526609e+02	
  1.1130000000000000e+04	 1.7553150881778052e+01	  -3.0884221841348165e+02	
  1.1160000000000000e+04	 -2.0098777009469920e+01	  -3.1016352392963540e+02	
  1.1190000000000000e+04	 -5.7349712675194148e+01	  -3.1586341594506297e+02	
  1.1220000000000000e+04	 -8.5450269032318914e+01	  -3.1826710778413172e+02	
  1.1250000000000000e+04	 -1.3114350609107953e+02	  -3.1590416839512221e+02	
  1.1280000000000000e+04	 -1.7789562220541688e+02	  -3.1619772180049762e+02	
  1.1310000000000000e+04	 -1.9351497017318138e+02	  -3.2089787859462422e+02	
  1.1340000000000000e+04	 -1.9345457138248150e+02	  -3.2187466534526618e+02	
  1.1370000000000000e+04	 -1.9357383236185134e+02	  -3.2072993485129399e+02	
  1.1400000000000000e+04	 -2.1487561207300837e+02	  -2.7528600501143450e+02	
  1.1430000000000000e+04	 -2.3289120954667749e+02	  -2.3523635659943881e+02	
  1.1460000000000000e+04	 -2.5353906345246804e+02	  -1.9660994121664703e+02	
  1.1490000000000000e+04	 -2.7503510095251272e+02	  -1.5876667718585298e+02	
  1.1520000000000000e+04	 -2.9864538497075034e+02	  -1.2041436681477978e+02	
  1.1550000000000000e+04	 -3.1350008432593143e+02	  -7.7902427927833912e+01	
  1.1580000000000000e+04	 -3.2815579814396921e+02	  -4.3773476169346168e+01	
  1.1610000000000000e+04	 -3.4626099593674758e+02	  -2.5276976091861343e+00	
  1.1640000000000000e+04	 -3.5517211863046640e+02	  1.5354454213052136e+01	
  1.1670000000000000e+04	 -3.6399543504305109e+02	  3.7387221190991845e+01	
  1.1700000000000000e+04	 -3.7511332355264329e+02	  6.3068370402400937e+01	
  1.1730000000000000e+04	 -3.9049158915278741e+02	  1.0739177648418647e+02	
  1.1760000000000000e+04	 -4.0604727124932481e+02	  1.3363651433331677e+02	
  1.1790000000000000e+04	 -4.1919056523952969e+02	  1.5933617669864850e+02	
  1.1820000000000000e+04	 -4.3219019606895620e+02	  1.8494101724190631e+02	
  1.1850000000000000e+04	 -4.4982284042334317e+02	  2.3163405121049220e+02	
  1.1880000000000000e+04	 -4.6345270377558569e+02	  2.5787574525149887e+02	
  1.1910000000000000e+04	 -4.7703187164869479e+02	  2.8118081244937684e+02	
  1.1940000000000000e+04	 -4.9328534453396770e+02	  3.0297113872255159e+02	
  1.1970000000000000e+04	 -5.1603401993189561e+02	  3.4878881274438947e+02	
  1.2000000000000000e+04	 -5.2207068050208329e+02	  3.7847801784713130e+02	
  1.2030000000000000e+04	 -5.3338634412970259e+02	  4.1308599740599584e+02	
  1.2060000000000000e+04	 -4.9780295099164925e+02	  4.0609981091083478e+02	
  1.2090000000000000e+04	 -4.5924640294096861e+02	  3.9314698303391691e+02	
  1.2120000000000000e+04	 -4.2777258361305473e+02	  3.8409142822028497e+02	
  1.2150000000000000e+04	 -3.9944001644920655e+02	  3.7922750094663616e+02	
  1.2180000000000000e+04	 -3.6703351868942144e+02	  3.6834058324223736e+02	
  1.2210000000000000e+04	 -3.4006545406132500e+02	  3.5696485958850667e+02	
  1.2240000000000000e+04	 -3.1749694140816649e+02	  3.5374544969806738e+02	
  1.2270000000000000e+04	 -2.7657210813014484e+02	  3.3696771444002940e+02	
  1.2300000000000000e+04	 -2.5588732135632776e+02	  3.1925130076918828e+02	
  1.2330000000000000e+04	 -2.2407332460610621e+02	  2.9452823239359878e+02	
  1.2360000000000000e+04	 -1.9016107380119649e+02	  2.7234278681167029e+02	
  1.2390000000000000e+04	 -1.6398025655191287e+02	  2.4350706992138535e+02	
  1.2420000000000000e+04	 -1.4061566798050211e+02	  2.1858920744815890e+02	
  1.2450000000000000e+04	 -1.2634716761319282e+02	  2.0009718122761186e+02	
  1.2480000000000000e+04	 -1.0364556285781151e+02	  1.8358747346092019e+02	
  1.2510000000000000e+04	 -7.4044369504977197e+01	  1.5754110752750842e+02	
  1.2540000000000000e+04	 -4.0525820926923814e+01	  1.2864101566542143e+02	
  1.2570000000000000e+04	 -1.4202175972059962e+01	  1.0664898251747968e+02	
  1.2600000000000000e+04	 1.3010715813459854e+01	  7.7388648616475933e+01	
  1.2630000000000000e+04	 3.6944579661209630e+01	  6.3945778968399217e+01	
  1.2660000000000000e+04	 6.0873092007097426e+01	  4.7740543073027666e+01	
  1.2690000000000000e+04	 9.1835184567484632e+01	  2.1460236249540728e+01	
  1.2720000000000000e+04	 1.2583451703286036e+02	  -7.7622651842458801e+00	
  1.2750000000000000e+04	 1.4615955585550714e+02	  -2.8191210291414105e+01	
  1.2780000000000000e+04	 1.7029359491770163e+02	  -5.5031882957531110e+01	
  1.2810000000000000e+04	 1.8931232544051750e+02	  -7.1917971626455696e+01	
  1.2840000000000000e+04	 2.1847029429345383e+02	  -1.0044994028873703e+02	
  1.2870000000000000e+04	 2.5611944351181859e+02	  -1.3024712472225502e+02	
  1.2900000000000000e+04	 2.8403793755799529e+02	  -1.5702580651736338e+02	
  1.2930000000000000e+04	 3.2024915659791588e+02	  -1.8711717048276029e+02	
  1.2960000000000000e+04	 3.4659327133313042e+02	  -2.0845190701314812e+02	
  1.2990000000000000e+04	 3.8267001080790783e+02	  -2.3788242939853347e+02	
  1.3020000000000000e+04	 3.9568405642197757e+02	  -2.5415125025495479e+02	
  1.3050000000000000e+04	 4.1753514153102958e+02	  -2.7065003949977563e+02	
  1.3080000000000000e+04	 4.3982208066245812e+02	  -2.9046623733343915e+02	
  1.3110000000000000e+04	 4.6883292955755684e+02	  -3.0948543479829266e+02	
  1.3140000000000000e+04	 5.0245346819383337e+02	  -3.4078910082773905e+02	
  1.3170000000000000e+04	 5.2355959036804552e+02	  -3.5784161297447986e+02	
  1.3200000000000000e+04	 5.5500956064398326e+02	  -3.7549584958912743e+02	
  1.3230000000000000e+04	 5.7692689155822632e+02	  -3.9777863349387309e+02	
  1.3260000000000000e+04	 5.8082776400821137e+02	  -4.0283626994195401e+02	
  1.3290000000000000e+04	 5.7931592559268881e+02	  -4.0340440119588646e+02	
  1.3320000000000000e+04	 5.8057368498801986e+02	  -4.0304639152493547e+02	
  1.3350000000000000e+04	 5.8227495844381599e+02	  -4.0497206112384163e+02	
  1.3380000000000000e+04	 5.7183722592221011e+02	  -3.8515127208905068e+02	
  1.3410000000000000e+04	 5.5179173767553698e+02	  -3.4282350392830841e+02	
  1.3440000000000000e+04	 5.2545315033588452e+02	  -2.9664847789158199e+02	
  1.3470000000000000e+04	 5.0714431155770245e+02	  -2.6225246596594428e+02	
  1.3500000000000000e+04	 4.8042123684258905e+02	  -2.2049566442167523e+02	
  1.3530000000000000e+04	 4.6216300067205304e+02	  -1.9201025396249119e+02	
  1.3560000000000000e+04	 4.5330714038956927e+02	  -1.7480427774993277e+02	
  1.3590000000000000e+04	 4.4591425317024851e+02	  -1.5348175291396493e+02	
  1.3620000000000000e+04	 4.2785833615374548e+02	  -1.3167473978489065e+02	
  1.3650000000000000e+04	 4.0906721833475501e+02	  -1.1017598678139657e+02	
  1.3680000000000000e+04	 3.8736965100304144e+02	  -7.6337669689738135e+01	
  1.3710000000000000e+04	 3.6256978095911836e+02	  -4.1856278945248647e+01	
  1.3740000000000000e+04	 3.4565657940160111e+02	  -4.3494778834861734e+00	
  1.3770000000000000e+04	 3.3058706561885060e+02	  3.4734843877199040e+01	
  1.3800000000000000e+04	 3.1864445830707689e+02	  6.1085026258928302e+01	
  1.3830000000000000e+04	 3.0006424492695123e+02	  9.9299110898135268e+01	
  1.3860000000000000e+04	 2.8289741223164083e+02	  1.2146063269354346e+02	
  1.3890000000000000e+04	 2.6701742336998637e+02	  1.5853499495760434e+02	
  1.3920000000000000e+04	 2.4967113728405343e+02	  1.9693359444337443e+02	
  1.3950000000000000e+04	 2.2765996841228767e+02	  2.3476842778466980e+02	
  1.3980000000000000e+04	 2.1020640597480880e+02	  2.6720607783507432e+02	
  1.4010000000000000e+04	 2.0273016862403270e+02	  2.8676227845936808e+02	
  1.4040000000000000e+04	 1.8054868989613692e+02	  3.2610092896158727e+02	
  1.4070000000000000e+04	 1.6047574118913965e+02	  3.6570887165353906e+02	
  1.4100000000000000e+04	 1.3892569476804306e+02	  4.0371409220771193e+02	
  1.4130000000000000e+04	 1.1516667126512912e+02	  4.4672887613797172e+02	
  1.4160000000000000e+04	 9.4656113164689032e+01	  4.8112797935072058e+02	
  1.4190000000000000e+04	 7.4744893611032126e+01	  5.0451087638687875e+02	
  1.4220000000000000e+04	 5.3088411617412788e+01	  5.3848117888526042e+02	
  1.4250000000000000e+04	 3.4046197017666579e+01	  5.8462320262693561e+02	
  1.4280000000000000e+04	 2.6666015726664845e+01	  5.9185424350974449e+02	
  1.4310000000000000e+04	 2.7908583864656411e+01	  5.9107152065330013e+02	
  1.4340000000000000e+04	 2.5957642625792616e+01	  5.9232027533374628e+02	
  1.4370000000000000e+04	 2.4175624374500117e+01	  5.9425949744619538e+02	
  1.4400000000000000e+04	 2.3784602553988996e+01	  5.9517212707563237e+02	
  1.4430000000000000e+04	 2.5592609975745386e+01	  5.9673589296738248e+02	
  1.4460000000000000e+04	 2.8350895026303498e+00	  5.8552235235247417e+02	
  1.4490000000000000e+04	 -2.7469566593056381e+01	  5.8046029172930503e+02	
  1.4520000000000000e+04	 -6.7802815854735599e+01	  5.7076237258829258e+02	
  1.4550000000000000e+04	 -9.4519829058327531e+01	  5.6469867575083367e+02	
  1.4580000000000000e+04	 -1.2662999546312216e+02	  5.5414063410526660e+02	
  1.4610000000000000e+04	 -1.4611256814975735e+02	  5.4466158388293036e+02	
  1.4640000000000000e+04	 -1.8929050617112341e+02	  5.3022213093648691e+02	
  1.4670000000000000e+04	 -2.2653023890512961e+02	  5.1538468787268289e+02	
  1.4700000000000000e+04	 -2.5309797895640406e+02	  5.1184198879524786e+02	
  1.4730000000000000e+04	 -2.8998631823278214e+02	  4.9537701563461894e+02	
  1.4760000000000000e+04	 -3.1645564816811742e+02	  4.9197948005514866e+02	
  1.4790000000000000e+04	 -3.5094491495533202e+02	  4.8026758022615962e+02	
  1.4820000000000000e+04	 -3.8995369163105636e+02	  4.5989822606273214e+02	
  1.4850000000000000e+04	 -3.8428599053728391e+02	  4.1666231829883009e+02	
  1.4880000000000000e+04	 -3.7081638299841785e+02	  3.6707295970577923e+02	
  1.4910000000000000e+04	 -3.6595153229274996e+02	  3.3877048224970491e+02	
  1.4940000000000000e+04	 -3.6128999637565590e+02	  3.0504616669621333e+02	
  1.4970000000000000e+04	 -3.5789226288224017e+02	  2.8881133815939654e+02	
  1.5000000000000000e+04	 -3.5250299946546147e+02	  2.5922787342246687e+02	
  1.5030000000000000e+04	 -3.4932720947992362e+02	  2.3112720225457764e+02	
  1.5060000000000000e+04	 -3.3801194636190246e+02	  2.0962524814833117e+02	
  1.5090000000000000e+04	 -3.2669498529316115e+02	  1.5730397740344984e+02	
  1.5120000000000000e+04	 -3.1568756703257441e+02	  1.2559331384300344e+02	
  1.5150000000000000e+04	 -3.0587808267735994e+02	  7.4692326365339369e+01	
  1.5180000000000000e+04	 -2.9540168013190566e+02	  3.8668995655843283e+01	
  1.5210000000000000e+04	 -2.9248632107306059e+02	  2.2345719619767554e+01	
  1.5240000000000000e+04	 -2.8433754128758005e+02	  -3.5547155512788926e+00	
  1.5270000000000000e+04	 -2.7619546813843783e+02	  -4.2433199979839856e+01	
  1.5300000000000000e+04	 -2.7054742013900778e+02	  -8.3592423812884078e+01	
  1.5330000000000000e+04	 -2.6325572113908743e+02	  -1.0245489980308834e+02	
  1.5360000000000000e+04	 -2.5327189545782872e+02	  -1.2200676130936500e+02	
  1.5390000000000000e+04	 -2.4566222110060616e+02	  -1.5431195060084988e+02	
  1.5420000000000000e+04	 -2.2870282378472658e+02	  -1.8218007020127297e+02	
  1.5450000000000000e+04	 -2.0910552293562915e+02	  -2.2075102734318875e+02	
  1.5480000000000000e+04	 -1.8502286394873281e+02	  -2.5972051642912237e+02	
  1.5510000000000000e+04	 -1.6254884917992649e+02	  -2.9781956465675432e+02	
  1.5540000000000000e+04	 -1.4437772256350365e+02	  -3.2059198794201029e+02	
  1.5570000000000000e+04	 -1.3690919076720149e+02	  -3.4545835641167935e+02	
  1.5600000000000000e+04	 -1.2126576066647992e+02	  -3.6118513831746168e+02	
  1.5630000000000000e+04	 -1.0176195464056866e+02	  -3.9164146767441548e+02	
  1.5660000000000000e+04	 -9.0267017808857958e+01	  -4.2366002816104680e+02	
  1.5690000000000000e+04	 -1.1644761538405261e+02	  -4.3994114524481643e+02	
  1.5720000000000000e+04	 -1.4928573212278965e+02	  -4.5443224210374939e+02	
  1.5750000000000000e+04	 -1.8777711412012906e+02	  -4.7058387347603315e+02	
  1.5780000000000000e+04	 -2.1524946022044193e+02	  -4.8094572304961758e+02	
  1.5810000000000000e+04	 -2.4492701873052437e+02	  -4.9211057826468885e+02	
  1.5840000000000000e+04	 -2.6772501488376855e+02	  -4.9968107851578304e+02	
  1.5870000000000000e+04	 -2.9283478701603406e+02	  -5.0716048136867721e+02	
  1.5900000000000000e+04	 -3.2752380961056042e+02	  -5.2335841580316298e+02	
  1.5930000000000000e+04	 -3.6789712713326321e+02	  -5.3961736663408124e+02	
  1.5960000000000000e+04	 -3.9147041609134328e+02	  -5.4620206103985765e+02	
  1.5990000000000000e+04	 -4.1505843861856374e+02	  -5.5537991673488170e+02	
  1.6020000000000000e+04	 -4.5723845030098857e+02	  -5.7534464883560292e+02	
  1.6050000000000000e+04	 -4.8751867488376945e+02	  -5.8895271635771940e+02	
  1.6080000000000000e+04	 -5.2290218711553598e+02	  -6.0714897068480275e+02	
  1.6110000000000000e+04	 -5.6125436978359335e+02	  -6.2261612753139104e+02	
  1.6140000000000000e+04	 -5.9166878958304255e+02	  -6.2985751583085164e+02	
  1.6170000000000000e+04	 -6.1367364480947958e+02	  -6.3860482863368713e+02	
  1.6200000000000000e+04	 -6.1201606829663820e+02	  -6.3906821570945408e+02	
  1.6230000000000000e+04	 -6.1066267590903476e+02	  -6.3778009018594400e+02	
  1.6260000000000000e+04	 -6.1065271773190739e+02	  -6.3973811830250645e+02	
  1.6290000000000000e+04	 -6.0934772221047047e+02	  -6.4135910514320472e+02	
  1.6320000000000000e+04	 -6.1083953489365592e+02	  -6.3954563115282883e+02	
  1.6350000000000000e+04	 -6.0910607659530933e+02	  -6.4057355833602094e+02	
  1.6380000000000000e+04	 -6.0916506981251496e+02	  -6.4239907644008895e+02	
  1.6410000000000000e+04	 -6.1094644507350779e+02	  -6.4407690116679430e+02	
  1.6440000000000000e+04	 -5.8106344107042412e+02	  -6.1168900322263755e+02	
  1.6470000000000000e+04	 -5.5524373113954971e+02	  -5.8589958307906898e+02	
  1.6500000000000000e+04	 -5.3736636770490770e+02	  -5.6799844241769949e+02	
  1.6530000000000000e+04	 -5.0428759510632170e+02	  -5.3361639376145979e+02	
  1.6560000000000000e+04	 -4.7320890029245038e+02	  -4.9620382806924567e+02	
  1.6590000000000000e+04	 -4.4739121283561178e+02	  -4.7024584635381530e+02	
  1.6620000000000000e+04	 -4.2888954028705689e+02	  -4.5438626299606278e+02	
  1.6650000000000000e+04	 -4.1807455311804370e+02	  -4.3995439250744641e+02	
  1.6680000000000000e+04	 -3.8839089403185284e+02	  -4.0428824253416934e+02	
  1.6710000000000000e+04	 -3.7316575587813912e+02	  -3.8309866747200169e+02	
  1.6740000000000000e+04	 -3.4369307326243842e+02	  -3.5011296764609932e+02	
  1.6770000000000000e+04	 -3.2020541039883818e+02	  -3.2916810693357729e+02	
  1.6800000000000000e+04	 -2.9936188115877331e+02	  -2.9905908796169342e+02	
  1.6830000000000000e+04	 -2.7825338232740472e+02	  -2.8439050864128370e+02	
  1.6860000000000000e+04	 -2.5804461096926667e+02	  -2.6011318077897397e+02	
  1.6890000000000000e+04	 -2.3541012199776168e+02	  -2.3149455896296718e+02	
  1.6920000000000000e+04	 -2.1351833239709831e+02	  -2.0049025595442339e+02	
  1.6950000000000000e+04	 -1.9317316269272797e+02	  -1.7196785632085124e+02	
  1.6980000000000000e+04	 -1.7303664209446870e+02	  -1.5253033763558057e+02	
  1.7010000000000000e+04	 -1.3449240023435291e+02	  -1.2054328000835719e+02	
  1.7040000000000000e+04	 -9.6435698555617677e+01	  -9.0573206171065578e+01	
  1.7070000000000000e+04	 -7.0519419474432510e+01	  -7.1563871543707990e+01	
  1.7100000000000000e+04	 -5.6373586048952255e+01	  -4.8894608046900736e+01	
  1.7130000000000000e+04	 -3.2614583346267636e+01	  -3.2770571272978643e+01	
  1.7160000000000000e+04	 -7.4606238709001289e+00	  -1.1203803112105764e+01	
  1.7190000000000000e+04	 6.0666323346517075e+00	  5.4203958374395818e+00	
  1.7220000000000000e+04	 1.8716055911705038e+01	  2.2124151165882793e+01	
  1.7250000000000000e+04	 4.9755443765723086e+01	  5.2944565808199712e+01	
  1.7280000000000000e+04	 7.6401971087760899e+01	  8.4723056236012852e+01	
  1.7310000000000000e+04	 9.3865364721528010e+01	  1.0948518746008092e+02	
  1.7340000000000000e+04	 1.1251874819816123e+02	  1.2592844150837567e+02	
  1.7370000000000000e+04	 1.2816651886080831e+02	  1.4706478995450837e+02	
  1.7400000000000000e+04	 1.5995028651866608e+02	  1.7845426888881028e+02	
  1.7430000000000000e+04	 1.7759950116105176e+02	  1.9213692094665140e+02	
  1.7460000000000000e+04	 2.0195779911602932e+02	  2.2814004433045790e+02	
  1.7490000000000000e+04	 1.6601121524687872e+02	  2.6013574759955196e+02	
  1.7520000000000000e+04	 1.4806353216843897e+02	  2.7174248720335504e+02	
  1.7550000000000000e+04	 1.0933421336446688e+02	  3.0786849918924293e+02	
  1.7580000000000000e+04	 9.2345809320848375e+01	  3.2495742152354467e+02	
  1.7610000000000000e+04	 5.7260110102570977e+01	  3.5814980082863224e+02	
  1.7640000000000000e+04	 2.0385267365526779e+01	  3.8797255830205108e+02	
  1.7670000000000000e+04	 -9.0923108547874349e+00	  4.0948341229414808e+02	
  1.7700000000000000e+04	 -4.3804358925328366e+01	  4.3634967315276310e+02	
  1.7730000000000000e+04	 -8.5302938276938875e+01	  4.6896873177760557e+02	
  1.7760000000000000e+04	 -1.0206688505933192e+02	  4.7849013338777036e+02	
  1.7790000000000000e+04	 -1.2256190589659327e+02	  5.0067923991110206e+02	
  1.7820000000000000e+04	 -1.3978896889865112e+02	  5.1869383998637613e+02	
  1.7850000000000000e+04	 -1.7086940703812360e+02	  5.4668370033346434e+02	
  1.7880000000000000e+04	 -1.9400103406936577e+02	  5.6106727516237640e+02	
  1.7910000000000000e+04	 -2.2905607519054422e+02	  5.8804858150595533e+02	
  1.7940000000000000e+04	 -2.6007856257720431e+02	  6.1232424209286796e+02	
  1.7970000000000000e+04	 -2.9817612002504632e+02	  6.3794914736763371e+02	
  1.8000000000000000e+04	 -3.2487347248022240e+02	  6.5961359855918386e+02	
  1.8030000000000000e+04	 -3.6543168927701095e+02	  6.8663976587413481e+02	
  1.8060000000000000e+04	 -3.8783084253467376e+02	  7.0806271791049551e+02	
  1.8090000000000000e+04	 -4.0662500274477264e+02	  7.2780317834036896e+02	
  1.8120000000000000e+04	 -4.0474910165150033e+02	  7.2958727277370951e+02	
  1.8150000000000000e+04	 -4.0588709521597139e+02	  7.2775803394518243e+02	
  1.8180000000000000e+04	 -4.0689930771985979e+02	  7.2802932039830444e+02	
  1.8210000000000000e+04	 -4.0526544632040719e+02	  7.2882829694570603e+02	
  1.8240000000000000e+04	 -4.1967385605622229e+02	  6.8042610565752761e+02	
  1.8270000000000000e+04	 -4.3036886733295051e+02	  6.3184914879548705e+02	
  1.8300000000000000e+04	 -4.4016196210255202e+02	  6.1142755861340811e+02	
  1.8330000000000000e+04	 -4.4765221021790609e+02	  5.7600263868963316e+02	
  1.8360000000000000e+04	 -4.6179804243684663e+02	  5.2865595169230050e+02	
  1.8390000000000000e+04	 -4.6632493267319023e+02	  5.0255370136647838e+02	
  1.8420000000000000e+04	 -4.7512868529104287e+02	  4.8279641923524031e+02	
  1.8450000000000000e+04	 -4.8505259052856854e+02	  4.4595522179053484e+02	
  1.8480000000000000e+04	 -4.9390535195028065e+02	  4.2354929750263523e+02	
  1.8510000000000000e+04	 -5.0184867238911738e+02	  3.9459816641740832e+02	
  1.8540000000000000e+04	 -5.1426499773251805e+02	  3.6016089233797089e+02	
  1.8570000000000000e+04	 -5.2471635705896961e+02	  3.4028908486023420e+02	
  1.8600000000000000e+04	 -5.2990682886158447e+02	  3.0663110441015226e+02	
  1.8630000000000000e+04	 -5.3644227070015233e+02	  2.8549254762173274e+02	
  1.8660000000000000e+04	 -5.5222568877083495e+02	  2.3721611497679334e+02	
  1.8690000000000000e+04	 -5.6600165228431194e+02	  1.9279259507073681e+02	
  1.8720000000000000e+04	 -5.6915874949559895e+02	  1.7049999289107956e+02	
  1.8750000000000000e+04	 -5.8389438907639101e+02	  1.3100321436429081e+02	
  1.8780000000000000e+04	 -5.9477644981045944e+02	  9.9991172792995712e+01	
  1.8810000000000000e+04	 -6.1025951714496250e+02	  5.5599766243316409e+01	
  1.8840000000000000e+04	 -6.1785606659543043e+02	  1.9735934614476690e+01	
  1.8870000000000000e+04	 -6.3071576961418361e+02	  -1.3379664340372273e+01	
  1.8900000000000000e+04	 -6.4174927048285178e+02	  -6.4481712762629570e+01	
  1.8930000000000000e+04	 -6.5809921706286150e+02	  -1.1141221367902753e+02	
  1.8960000000000000e+04	 -6.6586527690856519e+02	  -1.3410079694699124e+02	
  1.8990000000000000e+04	 -6.7342827478372442e+02	  -1.6216649546693949e+02	
  1.9020000000000000e+04	 -6.8767812263569203e+02	  -2.0708748121253512e+02	
  1.9050000000000000e+04	 -7.0156875216199046e+02	  -2.5450716121233449e+02	
  1.9080000000000000e+04	 -7.0377375694770808e+02	  -2.8447183321111731e+02	
  1.9110000000000000e+04	 -7.1202748990073064e+02	  -3.0391723706199798e+02	
  1.9140000000000000e+04	 -7.1744817303112086e+02	  -3.2787502678413682e+02	
  1.9170000000000000e+04	 -7.2609352066926533e+02	  -3.5663242343442050e+02	
  1.9200000000000000e+04	 -7.2766738767225650e+02	  -3.7972985705044510e+02	
  1.9230000000000000e+04	 -7.3459340428450184e+02	  -4.2208656452970166e+02	
  1.9260000000000000e+04	 -7.4068615107777157e+02	  -4.5933136304478472e+02	
  1.9290000000000000e+04	 -7.5128266887442601e+02	  -4.8845797351352809e+02	
  1.9320000000000000e+04	 -7.6551605030758844e+02	  -5.2872883619478796e+02	
  1.9350000000000000e+04	 -7.7080385264327651e+02	  -5.5564088868813724e+02	
  1.9380000000000000e+04	 -7.7508807372094839e+02	  -5.8273928319198899e+02	
  1.9410000000000000e+04	 -7.8197381232256600e+02	  -6.2126684402600790e+02	
  1.9440000000000000e+04	 -7.9777499590822356e+02	  -6.4989357653502611e+02	
  1.9470000000000000e+04	 -7.9638435807696351e+02	  -6.6104142489754793e+02	
  1.9500000000000000e+04	 -7.9518928809605438e+02	  -6.6277725240992379e+02	
  1.9530000000000000e+04	 -7.9575698181280359e+02	  -6.6142296207227014e+02	
  1.9560000000000000e+04	 -7.9384155027546603e+02	  -6.6279876964122707e+02	
  1.9590000000000000e+04	 -7.9434152560147641e+02	  -6.6463109922295803e+02	
  1.9620000000000000e+04	 -7.6198694296861345e+02	  -6.3729262760031406e+02	
  1.9650000000000000e+04	 -7.4083511639752840e+02	  -6.2442317087803622e+02	
  1.9680000000000000e+04	 -7.0496763082346354e+02	  -5.9641158868509058e+02	
  1.9710000000000000e+04	 -6.8503441431045383e+02	  -5.7923114539615437e+02	
  1.9740000000000000e+04	 -6.4607526747869895e+02	  -5.5173096606772526e+02	
  1.9770000000000000e+04	 -6.0299769452940848e+02	  -5.2201003268265288e+02	
  1.9800000000000000e+04	 -5.8316178827165379e+02	  -5.0338255249060518e+02	
  1.9830000000000000e+04	 -5.5468766517136999e+02	  -4.8178625843003658e+02	
  1.9860000000000000e+04	 -5.2788267721925479e+02	  -4.6110695620896848e+02	
  1.9890000000000000e+04	 -5.0411893244404041e+02	  -4.4760243939633972e+02	
  1.9920000000000000e+04	 -4.8363198575711584e+02	  -4.3515639763347184e+02	
  1.9950000000000000e+04	 -4.5103894376289776e+02	  -4.1079933347309844e+02	
  1.9980000000000000e+04	 -4.1734500834533463e+02	  -3.8895034581145558e+02	
  2.0010000000000000e+04	 -4.0010102316833638e+02	  -3.7867383482807844e+02	
  2.0040000000000000e+04	 -3.7490588879931414e+02	  -3.6460186181001023e+02	
  2.0070000000000000e+04	 -3.4525562990306338e+02	  -3.4586383368163587e+02	
  2.0100000000000000e+04	 -3.0688431275164658e+02	  -3.2072903813287110e+02	
  2.0130000000000000e+04	 -2.6672958152213585e+02	  -2.9593350281428030e+02	
  2.0160000000000000e+04	 -2.3278924074332440e+02	  -2.7462241466627432e+02	
  2.0190000000000000e+04	 -2.1088409238774290e+02	  -2.6323636563075127e+02	
  2.0220000000000000e+04	 -1.8530144754751836e+02	  -2.4081895460617005e+02	
  2.0250000000000000e+04	 -1.5166446828398236e+02	  -2.1984028828704550e+02	
  2.0280000000000000e+04	 -1.3378606590691814e+02	  -2.0815881775218347e+02	
  2.0310000000000000e+04	 -1.1487038421326837e+02	  -1.9617444168781032e+02	
  2.0340000000000000e+04	 -9.2636586491346108e+01	  -1.7901728182788739e+02	
  2.0370000000000000e+04	 -5.9569857628000406e+01	  -1.6064940380144168e+02	
  2.0400000000000000e+04	 -3.8906007303339614e+01	  -1.4427750308193043e+02	
  2.0430000000000000e+04	 -2.4676030705090518e+01	  -1.2958145766390854e+02	
  2.0460000000000000e+04	 -2.9943211644913674e+00	  -1.1215387295738324e+02	
  2.0490000000000000e+04	 4.0560773332773621e+01	  -8.8873733555507201e+01	
  2.0520000000000000e+04	 7.9262031196556251e+01	  -6.6356399784943363e+01	
  2.0550000000000000e+04	 1.0715656484723274e+02	  -5.1571855696707530e+01	
  2.0580000000000000e+04	 1.2634063268252390e+02	  -3.7836287861436773e+01	
  2.0610000000000000e+04	 1.5721406750625107e+02	  -1.7906343447866668e+01	
  2.0640000000000000e+04	 1.8481282452278811e+02	  4.7106349983802538e+00	
  2.0670000000000000e+04	 2.1931535040231253e+02	  2.8473523152998151e+01	
  2.0700000000000000e+04	 2.4850142300699204e+02	  5.0566728037863314e+01	
  2.0730000000000000e+04	 2.6946901198427190e+02	  6.7860332075869522e+01	
  2.0760000000000000e+04	 3.0980871591114874e+02	  9.8170789496381474e+01	
  2.0790000000000000e+04	 3.2552076342422805e+02	  1.1079770511924741e+02	
  2.0820000000000000e+04	 3.5483055883092146e+02	  1.2915295897763423e+02	
  2.0850000000000000e+04	 3.6937902872909319e+02	  1.3840806237208443e+02	
  2.0880000000000000e+04	 3.9134057884980842e+02	  1.5289642152994091e+02	
  2.0910000000000000e+04	 3.5893796582615954e+02	  1.6866473551997868e+02	
  2.0940000000000000e+04	 3.2194455010821798e+02	  1.8449664975351317e+02	
  2.0970000000000000e+04	 2.8833758159426441e+02	  1.9607489699165865e+02	
  2.1000000000000000e+04	 2.7231485686974111e+02	  2.0899335554376410e+02	
  2.1030000000000000e+04	 2.3746641728580033e+02	  2.2876415731143274e+02	
  2.1060000000000000e+04	 2.0347852884937564e+02	  2.4469489223750645e+02	
  2.1090000000000000e+04	 1.6725556143068192e+02	  2.5788120885422092e+02	
  2.1120000000000000e+04	 1.4307487943287146e+02	  2.6396605267624193e+02	
  2.1150000000000000e+04	 1.0802589372589252e+02	  2.8111084234503409e+02	
  2.1180000000000000e+04	 8.2748165393183129e+01	  2.8949390550210285e+02	
  2.1210000000000000e+04	 3.9893581592570854e+01	  3.1125344456093740e+02	
  2.1240000000000000e+04	 7.5842877983898660e-01	  3.3724118805068207e+02	
  2.1270000000000000e+04	 -3.0738639472095528e+01	  3.5685591017281655e+02	
  2.1300000000000000e+04	 -5.4025897470128854e+01	  3.6904553719133867e+02	
  2.1330000000000000e+04	 -8.8423793570257743e+01	  3.8463024276029995e+02	
  2.1360000000000000e+04	 -1.0897225006581687e+02	  3.9602147141714869e+02	
  2.1390000000000000e+04	 -1.5206840310749317e+02	  4.1567041955737091e+02	
  2.1420000000000000e+04	 -1.7846951381550480e+02	  4.2458625246956893e+02	
  2.1450000000000000e+04	 -2.0422485303275400e+02	  4.3835194364475853e+02	
  2.1480000000000000e+04	 -2.3346768432424332e+02	  4.4612570863743395e+02	
  2.1510000000000000e+04	 -2.6833061846427807e+02	  4.5687206019771446e+02	
  2.1540000000000000e+04	 -3.1044041153919329e+02	  4.7924440128558246e+02	
  2.1570000000000000e+04	 -3.1589851132470699e+02	  4.8668317923236043e+02	
  2.1600000000000000e+04	 -3.1591275431044602e+02	  4.8802315318722833e+02	
  2.1630000000000000e+04	 -3.1410182525947613e+02	  4.8733551333395474e+02	
  2.1660000000000000e+04	 -3.1300186112958289e+02	  4.8883694064036939e+02	
  2.1690000000000000e+04	 -3.1136322653571608e+02	  4.8797923590077090e+02	
  2.1720000000000000e+04	 -3.0955239424470176e+02	  4.8878880882055319e+02	
  2.1750000000000000e+04	 -3.1137999951158940e+02	  4.8688255998563932e+02	
  2.1780000000000000e+04	 -3.1087615129007747e+02	  4.8844529650286921e+02	
  2.1810000000000000e+04	 -2.6858582890132573e+02	  4.7908970137487955e+02	
  2.1840000000000000e+04	 -2.4162914486913218e+02	  4.7274536716861820e+02	
  2.1870000000000000e+04	 -1.9664609052249625e+02	  4.6122888017159551e+02	
  2.1900000000000000e+04	 -1.5858983948314770e+02	  4.5689562236538819e+02	
  2.1930000000000000e+04	 -1.2591734765480447e+02	  4.5527581800379346e+02	
  2.1960000000000000e+04	 -8.5260894230380075e+01	  4.5099601735810978e+02	
  2.1990000000000000e+04	 -3.7651174654124844e+01	  4.3874334080568622e+02	
  2.2020000000000000e+04	 3.2416926957158694e+00	  4.3543562904119335e+02	
  2.2050000000000000e+04	 3.7353715105862406e+01	  4.2693331084076664e+02	
  2.2080000000000000e+04	 8.0296065460649885e+01	  4.1881160977496603e+02	
  2.2110000000000000e+04	 1.2511746817294701e+02	  4.1131601394091570e+02	
  2.2140000000000000e+04	 1.5505970638665349e+02	  4.0514403212159067e+02	
  2.2170000000000000e+04	 1.9843147560734161e+02	  4.0114241594266946e+02	
  2.2200000000000000e+04	 2.3600507845169426e+02	  3.9849652228130793e+02	
  2.2230000000000000e+04	 2.5790284241403219e+02	  3.9461042175819335e+02	
  2.2260000000000000e+04	 3.0142398378969017e+02	  3.8602870910403266e+02	
  2.2290000000000000e+04	 3.3694865180842919e+02	  3.7989746396495042e+02	
  2.2320000000000000e+04	 3.7411380484368158e+02	  3.7422320159357179e+02	
  2.2350000000000000e+04	 3.9531466484667055e+02	  3.6533429530681605e+02	
  2.2380000000000000e+04	 4.1838233001841752e+02	  3.6063042631519176e+02	
  2.2410000000000000e+04	 4.6148019704957898e+02	  3.5311997725750325e+02	
  2.2440000000000000e+04	 5.0137289190808633e+02	  3.4292975402332161e+02	
  2.2470000000000000e+04	 5.2718335017148445e+02	  3.3943110377429156e+02	
  2.2500000000000000e+04	 5.7027524602132723e+02	  3.2721278602235827e+02	
  2.2530000000000000e+04	 6.0381307777770473e+02	  3.1956587918061604e+02	
  2.2560000000000000e+04	 6.4520252807607392e+02	  3.1613978229331383e+02	
  2.2590000000000000e+04	 6.6576819653629548e+02	  3.0943677597968804e+02	
  2.2620000000000000e+04	 6.9309481693307191e+02	  3.0428554810450390e+02	
  2.2650000000000000e+04	 7.2759190291732136e+02	  2.9530618590176152e+02	
  2.2680000000000000e+04	 7.6656599336875888e+02	  2.9374530067298377e+02	
  2.2710000000000000e+04	 8.1533387924019996e+02	  2.8728505129084982e+02	
  2.2740000000000000e+04	 8.5130315571519827e+02	  2.7882028858344688e+02	
  2.2770000000000000e+04	 8.5142765436483285e+02	  2.8068933388445328e+02	
  2.2800000000000000e+04	 8.5177784533014733e+02	  2.8194882653190848e+02	
  2.2830000000000000e+04	 8.4996618366874770e+02	  2.8211908755678604e+02	
  2.2860000000000000e+04	 8.4830392220239378e+02	  2.8042369265826477e+02	
  2.2890000000000000e+04	 8.4908273391189357e+02	  2.8153247849267268e+02	
  2.2920000000000000e+04	 8.3791519178996589e+02	  2.5424430186641752e+02	
  2.2950000000000000e+04	 8.3151203464394530e+02	  2.3110122175853942e+02	
  2.2980000000000000e+04	 8.2140113952656270e+02	  1.8204230974232769e+02	
  2.3010000000000000e+04	 8.0779805659434282e+02	  1.4567919240819253e+02	
  2.3040000000000000e+04	 7.9644584942392544e+02	  1.1254303783496806e+02	
  2.3070000000000000e+04	 7.7961642609625903e+02	  7.9419005254316914e+01	
  2.3100000000000000e+04	 7.6887904188174400e+02	  3.5793715811992854e+01	
  2.3130000000000000e+04	 7.5895119927594203e+02	  -2.3186305703552677e+00	
  2.3160000000000000e+04	 7.5438886785783677e+02	  -2.1537376747177241e+01	
  2.3190000000000000e+04	 7.4127289167110416e+02	  -6.4832657928651955e+01	
  2.3220000000000000e+04	 7.3037126665288201e+02	  -1.0454135281846010e+02	
  2.3250000000000000e+04	 7.2114069899125150e+02	  -1.2445701080258135e+02	
  2.3280000000000000e+04	 7.0644903404390277e+02	  -1.6686075842870810e+02	
  2.3310000000000000e+04	 6.9640199717736493e+02	  -1.9563789365951101e+02	
  2.3340000000000000e+04	 6.8134116752523994e+02	  -2.3344981783168777e+02	
  2.3370000000000000e+04	 6.6542539829941177e+02	  -2.6948641020122898e+02	
  2.3400000000000000e+04	 6.5039302588566056e+02	  -3.1362294744743087e+02	
  2.3430000000000000e+04	 6.3921442339747239e+02	  -3.4114027533897752e+02	
  2.3460000000000000e+04	 6.3020806638527222e+02	  -3.7595379863212310e+02	
  2.3490000000000000e+04	 6.2308844069814563e+02	  -3.9898775451509226e+02	
  2.3520000000000000e+04	 6.2541029401861078e+02	  -4.2482910535800698e+02	
  2.3550000000000000e+04	 6.2495008228077415e+02	  -4.2389912524301116e+02	
  2.3580000000000000e+04	 5.8791696468286591e+02	  -4.1232669721639894e+02	
  2.3610000000000000e+04	 5.6638793734754108e+02	  -4.0680383846314976e+02	
  2.3640000000000000e+04	 5.3067044232599051e+02	  -3.9606771891885478e+02	
  2.3670000000000000e+04	 4.8326904869655840e+02	  -3.7030738337924822e+02	
  2.3700000000000000e+04	 4.5426746837001741e+02	  -3.5489819191851075e+02	
  2.3730000000000000e+04	 4.1021798273002628e+02	  -3.3075785245014708e+02	
  2.3760000000000000e+04	 3.9534258509790266e+02	  -3.1739480414352329e+02	
  2.3790000000000000e+04	 3.6496925671507984e+02	  -3.0815742881343203e+02	
  2.3820000000000000e+04	 3.2762947782879644e+02	  -2.9043421166171379e+02	
  2.3850000000000000e+04	 2.8688205831330913e+02	  -2.7322971151736255e+02	
  2.3880000000000000e+04	 2.4384534610300935e+02	  -2.5715057384689902e+02	
  2.3910000000000000e+04	 2.0220240136820817e+02	  -2.3347747032572886e+02	
  2.3940000000000000e+04	 1.6175940537183973e+02	  -2.0970848436389707e+02	
  2.3970000000000000e+04	 1.4446505244101101e+02	  -2.0275512254263160e+02	
  2.4000000000000000e+04	 1.1005391564809833e+02	  -1.8231309590570231e+02	
  2.4030000000000000e+04	 7.0365912901636264e+01	  -1.6415047315409007e+02	
  2.4060000000000000e+04	 4.5087919083124717e+01	  -1.5218780320516106e+02	
  2.4090000000000000e+04	 6.7562295399340897e+00	  -1.3610273985306864e+02	
  2.4120000000000000e+04	 -2.7649893989067266e+01	  -1.1794790489338754e+02	
  2.4150000000000000e+04	 -4.6479978586166041e+01	  -1.1158246111697710e+02	
  2.4180000000000000e+04	 -9.1966186863650677e+01	  -9.5961061032141146e+01	
  2.4210000000000000e+04	 -1.1374872435759544e+02	  -9.1094660006773495e+01	
  2.4240000000000000e+04	 -1.5936256913919073e+02	  -7.3238305906164754e+01	
  2.4270000000000000e+04	 -1.8658498046039153e+02	  -6.3549225751117575e+01	
  2.4300000000000000e+04	 -2.1335214335166833e+02	  -5.1449373250879781e+01	
  2.4330000000000000e+04	 -2.4854228695061869e+02	  -3.8876350777570295e+01	
  2.4360000000000000e+04	 -2.7281273639345227e+02	  -2.9502068643169508e+01	
  2.4390000000000000e+04	 -3.1921296397588367e+02	  -9.2559122201051380e+00	
  2.4420000000000000e+04	 -3.4735572736678267e+02	  2.5873906835671008e+00	
  2.4450000000000000e+04	 -3.6737202478465025e+02	  1.2532412475001323e+01	
  2.4480000000000000e+04	 -3.8822085702834505e+02	  2.9263936201041261e+01	
  2.4510000000000000e+04	 -4.2708838307272595e+02	  4.8410342789397617e+01	
  2.4540000000000000e+04	 -4.5634154230825510e+02	  6.5843419149953988e+01	
  2.4570000000000000e+04	 -4.9746780541208966e+02	  7.9655736607059382e+01	
  2.4600000000000000e+04	 -5.3692319325148060e+02	  1.0393741392309576e+02	
  2.4630000000000000e+04	 -5.4008779442568266e+02	  1.0505358674858996e+02	
  2.4660000000000000e+04	 -5.3898096594760545e+02	  1.0549500763169209e+02	
  2.4690000000000000e+04	 -5.4023091878551975e+02	  1.0367529897123345e+02	
  2.4720000000000000e+04	 -5.1213000096525809e+02	  9.6440711978011848e+01	
  2.4750000000000000e+04	 -4.7904328080074418e+02	  7.7648332172942446e+01	
  2.4780000000000000e+04	 -4.3995324165282716e+02	  6.0261614604138266e+01	
  2.4810000000000000e+04	 -4.2195046918605675e+02	  4.7555069193991585e+01	
  2.4840000000000000e+04	 -3.7800251243752564e+02	  2.6675677172164367e+01	
  2.4870000000000000e+04	 -3.3700616166210750e+02	  1.0279824303668150e+01	
  2.4900000000000000e+04	 -2.9465420028064233e+02	  -8.3303468066602946e+00	
  2.4930000000000000e+04	 -2.6263220585044616e+02	  -1.9209083077978455e+01	
  2.4960000000000000e+04	 -2.4274283041199797e+02	  -2.3554857006819926e+01	
  2.4990000000000000e+04	 -2.1994504695463087e+02	  -3.6150148940801913e+01	
  2.5020000000000000e+04	 -1.7942682597341400e+02	  -5.4215444067963048e+01	
  2.5050000000000000e+04	 -1.5960707941513886e+02	  -6.4610718848413626e+01	
  2.5080000000000000e+04	 -1.3048713211575784e+02	  -8.2773195243019828e+01	
  2.5110000000000000e+04	 -1.0657754838019153e+02	  -9.5480008485369609e+01	
  2.5140000000000000e+04	 -7.7148889370472290e+01	  -1.0145403075771191e+02	
  2.5170000000000000e+04	 -4.8497822246152197e+01	  -1.1188600601427564e+02	
  2.5200000000000000e+04	 -2.5440477361433508e+01	  -1.2540584247221352e+02	
  2.5230000000000000e+04	 1.9423962821089923e+01	  -1.4564233377856766e+02	
  2.5260000000000000e+04	 4.0309610805499865e+01	  -1.5621985788284914e+02	
  2.5290000000000000e+04	 6.8663392329205820e+01	  -1.6855665141488373e+02	
  2.5320000000000000e+04	 9.3122931658308559e+01	  -1.7896962395426632e+02	
  2.5350000000000000e+04	 1.2467648991504251e+02	  -1.8924272574968052e+02	
  2.5380000000000000e+04	 1.6709182420731153e+02	  -2.0810606198600283e+02	
  2.5410000000000000e+04	 2.0604795538984408e+02	  -2.2826053798387287e+02	
  2.5440000000000000e+04	 2.3243506407282308e+02	  -2.4254935277526312e+02	
  2.5470000000000000e+04	 2.2408585277415045e+02	  -2.2954358741718119e+02	
  2.5500000000000000e+04	 2.0574726499984820e+02	  -2.0622335576100247e+02	
  2.5530000000000000e+04	 1.7794049749189162e+02	  -1.7247542922286479e+02	
  2.5560000000000000e+04	 1.4792379852152501e+02	  -1.3225897249207117e+02	
  2.5590000000000000e+04	 1.2659990651243152e+02	  -9.9854037201696627e+01	
  2.5620000000000000e+04	 1.1191850152218672e+02	  -8.1218386344382012e+01	
  2.5650000000000000e+04	 9.3207131022709049e+01	  -4.6484186210325639e+01	
  2.5680000000000000e+04	 7.7016876010260304e+01	  -2.2209784592000183e+01	
  2.5710000000000000e+04	 6.0075160666011492e+01	  3.9564174100658462e+00	
  2.5740000000000000e+04	 5.1728757568476787e+01	  2.1674603264743137e+01	
  2.5770000000000000e+04	 1.8439850717333968e+01	  6.2164205818634329e+01	
  2.5800000000000000e+04	 -3.4777572566679709e+00	  9.6986855094797122e+01	
  2.5830000000000000e+04	 -2.6818453968949527e+01	  1.3336183841960906e+02	
  2.5860000000000000e+04	 -4.9714921746663187e+01	  1.7367623493557963e+02	
  2.5890000000000000e+04	 -6.3581673808311727e+01	  1.9935216979015098e+02	
  2.5920000000000000e+04	 -8.4336234374146784e+01	  2.2096770971018714e+02	
  2.5950000000000000e+04	 -1.0923327085148379e+02	  2.5409309462694438e+02	
  2.5980000000000000e+04	 -1.3388015934596456e+02	  2.9051403471248898e+02	
  2.6010000000000000e+04	 -1.5960561965651283e+02	  3.2702934616416667e+02	
  2.6040000000000000e+04	 -1.8995740590479303e+02	  3.7075766166915577e+02	
  2.6070000000000000e+04	 -2.2019122018240091e+02	  4.0586136045873519e+02	
  2.6100000000000000e+04	 -2.4132241249395807e+02	  4.3677672115918620e+02	
  2.6130000000000000e+04	 -2.6348838771166430e+02	  4.6221379661285897e+02	
  2.6160000000000000e+04	 -2.8075199883252071e+02	  4.8527318132716579e+02	
  2.6190000000000000e+04	 -3.0204181929336653e+02	  5.1817890085265935e+02	
  2.6220000000000000e+04	 -3.0255050979262609e+02	  5.2008842491294729e+02	
  2.6250000000000000e+04	 -3.0186184872717524e+02	  5.1960141007914979e+02	
  2.6280000000000000e+04	 -3.0279401722621145e+02	  5.1878779516383315e+02	
  2.6310000000000000e+04	 -3.0450125960849266e+02	  5.1784470808751803e+02	
  2.6340000000000000e+04	 -3.0627682483101302e+02	  5.1822940173306336e+02	
  2.6370000000000000e+04	 -3.1984276806607505e+02	  4.8522559530222509e+02	
  2.6400000000000000e+04	 -3.4329087167521885e+02	  4.3886780056600782e+02	
  2.6430000000000000e+04	 -3.6090852208451395e+02	  4.1201562275348613e+02	
  2.6460000000000000e+04	 -3.8174578124681864e+02	  3.7030063220130563e+02	
  2.6490000000000000e+04	 -4.0167300690920104e+02	  3.4160300204614407e+02	
  2.6520000000000000e+04	 -4.1455905683733158e+02	  3.0975751767675621e+02	
  2.6550000000000000e+04	 -4.2721228444938242e+02	  2.7858433299046840e+02	
  2.6580000000000000e+04	 -4.4644128543793113e+02	  2.4076254376091134e+02	
  2.6610000000000000e+04	 -4.6266598950068112e+02	  2.1071479373484021e+02	
  2.6640000000000000e+04	 -4.8074425873338703e+02	  1.8691118116501104e+02	
  2.6670000000000000e+04	 -4.8999354509406334e+02	  1.6979532466141848e+02	
  2.6700000000000000e+04	 -4.9962300566129386e+02	  1.4395500025686511e+02	
  2.6730000000000000e+04	 -5.1377786987689137e+02	  1.1940792020403927e+02	
  2.6760000000000000e+04	 -5.3629890994860511e+02	  7.9317746835817715e+01	
  2.6790000000000000e+04	 -5.4799057566272415e+02	  5.9875614139330082e+01	
  2.6820000000000000e+04	 -5.6621704040055090e+02	  3.2146909723334346e+01	
  2.6850000000000000e+04	 -5.8576256240278781e+02	  4.3400548731493913e+00	
  2.6880000000000000e+04	 -6.0460924835327137e+02	  -3.3845820960521863e+01	
  2.6910000000000000e+04	 -6.1739362433694055e+02	  -6.3313653957394372e+01	
  2.6940000000000000e+04	 -6.3692436828039536e+02	  -9.6909770687692259e+01	
  2.6970000000000000e+04	 -6.5010859965577504e+02	  -1.2866748057336525e+02	
  2.7000000000000000e+04	 -6.6345002748577531e+02	  -1.5320526274845534e+02	
  2.7030000000000000e+04	 -6.7919023645119876e+02	  -1.8902580238233588e+02	
  2.7060000000000000e+04	 -6.9031085054026209e+02	  -2.1658558651007158e+02	
  2.7090000000000000e+04	 -7.0546856332655636e+02	  -2.4239434689507959e+02	
  2.7120000000000000e+04	 -7.1528024670825641e+02	  -2.6414701940117419e+02	
  2.7150000000000000e+04	 -7.3531925585031377e+02	  -2.9947998866472363e+02	
  2.7180000000000000e+04	 -7.6009873131773895e+02	  -3.3666068892044177e+02	
  2.7210000000000000e+04	 -7.8234906514033696e+02	  -3.8378246167339273e+02	
  2.7240000000000000e+04	 -8.0064645566386116e+02	  -4.1068239427901398e+02	
  2.7270000000000000e+04	 -8.1872625686318406e+02	  -4.4770137782720906e+02	
  2.7300000000000000e+04	 -8.3195316067569877e+02	  -4.7403284684651891e+02	
  2.7330000000000000e+04	 -8.3903351962719171e+02	  -4.8855168016932919e+02	
  2.7360000000000000e+04	 -8.3989571263575021e+02	  -4.8738917788649650e+02	
  2.7390000000000000e+04	 -8.3857411141433204e+02	  -4.8848323558078062e+02	
  2.7420000000000000e+04	 -8.1181336106835204e+02	  -4.6641422257006769e+02	
  2.7450000000000000e+04	 -7.8512679784081217e+02	  -4.3841021946619088e+02	
  2.7480000000000000e+04	 -7.6527787764894015e+02	  -4.2561717626962036e+02	
  2.7510000000000000e+04	 -7.3823676395171265e+02	  -3.9465109892352820e+02	
  2.7540000000000000e+04	 -7.0549459804341905e+02	  -3.5860859916758335e+02	
  2.7570000000000000e+04	 -6.7588219579368740e+02	  -3.2539598796385633e+02	
  2.7600000000000000e+04	 -6.5966195821737426e+02	  -3.0929704934312292e+02	
  2.7630000000000000e+04	 -6.4644480599919871e+02	  -2.9004740064042267e+02	
  2.7660000000000000e+04	 -6.3173391878527320e+02	  -2.6760121553397391e+02	
  2.7690000000000000e+04	 -6.0246732407885861e+02	  -2.3453184366165209e+02	
  2.7720000000000000e+04	 -5.7273199972102236e+02	  -2.0752599310249448e+02	
  2.7750000000000000e+04	 -5.4006977617639063e+02	  -1.7607295742448537e+02	
  2.7780000000000000e+04	 -5.1981115209768006e+02	  -1.5752392628816921e+02	
  2.7810000000000000e+04	 -4.9446855450317526e+02	  -1.3043712645957501e+02	
  2.7840000000000000e+04	 -4.7508383422381058e+02	  -1.0800597028327930e+02	
  2.7870000000000000e+04	 -4.5701293278454114e+02	  -8.9786482285495538e+01	
  2.7900000000000000e+04	 -4.4309312646171310e+02	  -6.6648775327097610e+01	
  2.7930000000000000e+04	 -4.2078237901669547e+02	  -4.9984322271650569e+01	
  2.7960000000000000e+04	 -4.0677048065228814e+02	  -3.1776826146930034e+01	
  2.7990000000000000e+04	 -4.0566331044026748e+02	  -3.2640895517933608e+01	
  2.8020000000000000e+04	 -4.0706250291615152e+02	  -3.1877832914220363e+01	
  2.8050000000000000e+04	 -4.0688259524239135e+02	  -3.3663797628433997e+01	
  2.8080000000000000e+04	 -3.7237503754284307e+02	  -4.7263062376433581e+01	
  2.8110000000000000e+04	 -3.4139383224349257e+02	  -6.1185095286340214e+01	
  2.8140000000000000e+04	 -3.1768225002861163e+02	  -6.5841550565048848e+01	
  2.8170000000000000e+04	 -2.7931628885229594e+02	  -8.3659249432909917e+01	
  2.8200000000000000e+04	 -2.3725800828895206e+02	  -1.0176772263579403e+02	
  2.8230000000000000e+04	 -2.0287597752892637e+02	  -1.1286654608847280e+02	
  2.8260000000000000e+04	 -1.6018265789980950e+02	  -1.3109339927776637e+02	
  2.8290000000000000e+04	 -1.3823301630700186e+02	  -1.4372211622926432e+02	
  2.8320000000000000e+04	 -1.1542488278109764e+02	  -1.5008705167606999e+02	
  2.8350000000000000e+04	 -8.3410931523471518e+01	  -1.6626708778199878e+02	
  2.8380000000000000e+04	 -4.1155718293751086e+01	  -1.8351912621902363e+02	
  2.8410000000000000e+04	 -1.7337712746061484e+00	  -2.0524772128973018e+02	
  2.8440000000000000e+04	 4.3879135477255033e+01	  -2.2211795517081464e+02	
  2.8470000000000000e+04	 8.0056339314294831e+01	  -2.3399829481513245e+02	
  2.8500000000000000e+04	 1.1568053337323011e+02	  -2.4654285675114409e+02	
  2.8530000000000000e+04	 1.4295687683371619e+02	  -2.5320003298087306e+02	
  2.8560000000000000e+04	 1.7178425558326737e+02	  -2.6604051304039001e+02	
  2.8590000000000000e+04	 2.0831473068016703e+02	  -2.7724730661107452e+02	
  2.8620000000000000e+04	 2.3037936468451468e+02	  -2.9043428939350667e+02	
  2.8650000000000000e+04	 2.5185808489882740e+02	  -2.9778499134864501e+02	
  2.8680000000000000e+04	 2.8654781055716052e+02	  -3.0857494226806887e+02	
  2.8710000000000000e+04	 3.0661027620532548e+02	  -3.2074194140563094e+02	
  2.8740000000000000e+04	 3.3643027086625557e+02	  -3.3271341085847422e+02	
  2.8770000000000000e+04	 3.7448872187937275e+02	  -3.5083437773384424e+02	
  2.8800000000000000e+04	 3.9652250045724037e+02	  -3.5497214637423406e+02	
  2.8830000000000000e+04	 4.2329040832330469e+02	  -3.6251003255159435e+02	
  2.8860000000000000e+04	 4.6628882617759751e+02	  -3.7736067754265292e+02	
  2.8890000000000000e+04	 4.3026310916740550e+02	  -3.6420237806588000e+02	
  2.8920000000000000e+04	 3.8962363783693149e+02	  -3.5428637806127711e+02	
  2.8950000000000000e+04	 3.5374935146264318e+02	  -3.4493901515557548e+02	
  2.8980000000000000e+04	 3.2556015759000366e+02	  -3.3610380313341852e+02	
  2.9010000000000000e+04	 2.9642824867812385e+02	  -3.2317212890039684e+02	
  2.9040000000000000e+04	 2.6045279350968411e+02	  -3.1468124997482244e+02	
  2.9070000000000000e+04	 2.1372583128019929e+02	  -3.0734466842604786e+02	
  2.9100000000000000e+04	 1.7823491946599242e+02	  -2.9294063820831315e+02	
  2.9130000000000000e+04	 1.5153421491245729e+02	  -2.8817611733855227e+02	
  2.9160000000000000e+04	 1.2939929559399323e+02	  -2.7921015173146549e+02	
  2.9190000000000000e+04	 7.9791128887675654e+01	  -2.6498925835305846e+02	
  2.9220000000000000e+04	 4.9896122415622898e+01	  -2.6092342111175549e+02	
  2.9250000000000000e+04	 2.8920123060619076e+00	  -2.4776524787812713e+02	
  2.9280000000000000e+04	 -1.9516771192020002e+01	  -2.4522843312973879e+02	
  2.9310000000000000e+04	 -6.5767577887475596e+01	  -2.3488379724490616e+02	
  2.9340000000000000e+04	 -9.5288425204264371e+01	  -2.2531169217078795e+02	
  2.9370000000000000e+04	 -1.3616999734900105e+02	  -2.0990797350224670e+02	
  2.9400000000000000e+04	 -1.7069867694595447e+02	  -1.9735054507755922e+02	
  2.9430000000000000e+04	 -2.0112882110203037e+02	  -1.8625315235972258e+02	
  2.9460000000000000e+04	 -2.4203094915330956e+02	  -1.7969266404024992e+02	
  2.9490000000000000e+04	 -2.8148374467049166e+02	  -1.7423142903533034e+02	
  2.9520000000000000e+04	 -3.0355653592026044e+02	  -1.6406054114306664e+02	
  2.9550000000000000e+04	 -3.1936977736135577e+02	  -1.6303119878540519e+02	
  2.9580000000000000e+04	 -3.1821502644893212e+02	  -1.6269725145666297e+02	
  2.9610000000000000e+04	 -3.1639412632572476e+02	  -1.6353305191903019e+02	
  2.9640000000000000e+04	 -3.2452317609024254e+02	  -1.8842612008294722e+02	
  2.9670000000000000e+04	 -3.3111292094240747e+02	  -2.0373443450522089e+02	
  2.9700000000000000e+04	 -3.5071756044548317e+02	  -2.4001569729894277e+02	
  2.9730000000000000e+04	 -3.6988639986351234e+02	  -2.7531042172157976e+02	
  2.9760000000000000e+04	 -3.7936345103514583e+02	  -2.9860169519840849e+02	
  2.9790000000000000e+04	 -3.9574631686379087e+02	  -3.2458721796684341e+02	
  2.9820000000000000e+04	 -4.1213610012881929e+02	  -3.6178817797785342e+02	
  2.9850000000000000e+04	 -4.2758043614766905e+02	  -3.8192946246433098e+02	
  2.9880000000000000e+04	 -4.4928658425271840e+02	  -4.2073194929888444e+02	
  2.9910000000000000e+04	 -4.6641304313301981e+02	  -4.5771131918743026e+02	
  2.9940000000000000e+04	 -4.8939903263171936e+02	  -4.9547205665456329e+02	
  2.9970000000000000e+04	 -5.0889253224645051e+02	  -5.3613938347922203e+02	
  3.0000000000000000e+04	 -5.3085647787706330e+02	  -5.7169524608044935e+02	
  3.0030000000000000e+04	 -5.4307974282535065e+02	  -5.9155046938330702e+02	
  3.0060000000000000e+04	 -5.4845666240078458e+02	  -6.1300463838662313e+02	
  3.0090000000000000e+04	 -5.6108550956104978e+02	  -6.3525064054206359e+02	
  3.0120000000000000e+04	 -5.7165143281967710e+02	  -6.6299865733234435e+02	
  3.0150000000000000e+04	 -5.9216972718899297e+02	  -6.9577638689377363e+02	
  3.0180000000000000e+04	 -6.1088639534857282e+02	  -7.2203805828876375e+02	
  3.0210000000000000e+04	 -6.2543070788916771e+02	  -7.4149431951267479e+02	
  3.0240000000000000e+04	 -6.3008313314061900e+02	  -7.6768781042991941e+02	
  3.0270000000000000e+04	 -6.0592578090014558e+02	  -7.4319364627679613e+02	
  3.0300000000000000e+04	 -5.8080743630566599e+02	  -7.1788826902484902e+02	
  3.0330000000000000e+04	 -5.6077248032409341e+02	  -7.0091637320040763e+02	
  3.0360000000000000e+04	 -5.2673553404806808e+02	  -6.6830870998097589e+02	
  3.0390000000000000e+04	 -4.9563912666865178e+02	  -6.3051329294250081e+02	
  3.0420000000000000e+04	 -4.8430261265072807e+02	  -6.1450026481842622e+02	
  3.0450000000000000e+04	 -4.5917849706694165e+02	  -5.8549128196253901e+02	
  3.0480000000000000e+04	 -4.4805650429553657e+02	  -5.7440183311536828e+02	
  3.0510000000000000e+04	 -4.3098809471821983e+02	  -5.6041610282776344e+02	
  3.0540000000000000e+04	 -3.9955582772888636e+02	  -5.2816531015994110e+02	
  3.0570000000000000e+04	 -3.6746992586290162e+02	  -4.9541166745598485e+02	
  3.0600000000000000e+04	 -3.4729823066037568e+02	  -4.6620341788964498e+02	
  3.0630000000000000e+04	 -3.2792705700666687e+02	  -4.5034099352964051e+02	
  3.0660000000000000e+04	 -2.9558426499183412e+02	  -4.1299509636741823e+02	
  3.0690000000000000e+04	 -2.7189133964113438e+02	  -3.7970681959771855e+02	
  3.0720000000000000e+04	 -2.5266004558838608e+02	  -3.5683917750241818e+02	
  3.0750000000000000e+04	 -2.2339917145325236e+02	  -3.2338317631429823e+02	
  3.0780000000000000e+04	 -2.0340235958239356e+02	  -3.0111317554172069e+02	
  3.0810000000000000e+04	 -1.9103737822827571e+02	  -2.8565701545228973e+02	
  3.0840000000000000e+04	 -1.6368064134896684e+02	  -2.5680926261648221e+02	
  3.0870000000000000e+04	 -1.4880401000932827e+02	  -2.4615210554825777e+02	
  3.0900000000000000e+04	 -1.2577738115475519e+02	  -2.1376064609366338e+02	
  3.0930000000000000e+04	 -1.0208282114777366e+02	  -1.8935600692833839e+02	
  3.0960000000000000e+04	 -6.6831598982228059e+01	  -1.5719947417952628e+02	
  3.0990000000000000e+04	 -3.8932840871911665e+01	  -1.2269943665647310e+02	
  3.1020000000000000e+04	 -8.4245875260719885e+00	  -9.1997612648099505e+01	
  3.1050000000000000e+04	 2.1508008760572501e+01	  -5.6158926839048782e+01	
  3.1080000000000000e+04	 5.1360065374181019e+01	  -2.8636866103480621e+01	
  3.1110000000000000e+04	 7.1178687857503405e+01	  -9.2950824782656447e+00	
  3.1140000000000000e+04	 9.7911213194624224e+01	  3.1142836527996710e+01	
  3.1170000000000000e+04	 1.2670410255661682e+02	  5.7026181484202894e+01	
  3.1200000000000000e+04	 1.4711302780583935e+02	  8.3250559405077738e+01	
  3.1230000000000000e+04	 1.7298746722376450e+02	  1.1324091771535194e+02	
  3.1260000000000000e+04	 2.0318363492449666e+02	  1.4449722715693133e+02	
  3.1290000000000000e+04	 2.2236872688267817e+02	  1.6434444897236878e+02	
  3.1320000000000000e+04	 2.5238687040505644e+02	  2.0151696144781323e+02	
  3.1350000000000000e+04	 2.6810850791610278e+02	  2.2393346974382933e+02	
  3.1380000000000000e+04	 2.8797960379272746e+02	  2.4386838255972830e+02	
  3.1410000000000000e+04	 2.9695229972677799e+02	  2.4892747611475900e+02	
  3.1440000000000000e+04	 2.9784688590271793e+02	  2.4703065147747378e+02	
  3.1470000000000000e+04	 2.9883299135970492e+02	  2.4694925033959333e+02	
  3.1500000000000000e+04	 3.0011546301608303e+02	  2.4559154022060463e+02	
  3.1530000000000000e+04	 3.0044211472134214e+02	  2.4501429856959655e+02	
  3.1560000000000000e+04	 2.6096504365778776e+02	  2.1563556677158550e+02	
  3.1590000000000000e+04	 2.3213882239893888e+02	  2.0133354962752716e+02	
  3.1620000000000000e+04	 2.1625700631045802e+02	  1.9397949374687533e+02	
  3.1650000000000000e+04	 1.8168703945388040e+02	  1.7141029397864978e+02	
  3.1680000000000000e+04	 1.4469330631519625e+02	  1.5177934401767891e+02	
  3.1710000000000000e+04	 1.1544217025504778e+02	  1.3514129759386333e+02	
  3.1740000000000000e+04	 8.4104095014147845e+01	  1.1301317472038029e+02	
  3.1770000000000000e+04	 6.6118716834141210e+01	  1.0653409269542686e+02	
  3.1800000000000000e+04	 2.7655172080112266e+01	  8.5090750602974126e+01	
  3.1830000000000000e+04	 -3.8154804014097898e+00	  6.8003796117873833e+01	
  3.1860000000000000e+04	 -2.8909147098170390e+01	  4.5320862901185464e+01	
  3.1890000000000000e+04	 -5.6554607008797703e+01	  2.9964168010049903e+01	
  3.1920000000000000e+04	 -1.0038183737510656e+02	  -7.4780066680179047e-01	
  3.1950000000000000e+04	 -1.4623960006305344e+02	  -2.8265576555485087e+01	
  3.1980000000000000e+04	 -1.6748619775809223e+02	  -4.5548475089554785e+01	
  3.2010000000000000e+04	 -1.9489922200566761e+02	  -5.6928412999469764e+01	
  3.2040000000000000e+04	 -2.2420341219104967e+02	  -7.3111485195339000e+01	
  3.2070000000000000e+04	 -2.5245408752916933e+02	  -9.0042224352090713e+01	
  3.2100000000000000e+04	 -2.9146976858709235e+02	  -1.1485147549603045e+02	
  3.2130000000000000e+04	 -3.1284297206981637e+02	  -1.2948254571503239e+02	
  3.2160000000000000e+04	 -3.3465073033248393e+02	  -1.4138484741877022e+02	
  3.2190000000000000e+04	 -3.6420806276231542e+02	  -1.6434947974944942e+02	
  3.2220000000000000e+04	 -3.2887537254055815e+02	  -1.5958940924488684e+02	
  3.2250000000000000e+04	 -3.0320645656652187e+02	  -1.5247867686623215e+02	
  3.2280000000000000e+04	 -2.5939713070370567e+02	  -1.4639655091434392e+02	
  3.2310000000000000e+04	 -2.1451002821179961e+02	  -1.4293940008736297e+02	
  3.2340000000000000e+04	 -1.7004791068464783e+02	  -1.3583547196741068e+02	
  3.2370000000000000e+04	 -1.3734776906343316e+02	  -1.3201611691764961e+02	
  3.2400000000000000e+04	 -9.5389423222563977e+01	  -1.2663938064929611e+02	
  3.2430000000000000e+04	 -5.8005930906217166e+01	  -1.2738564602094365e+02	
  3.2460000000000000e+04	 -3.2681196677619965e+01	  -1.2590039869240795e+02	
  3.2490000000000000e+04	 2.0838848685492053e+00	  -1.2632172941029326e+02	
  3.2520000000000000e+04	 5.3730834922229995e+01	  -1.1744625178065490e+02	
  3.2550000000000000e+04	 7.7566346785411639e+01	  -1.1175300687169531e+02	
  3.2580000000000000e+04	 1.0623727253556490e+02	  -1.0663538386072148e+02	
  3.2610000000000000e+04	 1.3922195672351086e+02	  -1.0575981374138478e+02	
  3.2640000000000000e+04	 1.6141674596610423e+02	  -1.0306094550602418e+02	
  3.2670000000000000e+04	 2.1291817823527836e+02	  -9.7839411977148004e+01	
  3.2700000000000000e+04	 2.4351111911170943e+02	  -9.8493638482842755e+01	
  3.2730000000000000e+04	 2.8225849597845161e+02	  -9.6443049554684222e+01	
  3.2760000000000000e+04	 3.1529439870435709e+02	  -8.8261469320022329e+01	
  3.2790000000000000e+04	 3.4420414410359126e+02	  -7.9428912521830625e+01	
  3.2820000000000000e+04	 3.7274755104813818e+02	  -7.8595745826043782e+01	
  3.2850000000000000e+04	 3.7172437577765982e+02	  -7.7389906810580513e+01	
  3.2880000000000000e+04	 3.7231482286964189e+02	  -7.9200775355061879e+01	
  3.2910000000000000e+04	 3.7400642665183415e+02	  -7.8175055324666857e+01	
  3.2940000000000000e+04	 3.9274278479916393e+02	  -9.8056194670994444e+01	
  3.2970000000000000e+04	 4.0054861049261513e+02	  -1.1565017772287214e+02	
  3.3000000000000000e+04	 4.1870660926335313e+02	  -1.5003398768218278e+02	
  3.3030000000000000e+04	 4.4109810022295915e+02	  -1.8699417148369085e+02	
  3.3060000000000000e+04	 4.5939935605226287e+02	  -2.2223751924126026e+02	
  3.3090000000000000e+04	 4.8171322573049105e+02	  -2.5699302017140178e+02	
  3.3120000000000000e+04	 4.9804968263637932e+02	  -2.8543682266981278e+02	
  3.3150000000000000e+04	 5.0802423262647159e+02	  -3.1301171505201773e+02	
  3.3180000000000000e+04	 5.3087385847465077e+02	  -3.5303481620455199e+02	
  3.3210000000000000e+04	 5.4690239956303913e+02	  -3.8055167835133989e+02	
  3.3240000000000000e+04	 5.5816254823164434e+02	  -4.0481895524448089e+02	
  3.3270000000000000e+04	 5.6917832320878153e+02	  -4.3751940528859069e+02	
  3.3300000000000000e+04	 5.8760020811831623e+02	  -4.7309286791480935e+02	
  3.3330000000000000e+04	 6.1448200535520300e+02	  -5.1237437594490109e+02	
  3.3360000000000000e+04	 6.2485160379269507e+02	  -5.3140463902406646e+02	
  3.3390000000000000e+04	 6.0464496336390550e+02	  -5.1287966848742394e+02	
  3.3420000000000000e+04	 5.8454535597016684e+02	  -4.9169914356992462e+02	
  3.3450000000000000e+04	 5.5029592588982041e+02	  -4.6101292893390752e+02	
  3.3480000000000000e+04	 5.2302104310443292e+02	  -4.3971341916495612e+02	
  3.3510000000000000e+04	 5.0642713070846963e+02	  -4.2740527711683313e+02	
  3.3540000000000000e+04	 4.6760584743064078e+02	  -3.9467973229742239e+02	
  3.3570000000000000e+04	 4.4582651207669392e+02	  -3.7573179809397925e+02	
  3.3600000000000000e+04	 4.1481659878641909e+02	  -3.5676961031839954e+02	
  3.3630000000000000e+04	 3.8245728662151612e+02	  -3.2951406822278119e+02	
  3.3660000000000000e+04	 3.5940182761833694e+02	  -3.0734538465423884e+02	
  3.3690000000000000e+04	 3.2682769343424184e+02	  -2.7824337842510528e+02	
  3.3720000000000000e+04	 3.0463068845588464e+02	  -2.5761677910455774e+02	
  3.3750000000000000e+04	 2.7992917157483600e+02	  -2.4095779758605943e+02	
  3.3780000000000000e+04	 2.5562437426251657e+02	  -2.2403739082946481e+02	
  3.3810000000000000e+04	 2.2337378387864456e+02	  -1.9942259830379902e+02	
  3.3840000000000000e+04	 1.8917732540966989e+02	  -1.7139663909140421e+02	
  3.3870000000000000e+04	 1.6082158710307075e+02	  -1.4109828922254701e+02	
  3.3900000000000000e+04	 1.3322557713835187e+02	  -1.1836049615184088e+02	
  3.3930000000000000e+04	 1.0059786340783461e+02	  -9.5879020155844998e+01	
  3.3960000000000000e+04	 6.3027466017493971e+01	  -5.9809550933989399e+01	
  3.3990000000000000e+04	 4.2457127754506807e+01	  -4.4090035511808750e+01	
  3.4020000000000000e+04	 1.0015446959079277e+01	  -1.3023676764516345e+01	
  3.4050000000000000e+04	 -1.1471260148802493e+01	  8.2134813544726057e+00	
  3.4080000000000000e+04	 -2.9190637173063188e+01	  2.8102887261949661e+01	
  3.4110000000000000e+04	 -6.6168966112845311e+01	  6.3828250702650394e+01	
  3.4140000000000000e+04	 -8.8277316270226549e+01	  7.6009808910309772e+01	
  3.4170000000000000e+04	 -1.1322589635078199e+02	  9.9493567321582958e+01	
  3.4200000000000000e+04	 -1.2706635309686258e+02	  1.1025805601946001e+02	
  3.4230000000000000e+04	 -1.4198947864934121e+02	  1.1957221063762006e+02	
  3.4260000000000000e+04	 -1.7154963503531286e+02	  1.4247087102995272e+02	
  3.4290000000000000e+04	 -1.9726599094159189e+02	  1.6259348559595969e+02	
  3.4320000000000000e+04	 -2.2244421289120697e+02	  1.8520011302667658e+02	
  3.4350000000000000e+04	 -2.4253881409393654e+02	  2.0451588254368630e+02	
  3.4380000000000000e+04	 -2.5864966977435273e+02	  2.2400038234483847e+02	
  3.4410000000000000e+04	 -2.4763672891878022e+02	  1.8923458752303137e+02	
  3.4440000000000000e+04	 -2.3671856128372050e+02	  1.5999931795589896e+02	
  3.4470000000000000e+04	 -2.2184035345370168e+02	  1.1894574808560395e+02	
  3.4500000000000000e+04	 -2.0869304048901577e+02	  7.8302409063462520e+01	
  3.4530000000000000e+04	 -2.0213616922561420e+02	  4.2302671567714285e+01	
  3.4560000000000000e+04	 -1.9730290334366822e+02	  1.0157723818018844e+01	
  3.4590000000000000e+04	 -1.9409102419830458e+02	  -1.4729493204741839e+01	
  3.4620000000000000e+04	 -1.8402906939862174e+02	  -5.0468578844673701e+01	
  3.4650000000000000e+04	 -1.7822416638522475e+02	  -8.5448701322756406e+01	
  3.4680000000000000e+04	 -1.6822423758014051e+02	  -1.1604199386806928e+02	
  3.4710000000000000e+04	 -1.6205441517421949e+02	  -1.3618738878158911e+02	
  3.4740000000000000e+04	 -1.5310941712763980e+02	  -1.8304500766255154e+02	
  3.4770000000000000e+04	 -1.5277186540210275e+02	  -2.0503014190568794e+02	
  3.4800000000000000e+04	 -1.4313467218178428e+02	  -2.4566974409261957e+02	
  3.4830000000000000e+04	 -1.3202152786665920e+02	  -2.8782784835206553e+02	
  3.4860000000000000e+04	 -1.2066217941383908e+02	  -3.2252109814450029e+02	
  3.4890000000000000e+04	 -1.1023352229242683e+02	  -3.5117820458430566e+02	
  3.4920000000000000e+04	 -1.0595104712430893e+02	  -3.9468627675461317e+02	
  3.4950000000000000e+04	 -1.2187261272706853e+02	  -3.5742689825264057e+02	
  3.4980000000000000e+04	 -1.3345451070657407e+02	  -3.1542178220657746e+02	
  3.5010000000000000e+04	 -1.4129033074818415e+02	  -2.9119232667389980e+02	
  3.5040000000000000e+04	 -1.5737569132477492e+02	  -2.5414865074048211e+02	
  3.5070000000000000e+04	 -1.7506269735398729e+02	  -2.0834812094051645e+02	
  3.5100000000000000e+04	 -1.8569511346851718e+02	  -1.7578275530088052e+02	
  3.5130000000000000e+04	 -1.9935664012681593e+02	  -1.4972629412280975e+02	
  3.5160000000000000e+04	 -2.1346331876890804e+02	  -1.2548755366478203e+02	
  3.5190000000000000e+04	 -2.2437262492901630e+02	  -8.5367172546270979e+01	
  3.5220000000000000e+04	 -2.3281798966733976e+02	  -5.3617228615495208e+01	
  3.5250000000000000e+04	 -2.5073583308393339e+02	  -1.9581015684391375e+01	
  3.5280000000000000e+04	 -2.6435563549494577e+02	  1.3966416228108223e+01	
  3.5310000000000000e+04	 -2.7589517418021069e+02	  4.5790548414580300e+01	
  3.5340000000000000e+04	 -2.9010295838713506e+02	  8.9236728887965995e+01	
  3.5370000000000000e+04	 -3.0196260307364508e+02	  6.4763613028925690e+01	
  3.5400000000000000e+04	 -3.1820445983134186e+02	  2.8644856047114629e+01	
  3.5430000000000000e+04	 -3.3005360171058260e+02	  4.8785722408958563e+00	
  3.5460000000000000e+04	 -3.3838153651635054e+02	  -1.4232549130183280e+01	
  3.5490000000000000e+04	 -3.4201552465498474e+02	  -3.3234979433105664e+01	
  3.5520000000000000e+04	 -3.5572692185768381e+02	  -7.9826824143456150e+01	
  3.5550000000000000e+04	 -3.6502345638854024e+02	  -1.0281925601245429e+02	
  3.5580000000000000e+04	 -3.7705222755794756e+02	  -1.4901736874064665e+02	
