  0.0000000000000000e+00	 2.3388286608756221e+02	  -1.0523196415898951e+02	
  3.0000000000000000e+01	 2.4952055720698127e+02	  -8.5140392003048191e+01	
  6.0000000000000000e+01	 2.6365665385534362e+02	  -7.0532012351334131e+01	
  9.0000000000000000e+01	 2.9262751084711141e+02	  -3.3937353746623437e+01	
  1.2000000000000000e+02	 3.1927143123039536e+02	  1.9931428382386542e+00	
  1.5000000000000000e+02	 3.3477137866349250e+02	  1.9822154380623772e+01	
  1.8000000000000000e+02	 3.6148547539297351e+02	  6.0393542128414254e+01	
  2.1000000000000000e+02	 3.7712079260025769e+02	  8.1700195590303267e+01	
  2.4000000000000000e+02	 4.0491233816964245e+02	  1.2270852655881751e+02	
  2.7000000000000000e+02	 4.3503582577912573e+02	  1.6332862304295423e+02	
  3.0000000000000000e+02	 4.4970420349002541e+02	  1.8911271335396052e+02	
  3.3000000000000000e+02	 4.6262574824509051e+02	  2.1673560038121050e+02	
  3.6000000000000000e+02	 4.9140983007570185e+02	  2.5101199818445116e+02	
  3.9000000000000000e+02	 5.0944476555582884e+02	  2.7407125689659489e+02	
  4.2000000000000000e+02	 4.7838760961241451e+02	  2.9616738112367375e+02	
  4.5000000000000000e+02	 4.5690949691016664e+02	  3.0672607459675601e+02	
  4.8000000000000000e+02	 4.2454643632417674e+02	  3.3240313453498663e+02	
  5.1000000000000000e+02	 4.0349333696829086e+02	  3.5603096856971734e+02	
  5.4000000000000000e+02	 3.6873034065950804e+02	  3.7474655898241070e+02	
  5.7000000000000000e+02	 3.3077294367354625e+02	  4.0111339621330745e+02	
  6.0000000000000000e+02	 2.9650971695800979e+02	  4.2999026646765651e+02	
  6.3000000000000000e+02	 2.7730740540323927e+02	  4.4287634091033709e+02	
  6.6000000000000000e+02	 2.4072584811327198e+02	  4.7558373633532369e+02	
  6.9000000000000000e+02	 1.9908149693126288e+02	  5.0440204661586233e+02	
  7.2000000000000000e+02	 1.6804273951452228e+02	  5.2422717037734890e+02	
  7.5000000000000000e+02	 1.4306143596557249e+02	  5.4673513328528827e+02	
  7.8000000000000000e+02	 1.0434958124777046e+02	  5.7401155819554788e+02	
  8.1000000000000000e+02	 1.1163509642605311e+02	  5.4964648186599084e+02	
  8.4000000000000000e+02	 1.2234054852252143e+02	  5.1260790492651836e+02	
  8.7000000000000000e+02	 1.2918344428599923e+02	  4.8956250714527113e+02	
  9.0000000000000000e+02	 1.4962592975691956e+02	  4.4832687148689212e+02	
  9.3000000000000000e+02	 1.6016515654675052e+02	  4.1526886098454554e+02	
  9.6000000000000000e+02	 1.7700594552656932e+02	  3.7451575919889268e+02	
  9.9000000000000000e+02	 1.9536533154167469e+02	  3.3412872103954925e+02	
  1.0200000000000000e+03	 2.1098446396447784e+02	  2.9590885503747978e+02	
  1.0500000000000000e+03	 2.2415838965721213e+02	  2.6073652707660221e+02	
  1.0800000000000000e+03	 2.3785152405394456e+02	  2.2783257630818213e+02	
  1.1100000000000000e+03	 2.5135448588406302e+02	  1.7905138712315380e+02	
  1.1400000000000000e+03	 2.6377190446187774e+02	  1.5716686681172814e+02	
  1.1700000000000000e+03	 2.7894142546924229e+02	  1.1664615709513518e+02	
  1.2000000000000000e+03	 2.9002790315213048e+02	  8.7088073824074115e+01	
  1.2300000000000000e+03	 2.9506252578088674e+02	  6.1280470072486530e+01	
  1.2600000000000000e+03	 3.0958991578123255e+02	  1.6379854492123719e+01	
  1.2900000000000000e+03	 3.2825411838106032e+02	  -1.8488160774504436e+01	
  1.3200000000000000e+03	 3.4730852548071778e+02	  -5.6857383827153271e+01	
  1.3500000000000000e+03	 3.5948132075245758e+02	  -1.0003968475877767e+02	
  1.3800000000000000e+03	 3.7371809768593329e+02	  -1.3914239818585958e+02	
  1.4100000000000000e+03	 3.8376347891861388e+02	  -1.5927080576026776e+02	
  1.4400000000000000e+03	 4.0112766439871643e+02	  -1.9900404422069579e+02	
  1.4700000000000000e+03	 4.0706239114096064e+02	  -2.2620392507508242e+02	
  1.5000000000000000e+03	 4.2221807106707632e+02	  -2.6860324214927982e+02	
  1.5300000000000000e+03	 4.3325175610550616e+02	  -2.9615773202626804e+02	
  1.5600000000000000e+03	 4.4045017539892922e+02	  -3.1941185117063355e+02	
  1.5900000000000000e+03	 4.5715857491070994e+02	  -3.5592880610338608e+02	
  1.6200000000000000e+03	 4.6488983918608932e+02	  -3.8376059952294543e+02	
  1.6500000000000000e+03	 4.7885767615291678e+02	  -4.1853321453513877e+02	
  1.6800000000000000e+03	 4.9382538189407927e+02	  -4.5122500984462823e+02	
  1.7100000000000000e+03	 4.6505396520878531e+02	  -4.3972261156704047e+02	
  1.7400000000000000e+03	 4.3344037483753726e+02	  -4.2986527709467731e+02	
  1.7700000000000000e+03	 3.8677389934375378e+02	  -4.1939936723230687e+02	
  1.8000000000000000e+03	 3.4620827399315959e+02	  -4.1344664063163282e+02	
  1.8300000000000000e+03	 3.1517718702427817e+02	  -4.0637586529368667e+02	
  1.8600000000000000e+03	 2.9155874625102746e+02	  -4.0426590830051742e+02	
  1.8900000000000000e+03	 2.5245890828153875e+02	  -3.9108601179697376e+02	
  1.9200000000000000e+03	 2.1096816653131393e+02	  -3.7386897913663950e+02	
  1.9500000000000000e+03	 1.6504041173975207e+02	  -3.6154470368564074e+02	
  1.9800000000000000e+03	 1.4360519016862065e+02	  -3.5377363187056534e+02	
  2.0100000000000000e+03	 1.0337315411188936e+02	  -3.4581362998608955e+02	
  2.0400000000000000e+03	 7.1249823923841518e+01	  -3.3935495217569098e+02	
  2.0700000000000000e+03	 3.5075285776091341e+01	  -3.3131359004135021e+02	
  2.1000000000000000e+03	 -6.3290996226456784e+00	  -3.1741815523606340e+02	
  2.1300000000000000e+03	 -2.3773644645476175e+01	  -3.1234173734625284e+02	
  2.1600000000000000e+03	 -6.6574839853236625e+01	  -3.0591550632236374e+02	
  2.1900000000000000e+03	 -9.7790114303633857e+01	  -2.9690620277146991e+02	
  2.2200000000000000e+03	 -1.4011409966426282e+02	  -2.8774189252199972e+02	
  2.2500000000000000e+03	 -1.8842141841229565e+02	  -2.6989371088516907e+02	
  2.2800000000000000e+03	 -2.0467187813145901e+02	  -2.6124981174614879e+02	
  2.3100000000000000e+03	 -2.4956151647372934e+02	  -2.4889547597777656e+02	
  2.3400000000000000e+03	 -2.2021958323937832e+02	  -2.1068317177031508e+02	
  2.3700000000000000e+03	 -2.0792217614634569e+02	  -1.9443826901103549e+02	
  2.4000000000000000e+03	 -1.8377850078993799e+02	  -1.5878671763278655e+02	
  2.4300000000000000e+03	 -1.6333380160529683e+02	  -1.2696482756532859e+02	
  2.4600000000000000e+03	 -1.4599470804950764e+02	  -9.6066071186833099e+01	
  2.4900000000000000e+03	 -1.3241899856144178e+02	  -7.1926347553350794e+01	
  2.5200000000000000e+03	 -1.1346109902750351e+02	  -3.5505256325514210e+01	
  2.5500000000000000e+03	 -9.5318442493239459e+01	  5.7213678635565302e+00	
  2.5800000000000000e+03	 -7.7716133921091057e+01	  3.1034807474576667e+01	
  2.6100000000000000e+03	 -5.4233427130760631e+01	  5.7410169618790363e+01	
  2.6400000000000000e+03	 -2.7036145838628059e+01	  9.5628838059295816e+01	
  2.6700000000000000e+03	 -1.3441955291440571e+01	  1.2505309204425224e+02	
  2.7000000000000000e+03	 6.0725376916814788e+00	  1.5862598041263860e+02	
  2.7300000000000000e+03	 2.5744107568052002e+01	  1.9368623770470526e+02	
  2.7600000000000000e+03	 4.8536705962396951e+01	  2.3702781131787717e+02	
  2.7900000000000000e+03	 6.6571542101218924e+01	  2.6846339346909070e+02	
  2.8200000000000000e+03	 8.1465126945931345e+01	  2.8381295662104458e+02	
  2.8500000000000000e+03	 9.2468793436895311e+01	  3.0513912500187246e+02	
  2.8800000000000000e+03	 1.0814689493495088e+02	  3.2556683134478197e+02	
  2.9100000000000000e+03	 1.2347420710744599e+02	  3.5668624512334333e+02	
  2.9400000000000000e+03	 9.0277131197496232e+01	  3.5226846013011539e+02	
  2.9700000000000000e+03	 6.7120695468957649e+01	  3.4847112537382600e+02	
  3.0000000000000000e+03	 3.7380937987589789e+01	  3.4212817205113851e+02	
  3.0300000000000000e+03	 -2.1258266052890846e+00	  3.3095171227703861e+02	
  3.0600000000000000e+03	 -2.7009064755704422e+01	  3.3174247416615333e+02	
  3.0900000000000000e+03	 -7.2359649905778156e+01	  3.2753489197636776e+02	
  3.1200000000000000e+03	 -1.0369901045214046e+02	  3.2377121275964174e+02	
  3.1500000000000000e+03	 -1.3037699535006243e+02	  3.2137019644303831e+02	
  3.1800000000000000e+03	 -1.5217136943880683e+02	  3.1326948290902152e+02	
  3.2100000000000000e+03	 -1.8192848825311313e+02	  3.0623490790545713e+02	
  3.2400000000000000e+03	 -1.8000143159581197e+02	  3.0818979705046348e+02	
  3.2700000000000000e+03	 -1.8103523225158017e+02	  3.0908209140287988e+02	
  3.3000000000000000e+03	 -1.8014226689444064e+02	  3.1029569988607699e+02	
  3.3300000000000000e+03	 -1.7952125512920171e+02	  3.1198854471883766e+02	
  3.3600000000000000e+03	 -1.9000560876122640e+02	  3.5642663658416552e+02	
  3.3900000000000000e+03	 -1.9320069900685371e+02	  3.6756155593215590e+02	
  3.4200000000000000e+03	 -1.9498769317250634e+02	  3.6782046506373257e+02	
  3.4500000000000000e+03	 -1.9515082510440999e+02	  3.6701120564841818e+02	
  3.4800000000000000e+03	 -1.9627293082310800e+02	  3.6586429339534652e+02	
  3.5100000000000000e+03	 -1.9488180787060674e+02	  3.6473106431134011e+02	
  3.5400000000000000e+03	 -1.9340188965317122e+02	  3.6441581249261407e+02	
  3.5700000000000000e+03	 -1.9323772071733492e+02	  3.6454872616870352e+02	
  3.6000000000000000e+03	 -1.9331987776881601e+02	  3.6631485612821734e+02	
  3.6300000000000000e+03	 -1.7409451340181442e+02	  3.2193110844413491e+02	
  3.6600000000000000e+03	 -1.5588119675530703e+02	  2.8025939771873675e+02	
  3.6900000000000000e+03	 -1.3787366371914652e+02	  2.5726408911149127e+02	
  3.7200000000000000e+03	 -1.1318555123417545e+02	  2.1293219665475056e+02	
  3.7500000000000000e+03	 -1.0366838032912088e+02	  1.9270697991110001e+02	
  3.7800000000000000e+03	 -8.8745959651553775e+01	  1.6664390507671772e+02	
  3.8100000000000000e+03	 -7.3940635872191521e+01	  1.3987686139254259e+02	
  3.8400000000000000e+03	 -4.6697956121721994e+01	  9.4121980721222485e+01	
  3.8700000000000000e+03	 -3.5179364321735804e+01	  7.3600602992380487e+01	
  3.9000000000000000e+03	 -1.9570859836626784e+01	  4.7787207073979872e+01	
  3.9300000000000000e+03	 4.1678520448773426e-01	  1.1101611641913159e+01	
  3.9600000000000000e+03	 1.4000522820396100e+01	  -2.9879128931101640e+01	
  3.9900000000000000e+03	 3.2121977123066465e+01	  -5.4798842574388516e+01	
  4.0200000000000000e+03	 4.0096281108110446e+01	  -8.3951498823845768e+01	
  4.0500000000000000e+03	 5.5758316041983420e+01	  -1.1461813428746476e+02	
  4.0800000000000000e+03	 7.6193299735610296e+01	  -1.5509377493828526e+02	
  4.1100000000000000e+03	 9.1056240926573537e+01	  -1.8262869849262432e+02	
  4.1400000000000000e+03	 9.2044116841246137e+01	  -1.5977240447202567e+02	
  4.1700000000000000e+03	 9.0917415428104277e+01	  -1.2197974700854880e+02	
  4.2000000000000000e+03	 9.0733666759612262e+01	  -9.2146461031030569e+01	
  4.2300000000000000e+03	 8.1954980277158512e+01	  -6.1878572924787932e+01	
  4.2600000000000000e+03	 7.7332482035402847e+01	  -3.5253850275841202e+01	
  4.2900000000000000e+03	 7.1346252960489522e+01	  -6.2769649599529771e+00	
  4.3200000000000000e+03	 6.8376329260696309e+01	  2.4919163881339724e+01	
  4.3500000000000000e+03	 6.5513135176974956e+01	  4.8047451965038164e+01	
  4.3800000000000000e+03	 5.3526630157695372e+01	  9.7939796865427439e+01	
  4.4100000000000000e+03	 4.8728507680295984e+01	  1.3163529674729742e+02	
  4.4400000000000000e+03	 4.3249923262966462e+01	  1.8056550339779062e+02	
  4.4700000000000000e+03	 3.7659691349296793e+01	  2.0995213430233517e+02	
  4.5000000000000000e+03	 3.7071649448294110e+01	  2.3438354375497892e+02	
  4.5300000000000000e+03	 3.0533861782798141e+01	  2.6835491172051911e+02	
  4.5600000000000000e+03	 2.2062784439821279e+01	  2.9724398292332125e+02	
  4.5900000000000000e+03	 1.8122520806001827e+01	  3.4037973339818154e+02	
  4.6200000000000000e+03	 1.6705262040087597e+01	  3.6632949174252303e+02	
  4.6500000000000000e+03	 2.7887654825758350e+01	  3.4325665550653588e+02	
  4.6800000000000000e+03	 3.9576847660750559e+01	  3.2000003747336785e+02	
  4.7100000000000000e+03	 5.8950068319468613e+01	  2.7585531714270377e+02	
  4.7400000000000000e+03	 7.8872403033550611e+01	  2.3879492602243988e+02	
  4.7700000000000000e+03	 8.8367171878523607e+01	  2.2046280466035412e+02	
  4.8000000000000000e+03	 1.0106372653406642e+02	  1.9376111050300622e+02	
  4.8300000000000000e+03	 1.0610194000263196e+02	  1.7379623669936248e+02	
  4.8600000000000000e+03	 1.2651366669326525e+02	  1.2921668601517200e+02	
  4.8900000000000000e+03	 1.4506170782939222e+02	  9.0507838528760686e+01	
  4.9200000000000000e+03	 1.5553226483959392e+02	  6.8313458139986466e+01	
  4.9500000000000000e+03	 1.7909224171307631e+02	  2.5538483655387608e+01	
  4.9800000000000000e+03	 1.9965322919604634e+02	  -1.4971633378589956e+01	
  5.0100000000000000e+03	 2.0894222877867892e+02	  -3.8214291577335075e+01	
  5.0400000000000000e+03	 2.2325158165247527e+02	  -6.1259558264982211e+01	
  5.0700000000000000e+03	 2.3815185973492015e+02	  -8.7169740996358726e+01	
  5.1000000000000000e+03	 2.4649002648838123e+02	  -1.0635853359871111e+02	
  5.1300000000000000e+03	 2.5908063797300656e+02	  -1.5091682302999823e+02	
  5.1600000000000000e+03	 2.7454586560615883e+02	  -1.9824179381902067e+02	
  5.1900000000000000e+03	 2.8955409572947036e+02	  -2.3016896235567276e+02	
  5.2200000000000000e+03	 3.0060076153468742e+02	  -2.6436327673581769e+02	
  5.2500000000000000e+03	 3.1316574739761847e+02	  -3.0331658531826361e+02	
  5.2800000000000000e+03	 3.2577696581551140e+02	  -2.8079014104852541e+02	
  5.3100000000000000e+03	 3.4428617173920600e+02	  -2.3661283158570851e+02	
  5.3400000000000000e+03	 3.5983810587145149e+02	  -2.0533930811510947e+02	
  5.3700000000000000e+03	 3.7462656872567328e+02	  -1.6531121045648169e+02	
  5.4000000000000000e+03	 3.8308146030989923e+02	  -1.3890834384930938e+02	
  5.4300000000000000e+03	 3.8791523026639106e+02	  -1.0893733613314251e+02	
  5.4600000000000000e+03	 4.0074357916187461e+02	  -7.9406378776851042e+01	
  5.4900000000000000e+03	 4.1449168407703553e+02	  -5.2172581201545498e+01	
  5.5200000000000000e+03	 4.2220290102829483e+02	  -2.0124041398431096e+01	
  5.5500000000000000e+03	 4.3616106790558575e+02	  3.0182639257585294e+01	
  5.5800000000000000e+03	 4.5250705162394831e+02	  7.7024485639430452e+01	
  5.6100000000000000e+03	 4.6335192376233016e+02	  1.1769351600850629e+02	
  5.6400000000000000e+03	 4.6283433914482896e+02	  1.2148441954550218e+02	
  5.6700000000000000e+03	 4.6126466307257164e+02	  1.1955618837586022e+02	
  5.7000000000000000e+03	 4.5980253024398672e+02	  1.1943044456335930e+02	
  5.7300000000000000e+03	 4.5971375640075047e+02	  1.2138473099500283e+02	
  5.7600000000000000e+03	 4.4795063505011802e+02	  8.1116375355113490e+01	
  5.7900000000000000e+03	 4.3894554606038650e+02	  5.5887631465437920e+01	
  5.8200000000000000e+03	 4.3218634677195388e+02	  2.9959706589187498e+01	
  5.8500000000000000e+03	 4.2237488208031289e+02	  1.8858140498354850e+00	
  5.8800000000000000e+03	 4.0538901429227860e+02	  -4.0168656656612242e+01	
  5.9100000000000000e+03	 3.7064270718425064e+02	  -2.4949973330695840e+01	
  5.9400000000000000e+03	 3.3934135556405249e+02	  -5.0952146658317439e+00	
  5.9700000000000000e+03	 3.1071409904311571e+02	  9.1140241789972638e+00	
  6.0000000000000000e+03	 2.7011318615775792e+02	  3.2016784794815663e+01	
  6.0300000000000000e+03	 2.3364346561705307e+02	  4.7913536045019598e+01	
  6.0600000000000000e+03	 1.9728817764201958e+02	  7.0808958921797043e+01	
  6.0900000000000000e+03	 1.7119517671917859e+02	  8.1939583728934480e+01	
  6.1200000000000000e+03	 1.4063017498448284e+02	  9.7119116938082271e+01	
  6.1500000000000000e+03	 1.1962247139979563e+02	  1.1271492442598911e+02	
  6.1800000000000000e+03	 8.3000588228111127e+01	  1.3449318354573842e+02	
  6.2100000000000000e+03	 5.6961411719019168e+01	  1.4840368616772705e+02	
  6.2400000000000000e+03	 1.3387614721495034e+01	  1.7192032149423443e+02	
  6.2700000000000000e+03	 -2.7921645952313675e+01	  1.8979927596237121e+02	
  6.3000000000000000e+03	 -6.8140045396300593e+01	  2.0956604049067835e+02	
  6.3300000000000000e+03	 -1.0218318086393168e+02	  2.2907807991080242e+02	
  6.3600000000000000e+03	 -1.3461572529538657e+02	  2.4898003021327830e+02	
  6.3900000000000000e+03	 -1.5711478574109273e+02	  2.6128529584475621e+02	
  6.4200000000000000e+03	 -1.8699468506072986e+02	  2.7261746704592724e+02	
  6.4500000000000000e+03	 -2.1791232204633536e+02	  2.8524579318541055e+02	
  6.4800000000000000e+03	 -2.4003641267842067e+02	  2.9661260448462298e+02	
  6.5100000000000000e+03	 -2.7250362668599661e+02	  3.1485697325827971e+02	
  6.5400000000000000e+03	 -3.0742924273293767e+02	  3.3284339129199611e+02	
  6.5700000000000000e+03	 -3.2734817643011758e+02	  3.4407664965542818e+02	
  6.6000000000000000e+03	 -3.5279027382808289e+02	  3.5199979356451274e+02	
  6.6300000000000000e+03	 -3.8959062238039803e+02	  3.7362435900825267e+02	
  6.6600000000000000e+03	 -4.1392857230549907e+02	  3.8704652599302966e+02	
  6.6900000000000000e+03	 -4.5415759430511127e+02	  4.0844069222544755e+02	
  6.7200000000000000e+03	 -4.2348124747954654e+02	  4.1677067529594495e+02	
  6.7500000000000000e+03	 -3.9441900572177752e+02	  4.2663908358722279e+02	
  6.7800000000000000e+03	 -3.7390576163656499e+02	  4.3845188649084605e+02	
  6.8100000000000000e+03	 -3.4371628451066260e+02	  4.5088078450490599e+02	
  6.8400000000000000e+03	 -3.1828885336659147e+02	  4.6140578087105717e+02	
  6.8700000000000000e+03	 -2.9051287927659217e+02	  4.6862933128628435e+02	
  6.9000000000000000e+03	 -2.5475683968554833e+02	  4.8386532410796576e+02	
  6.9300000000000000e+03	 -2.1796065319821116e+02	  5.0367720771433619e+02	
  6.9600000000000000e+03	 -2.1990784733004531e+02	  5.0185914064329575e+02	
  6.9900000000000000e+03	 -2.2008354820282690e+02	  5.0279356912607847e+02	
  7.0200000000000000e+03	 -2.2030042503997842e+02	  5.0091356607143570e+02	
  7.0500000000000000e+03	 -2.1971956725417814e+02	  5.0051995002089325e+02	
  7.0800000000000000e+03	 -2.1939887640128376e+02	  5.0117433756311118e+02	
  7.1100000000000000e+03	 -1.9607733396575856e+02	  4.6760471327969736e+02	
  7.1400000000000000e+03	 -1.8829447187433672e+02	  4.5404265985201863e+02	
  7.1700000000000000e+03	 -1.6577758906168179e+02	  4.0714839218016090e+02	
  7.2000000000000000e+03	 -1.4995349837037867e+02	  3.8547811907016796e+02	
  7.2300000000000000e+03	 -1.4240505607372765e+02	  3.6126460784861951e+02	
  7.2600000000000000e+03	 -1.2613812053987348e+02	  3.2980424791345757e+02	
  7.2900000000000000e+03	 -1.1015632594268736e+02	  2.8498910966802464e+02	
  7.3200000000000000e+03	 -1.0058370783440105e+02	  2.5225745647254939e+02	
  7.3500000000000000e+03	 -7.8550068026692898e+01	  2.1695168780767057e+02	
  7.3800000000000000e+03	 -5.9304793831909322e+01	  1.8239399893225391e+02	
  7.4100000000000000e+03	 -3.8385350398072944e+01	  1.3891771261465692e+02	
  7.4400000000000000e+03	 -2.4796201269968741e+01	  1.0869524980023100e+02	
  7.4700000000000000e+03	 -1.1195210189099315e+01	  8.6284766717057281e+01	
  7.5000000000000000e+03	 7.8335689730305464e+00	  4.7860610328715865e+01	
  7.5300000000000000e+03	 2.3027683499037913e+01	  6.0689977985245491e+00	
  7.5600000000000000e+03	 2.6715943662431926e+01	  -8.5386644284924458e+00	
  7.5900000000000000e+03	 2.6153136785019679e+01	  -8.3270699275506406e+00	
  7.6200000000000000e+03	 2.4631394075904339e+01	  -6.7341362055261769e+00	
  7.6500000000000000e+03	 2.8273585685895739e+01	  -3.6426608448109562e+01	
  7.6800000000000000e+03	 3.4804822638272142e+01	  -6.0897433352291088e+01	
  7.7100000000000000e+03	 4.0572965094126161e+01	  -8.6582709902301289e+01	
  7.7400000000000000e+03	 5.2961787339880374e+01	  -1.2189289795251972e+02	
  7.7700000000000000e+03	 6.3755675798406216e+01	  -1.4795461283234883e+02	
  7.8000000000000000e+03	 7.8177614679397010e+01	  -1.9452401996039205e+02	
  7.8300000000000000e+03	 8.9723899606973234e+01	  -2.3974667895305123e+02	
  7.8600000000000000e+03	 1.0160001331188396e+02	  -2.7228223344281832e+02	
  7.8900000000000000e+03	 1.0827648874697597e+02	  -2.9996852105303208e+02	
  7.9200000000000000e+03	 1.1874399860988433e+02	  -3.4125793682860132e+02	
  7.9500000000000000e+03	 1.2106974692682951e+02	  -3.7090946822521153e+02	
  7.9800000000000000e+03	 1.3291551189439321e+02	  -4.2169951511903133e+02	
  8.0100000000000000e+03	 1.3956701497058339e+02	  -4.5977633631478346e+02	
  8.0400000000000000e+03	 1.5529715714282668e+02	  -5.1003202714017073e+02	
  8.0700000000000000e+03	 1.6052820240713129e+02	  -5.3771191962237901e+02	
  8.1000000000000000e+03	 1.7948993461775746e+02	  -5.8440773050758753e+02	
  8.1300000000000000e+03	 1.8681343875586884e+02	  -5.5115101129177640e+02	
  8.1600000000000000e+03	 2.0375453995628840e+02	  -5.0778340979128461e+02	
  8.1900000000000000e+03	 2.1978296624159262e+02	  -4.7643095034424499e+02	
  8.2200000000000000e+03	 2.3833342480010890e+02	  -4.4572078328304343e+02	
  8.2500000000000000e+03	 2.6073478277724155e+02	  -4.0557042979955116e+02	
  8.2800000000000000e+03	 2.7653090077666559e+02	  -3.5807273762541496e+02	
  8.3100000000000000e+03	 2.8990320776508969e+02	  -3.1911510720895001e+02	
  8.3400000000000000e+03	 3.0579617622125579e+02	  -2.8141408348696314e+02	
  8.3700000000000000e+03	 3.2113592192257215e+02	  -2.4845248094226932e+02	
  8.4000000000000000e+03	 3.2654893382558669e+02	  -2.2412875499780048e+02	
  8.4300000000000000e+03	 3.4005018056094809e+02	  -1.8688876608824484e+02	
  8.4600000000000000e+03	 3.5099664878265645e+02	  -1.6310944064053103e+02	
  8.4900000000000000e+03	 3.6525973886372947e+02	  -1.1776308159045445e+02	
  8.5200000000000000e+03	 3.7075342688498722e+02	  -9.8574689955608363e+01	
  8.5500000000000000e+03	 3.7949340503838397e+02	  -7.0175312948356634e+01	
  8.5800000000000000e+03	 3.9421146262566890e+02	  -3.7298731494310054e+01	
  8.6100000000000000e+03	 3.9843513724396928e+02	  -1.8777580050549858e+01	
  8.6400000000000000e+03	 4.0902078033469036e+02	  1.3639075859322460e+00	
  8.6700000000000000e+03	 4.1439935809783771e+02	  2.4083822034246783e+01	
  8.7000000000000000e+03	 4.2904103792626205e+02	  6.5208775296652234e+01	
  8.7300000000000000e+03	 4.4812069575434441e+02	  1.0722724825073217e+02	
  8.7600000000000000e+03	 4.5839051802467628e+02	  1.3949379932344351e+02	
  8.7900000000000000e+03	 4.7703842446399278e+02	  1.7361890531944397e+02	
  8.8200000000000000e+03	 4.9047819054258014e+02	  1.9843878826468085e+02	
  8.8500000000000000e+03	 5.0588970343300565e+02	  2.4944021987670618e+02	
  8.8800000000000000e+03	 5.2357982052936700e+02	  2.8220215834878127e+02	
  8.9100000000000000e+03	 5.3513532016389308e+02	  3.0073304544480152e+02	
  8.9400000000000000e+03	 5.4595057672773237e+02	  3.2842933229651436e+02	
  8.9700000000000000e+03	 5.6707066984308562e+02	  3.7436208730664316e+02	
  9.0000000000000000e+03	 5.8129932123339870e+02	  4.1337595349740747e+02	
  9.0300000000000000e+03	 5.9294268709695177e+02	  4.5329493641959215e+02	
  9.0600000000000000e+03	 6.0835211005920894e+02	  4.9045495541839188e+02	
  9.0900000000000000e+03	 6.2344936574117037e+02	  5.1626356934935882e+02	
  9.1200000000000000e+03	 6.3985926062575652e+02	  5.5586768694619514e+02	
  9.1500000000000000e+03	 6.5247537888312002e+02	  5.8052671488727697e+02	
  9.1800000000000000e+03	 6.6587370354092229e+02	  6.1342640045176040e+02	
  9.2100000000000000e+03	 6.4047346747716733e+02	  5.9581102225324810e+02	
  9.2400000000000000e+03	 6.1067540558144958e+02	  5.8160942575016907e+02	
  9.2700000000000000e+03	 5.8456112629182746e+02	  5.6471298117150275e+02	
  9.3000000000000000e+03	 5.4646178338130471e+02	  5.4594033633406298e+02	
  9.3300000000000000e+03	 5.1165359087197044e+02	  5.2229369734113993e+02	
  9.3600000000000000e+03	 4.8757081453779881e+02	  5.0836206605063592e+02	
  9.3900000000000000e+03	 4.5945894496520543e+02	  4.9548349250761771e+02	
  9.4200000000000000e+03	 4.4094834870887235e+02	  4.8804572094518113e+02	
  9.4500000000000000e+03	 4.1430224742171896e+02	  4.7902713282433848e+02	
  9.4800000000000000e+03	 3.7161586054948293e+02	  4.5802284431905127e+02	
  9.5100000000000000e+03	 3.4661368978644413e+02	  4.4116527211566165e+02	
  9.5400000000000000e+03	 3.2026711902647071e+02	  4.2818007726350197e+02	
  9.5700000000000000e+03	 2.7553424819068294e+02	  4.0090148604028889e+02	
  9.6000000000000000e+03	 2.4689106949404916e+02	  3.8750167159456873e+02	
  9.6300000000000000e+03	 2.2477111834117210e+02	  3.8138675943180988e+02	
  9.6600000000000000e+03	 1.9485974762441828e+02	  3.6135654236630808e+02	
  9.6900000000000000e+03	 1.6987584551452835e+02	  3.4455691612646967e+02	
  9.7200000000000000e+03	 1.3536966562515789e+02	  3.2546317319995040e+02	
  9.7500000000000000e+03	 1.1255785314533992e+02	  3.1221778040069813e+02	
  9.7800000000000000e+03	 8.6450641962894480e+01	  2.9992545070891379e+02	
  9.8100000000000000e+03	 5.7455999007243392e+01	  2.8329091727844866e+02	
  9.8400000000000000e+03	 3.1801976812594482e+01	  2.6209200621731486e+02	
  9.8700000000000000e+03	 3.4820783418030885e+00	  2.4971176776576516e+02	
  9.9000000000000000e+03	 -3.4262863750545492e+01	  2.2306551717672633e+02	
  9.9300000000000000e+03	 -6.5007882547563185e+01	  2.0883778793496765e+02	
  9.9600000000000000e+03	 -1.0123832471429471e+02	  1.8814114202161156e+02	
  9.9900000000000000e+03	 -1.3071748958702665e+02	  1.6968076676482943e+02	
  1.0020000000000000e+04	 -1.7186446817822898e+02	  1.5221474048241919e+02	
  1.0050000000000000e+04	 -2.0306132286665485e+02	  1.3694797038061085e+02	
  1.0080000000000000e+04	 -2.2952413035708994e+02	  1.2332777262948862e+02	
  1.0110000000000000e+04	 -2.5294988276699019e+02	  1.0800541650877119e+02	
  1.0140000000000000e+04	 -2.7052351072288650e+02	  9.9620960418501568e+01	
  1.0170000000000000e+04	 -2.9455535164885316e+02	  8.3285349138751840e+01	
  1.0200000000000000e+04	 -3.3720454590759465e+02	  5.5914888757994731e+01	
  1.0230000000000000e+04	 -3.6184000869058974e+02	  4.6440950740633511e+01	
  1.0260000000000000e+04	 -3.9152084906709956e+02	  3.2179558859163407e+01	
  1.0290000000000000e+04	 -4.0797404045402988e+02	  1.9307769608779026e+01	
  1.0320000000000000e+04	 -4.3567309645368050e+02	  6.5850855069329874e+00	
  1.0350000000000000e+04	 -4.3373458731051107e+02	  3.6983871189206141e+01	
  1.0380000000000000e+04	 -4.2420595565125046e+02	  6.9694829039959956e+01	
  1.0410000000000000e+04	 -4.1526200546657077e+02	  1.1018297189347376e+02	
  1.0440000000000000e+04	 -4.0604894134215704e+02	  1.5654537378060155e+02	
  1.0470000000000000e+04	 -4.0341581609637382e+02	  1.8833596282262252e+02	
  1.0500000000000000e+04	 -3.9491802240100520e+02	  2.1725997125572673e+02	
  1.0530000000000000e+04	 -3.8577572419203858e+02	  2.5724160130634954e+02	
  1.0560000000000000e+04	 -3.8231721774879657e+02	  2.9198860054255977e+02	
  1.0590000000000000e+04	 -3.7383541299843358e+02	  3.4101317611131344e+02	
  1.0620000000000000e+04	 -3.6291884708000401e+02	  3.8245012784626346e+02	
  1.0650000000000000e+04	 -3.5502843307855056e+02	  4.2658927776829438e+02	
  1.0680000000000000e+04	 -3.5171053534287000e+02	  4.6270275881974453e+02	
  1.0710000000000000e+04	 -3.4787896792373596e+02	  4.8331146876640997e+02	
  1.0740000000000000e+04	 -3.4323254312222411e+02	  5.1437162381550081e+02	
  1.0770000000000000e+04	 -3.3920888316399601e+02	  5.5175089955203282e+02	
  1.0800000000000000e+04	 -3.3175866916422962e+02	  5.7579341029677289e+02	
  1.0830000000000000e+04	 -3.2334689918444235e+02	  6.2761050539837220e+02	
  1.0860000000000000e+04	 -3.1279108055451809e+02	  6.7101231152440801e+02	
  1.0890000000000000e+04	 -3.1288361408948350e+02	  6.6920194220275107e+02	
  1.0920000000000000e+04	 -3.1138608102159202e+02	  6.6936142920628902e+02	
  1.0950000000000000e+04	 -3.0995765091919071e+02	  6.6740372076520146e+02	
  1.0980000000000000e+04	 -3.0808170735059184e+02	  6.6660744379507662e+02	
  1.1010000000000000e+04	 -3.0730392674813618e+02	  6.6783574003021590e+02	
  1.1040000000000000e+04	 -3.0694972611445905e+02	  6.6808808869588768e+02	
  1.1070000000000000e+04	 -2.9401337179150067e+02	  6.3506931149699381e+02	
  1.1100000000000000e+04	 -2.8652982637266257e+02	  6.1394262058348613e+02	
  1.1130000000000000e+04	 -2.6633248561947448e+02	  5.8284488740362815e+02	
  1.1160000000000000e+04	 -2.4609273985736297e+02	  5.3822927229569552e+02	
  1.1190000000000000e+04	 -2.2694498172020343e+02	  4.9764978974660517e+02	
  1.1220000000000000e+04	 -2.1529635205454207e+02	  4.6785166053077035e+02	
  1.1250000000000000e+04	 -2.0144829369174323e+02	  4.3938589399571464e+02	
  1.1280000000000000e+04	 -1.9703628941797453e+02	  4.2469165470788943e+02	
  1.1310000000000000e+04	 -1.8475090097876435e+02	  3.9696354344186904e+02	
  1.1340000000000000e+04	 -1.7619279707331819e+02	  3.7360628586290505e+02	
  1.1370000000000000e+04	 -1.6044371327412242e+02	  3.4432277523752219e+02	
  1.1400000000000000e+04	 -1.4544833164862254e+02	  3.0875294233910120e+02	
  1.1430000000000000e+04	 -1.3487974429406671e+02	  2.8002309260263678e+02	
  1.1460000000000000e+04	 -1.1393128060532968e+02	  2.4062902552309740e+02	
  1.1490000000000000e+04	 -9.1966667950733239e+01	  2.0157990662779420e+02	
  1.1520000000000000e+04	 -7.2601706889060864e+01	  1.7029991711948509e+02	
  1.1550000000000000e+04	 -6.1887342222323490e+01	  1.4139611839605234e+02	
  1.1580000000000000e+04	 -4.4755538107480007e+01	  1.0739000849849870e+02	
  1.1610000000000000e+04	 -3.2372300033404159e+01	  7.8349449545247452e+01	
  1.1640000000000000e+04	 -2.6683389997678546e+01	  5.9169484328540605e+01	
  1.1670000000000000e+04	 -6.6979857637670648e+00	  1.0837170569173630e+01	
  1.1700000000000000e+04	 1.7178984401957493e+01	  -2.8963483930320017e+01	
  1.1730000000000000e+04	 3.2165976273385702e+01	  -7.0191378493275863e+01	
  1.1760000000000000e+04	 5.2969620393010501e+01	  -1.0746097728696498e+02	
  1.1790000000000000e+04	 6.2377589024448824e+01	  -1.2979476013623255e+02	
  1.1820000000000000e+04	 7.1955129329859076e+01	  -1.5015484685118119e+02	
  1.1850000000000000e+04	 9.4267811054946492e+01	  -1.9800211383474925e+02	
  1.1880000000000000e+04	 1.0159448596281298e+02	  -2.2678912879693038e+02	
  1.1910000000000000e+04	 1.1753361210219029e+02	  -2.6446151856347075e+02	
  1.1940000000000000e+04	 1.3421100143678220e+02	  -2.9648683210054355e+02	
  1.1970000000000000e+04	 1.4688936554350332e+02	  -3.3817072611967569e+02	
  1.2000000000000000e+04	 1.8713577415973151e+02	  -3.0188762515024752e+02	
  1.2030000000000000e+04	 2.2388680925410989e+02	  -2.6652958685644899e+02	
  1.2060000000000000e+04	 2.6074892938817436e+02	  -2.3777489674837094e+02	
  1.2090000000000000e+04	 2.9018887864456104e+02	  -2.1103042016863785e+02	
  1.2120000000000000e+04	 3.2416532505831981e+02	  -1.8291894629295669e+02	
  1.2150000000000000e+04	 3.4277563590664499e+02	  -1.6151775017140935e+02	
  1.2180000000000000e+04	 3.5889568621915322e+02	  -1.4169109519635100e+02	
  1.2210000000000000e+04	 3.8306699065686206e+02	  -1.2103975753596848e+02	
  1.2240000000000000e+04	 4.1368707844823422e+02	  -9.1467310245673531e+01	
  1.2270000000000000e+04	 4.3760112045517684e+02	  -7.2832682314544030e+01	
  1.2300000000000000e+04	 4.4986848662591706e+02	  -5.9624061881376868e+01	
  1.2330000000000000e+04	 4.6473149732663325e+02	  -4.4750970495527305e+01	
  1.2360000000000000e+04	 4.9109793098706814e+02	  -2.0375616170601337e+01	
  1.2390000000000000e+04	 5.1267939556314116e+02	  -5.8438276031545104e+00	
  1.2420000000000000e+04	 5.2723637975932922e+02	  6.4075955656542174e+00	
  1.2450000000000000e+04	 5.4231941888862627e+02	  1.9653075822643281e+01	
  1.2480000000000000e+04	 5.6587178416015831e+02	  4.2915056213072155e+01	
  1.2510000000000000e+04	 5.8512337236998974e+02	  5.7611828037450209e+01	
  1.2540000000000000e+04	 6.0104966834738366e+02	  7.5546748275167545e+01	
  1.2570000000000000e+04	 6.1766151926472537e+02	  9.6448403303513714e+01	
  1.2600000000000000e+04	 6.4356448396516510e+02	  1.2511745065485871e+02	
  1.2630000000000000e+04	 6.6240327466578867e+02	  1.4109099984173730e+02	
  1.2660000000000000e+04	 6.8740732196704732e+02	  1.6194850576370419e+02	
  1.2690000000000000e+04	 7.1297144301784090e+02	  1.9668334560133434e+02	
  1.2720000000000000e+04	 7.4385294971312214e+02	  2.3073996288443541e+02	
  1.2750000000000000e+04	 7.4804759827295220e+02	  2.3978532465479452e+02	
  1.2780000000000000e+04	 7.4675903997072464e+02	  2.3778981455785475e+02	
  1.2810000000000000e+04	 7.4726245038141201e+02	  2.3759367576186972e+02	
  1.2840000000000000e+04	 7.4631126495957108e+02	  2.3929079899239133e+02	
  1.2870000000000000e+04	 7.4433921224956157e+02	  2.4003870941087015e+02	
  1.2900000000000000e+04	 7.4614671484342261e+02	  2.3940214058267776e+02	
  1.2930000000000000e+04	 7.1571786790970884e+02	  2.4153609799496863e+02	
  1.2960000000000000e+04	 6.7837409950530230e+02	  2.3543176021102894e+02	
  1.2990000000000000e+04	 6.4912832540193358e+02	  2.3187782087754744e+02	
  1.3020000000000000e+04	 6.0477771404386601e+02	  2.2615038342866774e+02	
  1.3050000000000000e+04	 5.7258656938461331e+02	  2.2074334448566898e+02	
  1.3080000000000000e+04	 5.3698484869508820e+02	  2.2215744539777506e+02	
  1.3110000000000000e+04	 5.0295395180995331e+02	  2.1821690872074117e+02	
  1.3140000000000000e+04	 4.5815115107304064e+02	  2.1241434588377788e+02	
  1.3170000000000000e+04	 4.3134043947932446e+02	  2.1115441308729416e+02	
  1.3200000000000000e+04	 4.0503503857656210e+02	  2.0904920564323177e+02	
  1.3230000000000000e+04	 3.7263461814322704e+02	  2.0371388902690285e+02	
  1.3260000000000000e+04	 3.3269954005383278e+02	  2.0322035856365812e+02	
  1.3290000000000000e+04	 3.0308266050538867e+02	  1.9830010071397422e+02	
  1.3320000000000000e+04	 2.6850304261900237e+02	  1.9702846899646846e+02	
  1.3350000000000000e+04	 2.4539952921552182e+02	  1.9819413331668824e+02	
  1.3380000000000000e+04	 2.2345365374974963e+02	  1.9160655211650257e+02	
  1.3410000000000000e+04	 1.7777382591715758e+02	  1.8606738820458122e+02	
  1.3440000000000000e+04	 1.2920640244506205e+02	  1.7780465767208236e+02	
  1.3470000000000000e+04	 8.7648875731999794e+01	  1.7149146422929019e+02	
  1.3500000000000000e+04	 5.9703085944974646e+01	  1.6933839802995425e+02	
  1.3530000000000000e+04	 2.0912029599626074e+01	  1.6394987806327595e+02	
  1.3560000000000000e+04	 -7.1959788929280890e+00	  1.6228103038661428e+02	
  1.3590000000000000e+04	 -2.8325583233274514e+01	  1.5961363390558554e+02	
  1.3620000000000000e+04	 -6.2654466146837983e+01	  1.5550832686754640e+02	
  1.3650000000000000e+04	 -8.3801401638507741e+01	  1.5380151210593843e+02	
  1.3680000000000000e+04	 -1.2220753721691500e+02	  1.4725710304618372e+02	
  1.3710000000000000e+04	 -1.5530684182487437e+02	  1.4496554141429263e+02	
  1.3740000000000000e+04	 -2.0085759651808644e+02	  1.5312128260625454e+02	
  1.3770000000000000e+04	 -2.2197639259709095e+02	  1.5800861974137962e+02	
  1.3800000000000000e+04	 -2.4593551342056617e+02	  1.6776393556067686e+02	
  1.3830000000000000e+04	 -2.7734840007868240e+02	  1.8079486382012561e+02	
  1.3860000000000000e+04	 -3.0899707456192465e+02	  1.9430910808307317e+02	
  1.3890000000000000e+04	 -3.3407064923032021e+02	  1.9757975723013902e+02	
  1.3920000000000000e+04	 -3.3258326272813304e+02	  1.9620989371518371e+02	
  1.3950000000000000e+04	 -3.3531886183454839e+02	  1.6910973313919561e+02	
  1.3980000000000000e+04	 -3.3771503603540162e+02	  1.4650244122400161e+02	
  1.4010000000000000e+04	 -3.5090892012621060e+02	  9.9324758983652316e+01	
  1.4040000000000000e+04	 -3.6158067144167586e+02	  6.1993281876307989e+01	
  1.4070000000000000e+04	 -3.6356981682151684e+02	  3.2920976780303747e+01	
  1.4100000000000000e+04	 -3.6326301314038108e+02	  1.1083860795893678e+01	
  1.4130000000000000e+04	 -3.7374551376447425e+02	  -3.4821563886095760e+01	
  1.4160000000000000e+04	 -3.8383367387325950e+02	  -7.1451462697956401e+01	
  1.4190000000000000e+04	 -3.9098288736906892e+02	  -1.1130885989861298e+02	
  1.4220000000000000e+04	 -3.9963885250508406e+02	  -1.5506374980435558e+02	
  1.4250000000000000e+04	 -3.7538125589947504e+02	  -1.4789490942412343e+02	
  1.4280000000000000e+04	 -3.5162185511400264e+02	  -1.4730418232787525e+02	
  1.4310000000000000e+04	 -3.1766410569880088e+02	  -1.3207010134518526e+02	
  1.4340000000000000e+04	 -2.7460333458287653e+02	  -1.2302948455934595e+02	
  1.4370000000000000e+04	 -2.5666251310279711e+02	  -1.1461868772936843e+02	
  1.4400000000000000e+04	 -2.2793220039395555e+02	  -1.0583148808798509e+02	
  1.4430000000000000e+04	 -2.0461035663490847e+02	  -1.0059025296096632e+02	
  1.4460000000000000e+04	 -1.6919506492250059e+02	  -9.7345044198594763e+01	
  1.4490000000000000e+04	 -1.4068683448852946e+02	  -8.9031434543643542e+01	
  1.4520000000000000e+04	 -1.0273288768574673e+02	  -8.0197177966248105e+01	
  1.4550000000000000e+04	 -6.5978025393382467e+01	  -7.5244056363765438e+01	
  1.4580000000000000e+04	 -4.3736150782602778e+01	  -7.1600897607858940e+01	
  1.4610000000000000e+04	 -9.4745960634355697e-01	  -6.1247487036972075e+01	
  1.4640000000000000e+04	 3.2955570684997497e+01	  -5.4517458187004010e+01	
  1.4670000000000000e+04	 6.4927006970227822e+01	  -4.3831551128404570e+01	
  1.4700000000000000e+04	 1.0500613473709325e+02	  -3.4760066602317522e+01	
  1.4730000000000000e+04	 1.3323121813464272e+02	  -2.9803761468323078e+01	
  1.4760000000000000e+04	 1.7547445233721203e+02	  -1.3333971153150639e+01	
  1.4790000000000000e+04	 2.0262379757861720e+02	  -5.5334666863444477e+00	
  1.4820000000000000e+04	 2.3508047027528119e+02	  -2.1110765176710800e+00	
  1.4850000000000000e+04	 2.7095262852199164e+02	  7.5055123622295934e+00	
  1.4880000000000000e+04	 2.9585252320019362e+02	  1.7431798133229009e+01	
  1.4910000000000000e+04	 3.2891256889646240e+02	  2.5654249384346066e+01	
  1.4940000000000000e+04	 3.7057545021702390e+02	  4.2599935176397217e+01	
  1.4970000000000000e+04	 3.9556797584937254e+02	  4.5995293526971352e+01	
  1.5000000000000000e+04	 4.2861636185033257e+02	  5.7969358292442408e+01	
  1.5030000000000000e+04	 4.5509047509846204e+02	  6.0419884803762884e+01	
  1.5060000000000000e+04	 4.9393369210378830e+02	  6.8001035696524625e+01	
  1.5090000000000000e+04	 5.3773540822389862e+02	  7.8500263353178752e+01	
  1.5120000000000000e+04	 5.8055376012035310e+02	  8.9839037955536099e+01	
  1.5150000000000000e+04	 6.2201176796277980e+02	  1.0073163091340166e+02	
  1.5180000000000000e+04	 6.3835697986606840e+02	  1.0683400041528733e+02	
  1.5210000000000000e+04	 6.6670556085897078e+02	  1.1255949328031244e+02	
  1.5240000000000000e+04	 7.0485146064089838e+02	  1.3207632999006171e+02	
  1.5270000000000000e+04	 6.9275909989114393e+02	  1.0990978160326003e+02	
  1.5300000000000000e+04	 6.7038030894296060e+02	  9.1938305539121842e+01	
  1.5330000000000000e+04	 6.4368063632227677e+02	  5.7590100662710583e+01	
  1.5360000000000000e+04	 6.1299415654660311e+02	  2.1499097827787494e+01	
  1.5390000000000000e+04	 5.9435919808072026e+02	  -3.8258787988243270e+00	
  1.5420000000000000e+04	 5.7827315444472902e+02	  -1.9663018406785355e+01	
  1.5450000000000000e+04	 5.4790563120731372e+02	  -5.4014144810299904e+01	
  1.5480000000000000e+04	 5.3489689244019473e+02	  -6.9868738863299370e+01	
  1.5510000000000000e+04	 5.0559357901502506e+02	  -1.0160263824602029e+02	
  1.5540000000000000e+04	 4.7188316681872436e+02	  -1.3501523826119680e+02	
  1.5570000000000000e+04	 4.5308243634852766e+02	  -1.5372995898560413e+02	
  1.5600000000000000e+04	 4.2876434262141004e+02	  -1.7989506455443228e+02	
  1.5630000000000000e+04	 4.0558934062518119e+02	  -2.1727982688224728e+02	
  1.5660000000000000e+04	 3.9380583020232621e+02	  -2.3712999973885783e+02	
  1.5690000000000000e+04	 3.6281430040718351e+02	  -2.7739992731369000e+02	
  1.5720000000000000e+04	 3.5222355417004673e+02	  -2.9011748773037459e+02	
  1.5750000000000000e+04	 3.2268095168005431e+02	  -3.2536192692136649e+02	
  1.5780000000000000e+04	 3.0554926698307111e+02	  -3.4071545662673685e+02	
  1.5810000000000000e+04	 2.8863520756532819e+02	  -3.5938316395331458e+02	
  1.5840000000000000e+04	 2.6655634916737711e+02	  -3.8721598924643683e+02	
  1.5870000000000000e+04	 2.4213037194506717e+02	  -4.0957803790839620e+02	
  1.5900000000000000e+04	 2.1786664364800930e+02	  -4.3656761620851069e+02	
  1.5930000000000000e+04	 1.9616921802715532e+02	  -4.6717936383063727e+02	
  1.5960000000000000e+04	 1.8135708546400795e+02	  -4.8473276312831683e+02	
  1.5990000000000000e+04	 1.7956771285534526e+02	  -4.8672979873336647e+02	
  1.6020000000000000e+04	 1.7913958530593422e+02	  -4.8650125182139482e+02	
  1.6050000000000000e+04	 1.7790409610245447e+02	  -4.8488654079363158e+02	
  1.6080000000000000e+04	 1.7716330856155787e+02	  -4.8487811905314936e+02	
  1.6110000000000000e+04	 1.6952725624245608e+02	  -4.5368078551506716e+02	
  1.6140000000000000e+04	 1.6048370042136597e+02	  -4.2441416701893195e+02	
  1.6170000000000000e+04	 1.4951940764079259e+02	  -3.9638743059779233e+02	
  1.6200000000000000e+04	 1.4119200058434913e+02	  -3.7556285908988536e+02	
  1.6230000000000000e+04	 1.3623041389366867e+02	  -3.5624810089389416e+02	
  1.6260000000000000e+04	 1.2307978354995382e+02	  -3.3081924931810045e+02	
  1.6290000000000000e+04	 1.1321291800346874e+02	  -3.0029663753704153e+02	
  1.6320000000000000e+04	 1.0138738175664906e+02	  -2.7295295510346193e+02	
  1.6350000000000000e+04	 8.4669526459972502e+01	  -2.4279351399369443e+02	
  1.6380000000000000e+04	 6.2261478799931169e+01	  -1.9649072478952115e+02	
  1.6410000000000000e+04	 5.0277978312966617e+01	  -1.6000885185629539e+02	
  1.6440000000000000e+04	 4.5218524172174980e+01	  -1.3754282496049410e+02	
  1.6470000000000000e+04	 3.3169555750576059e+01	  -1.0879966191810925e+02	
  1.6500000000000000e+04	 2.2572309119628827e+01	  -8.3052457186092582e+01	
  1.6530000000000000e+04	 -7.5439994939501887e-01	  -3.6561146082960299e+01	
  1.6560000000000000e+04	 -1.7758035211572015e+01	  1.0233458174765033e+01	
  1.6590000000000000e+04	 -2.3501989370594913e+01	  3.5622690214564564e+01	
  1.6620000000000000e+04	 -4.1894558548497599e+01	  8.1640231449566727e+01	
  1.6650000000000000e+04	 -5.4717326133339057e+01	  1.1182358502852003e+02	
  1.6680000000000000e+04	 -7.4089451327508556e+01	  1.4155253377355263e+02	
  1.6710000000000000e+04	 -8.5285057773600613e+01	  1.6125292872980026e+02	
  1.6740000000000000e+04	 -9.3923654639456117e+01	  1.9081844195299243e+02	
  1.6770000000000000e+04	 -1.0910667397876770e+02	  2.2795427185823442e+02	
  1.6800000000000000e+04	 -1.3014560402404558e+02	  2.6959454137363770e+02	
  1.6830000000000000e+04	 -1.4397150512750630e+02	  2.8874771897539637e+02	
  1.6860000000000000e+04	 -1.6553106756716113e+02	  3.3525221625334513e+02	
  1.6890000000000000e+04	 -1.8372949495781987e+02	  3.6136198453819725e+02	
  1.6920000000000000e+04	 -1.9638392515314123e+02	  3.9588814319270199e+02	
  1.6950000000000000e+04	 -1.6559086732689698e+02	  4.0279705978740594e+02	
  1.6980000000000000e+04	 -1.4084470395014804e+02	  4.0898089908293372e+02	
  1.7010000000000000e+04	 -9.5081269191899082e+01	  4.2074637740636894e+02	
  1.7040000000000000e+04	 -6.2356356552029190e+01	  4.2532649740428934e+02	
  1.7070000000000000e+04	 -1.6534350688963244e+01	  4.4184943207277843e+02	
  1.7100000000000000e+04	 1.4167295171526526e+01	  4.4696564098668262e+02	
  1.7130000000000000e+04	 6.0054175955270516e+01	  4.6316863580028138e+02	
  1.7160000000000000e+04	 8.0389012800191978e+01	  4.7191086693510744e+02	
  1.7190000000000000e+04	 1.0396764175715242e+02	  4.7375198906425555e+02	
  1.7220000000000000e+04	 1.2839966510030692e+02	  4.8210338359407757e+02	
  1.7250000000000000e+04	 1.5203720474275940e+02	  4.8404816645496390e+02	
  1.7280000000000000e+04	 1.7948730377822801e+02	  4.9158936331073528e+02	
  1.7310000000000000e+04	 2.1740892078803336e+02	  4.9961340749168107e+02	
  1.7340000000000000e+04	 2.5904320663637554e+02	  5.1624281205147406e+02	
  1.7370000000000000e+04	 2.9930941815783751e+02	  5.2322326274295153e+02	
  1.7400000000000000e+04	 3.2909661515509646e+02	  5.3078841392759591e+02	
  1.7430000000000000e+04	 3.6079739030607408e+02	  5.3767130060195814e+02	
  1.7460000000000000e+04	 3.8414372495764161e+02	  5.4686794792994567e+02	
  1.7490000000000000e+04	 4.2143623568262177e+02	  5.5797483697140910e+02	
  1.7520000000000000e+04	 4.6144411379774920e+02	  5.7484085101791936e+02	
  1.7550000000000000e+04	 4.2363359588275216e+02	  5.5567289824849695e+02	
  1.7580000000000000e+04	 3.9580389284111175e+02	  5.4400316855511312e+02	
  1.7610000000000000e+04	 3.6076394526747612e+02	  5.2876276460522888e+02	
  1.7640000000000000e+04	 3.2878740677493761e+02	  5.1565936655965709e+02	
  1.7670000000000000e+04	 2.8916247969140943e+02	  5.0038848509024785e+02	
  1.7700000000000000e+04	 2.6109617844222799e+02	  4.8984913061940449e+02	
  1.7730000000000000e+04	 2.2913651973659594e+02	  4.7212602957207730e+02	
  1.7760000000000000e+04	 2.0631657395636211e+02	  4.6225158607326767e+02	
  1.7790000000000000e+04	 1.6836858813964551e+02	  4.4680754132620086e+02	
  1.7820000000000000e+04	 1.4613664960203286e+02	  4.3587483981626457e+02	
  1.7850000000000000e+04	 1.1772445362371744e+02	  4.2924710197617543e+02	
  1.7880000000000000e+04	 9.0487006309525128e+01	  4.1931695647705118e+02	
  1.7910000000000000e+04	 5.3468440588784723e+01	  4.0676473470579356e+02	
  1.7940000000000000e+04	 2.9433766689398901e+01	  3.9115973813543769e+02	
  1.7970000000000000e+04	 -4.6862719161790878e-01	  3.7251699630417659e+02	
  1.8000000000000000e+04	 3.0909295376550322e+01	  3.6606761559919772e+02	
  1.8030000000000000e+04	 6.9606920046046199e+01	  3.5546918797039530e+02	
  1.8060000000000000e+04	 1.1844554346371604e+02	  3.4459266324228366e+02	
  1.8090000000000000e+04	 1.6147710211989153e+02	  3.3862949374074299e+02	
  1.8120000000000000e+04	 2.1055830381783960e+02	  3.2978759138490886e+02	
  1.8150000000000000e+04	 2.3865403090860690e+02	  3.2120973885589711e+02	
  1.8180000000000000e+04	 2.6632231638700137e+02	  3.1401147069291153e+02	
  1.8210000000000000e+04	 3.0586890935495575e+02	  3.0323979802657271e+02	
  1.8240000000000000e+04	 3.4009137569150687e+02	  2.9387075605461416e+02	
  1.8270000000000000e+04	 3.7231956464777977e+02	  2.8672074476530611e+02	
  1.8300000000000000e+04	 3.9890775817116889e+02	  2.8553896008801820e+02	
  1.8330000000000000e+04	 4.4339277787627930e+02	  2.7486108324658807e+02	
  1.8360000000000000e+04	 4.6827769573957272e+02	  2.6956550447817341e+02	
  1.8390000000000000e+04	 4.8841778054245231e+02	  2.7245095240582697e+02	
  1.8420000000000000e+04	 4.8764927109492862e+02	  2.7074762516176600e+02	
  1.8450000000000000e+04	 4.8863043401350188e+02	  2.6887468452564775e+02	
  1.8480000000000000e+04	 4.8975666012938603e+02	  2.6713126232750579e+02	
  1.8510000000000000e+04	 4.8836104290810096e+02	  2.6532388945546074e+02	
  1.8540000000000000e+04	 4.8961879148616299e+02	  2.6352886587473682e+02	
  1.8570000000000000e+04	 4.9150149678998747e+02	  2.6387406128550543e+02	
  1.8600000000000000e+04	 4.9164579013040805e+02	  2.6329582049172240e+02	
  1.8630000000000000e+04	 4.9170534692215585e+02	  2.6502609315398024e+02	
  1.8660000000000000e+04	 4.8542163915655618e+02	  2.3255210775454736e+02	
  1.8690000000000000e+04	 4.7997180516113536e+02	  1.9104214288386632e+02	
  1.8720000000000000e+04	 4.8222124081788093e+02	  1.7241955465867855e+02	
  1.8750000000000000e+04	 4.7535161891178433e+02	  1.3348591093911367e+02	
  1.8780000000000000e+04	 4.7448852153081555e+02	  9.1040838324299841e+01	
  1.8810000000000000e+04	 4.7678340293024877e+02	  6.8911796793638914e+01	
  1.8840000000000000e+04	 4.7196025998160252e+02	  3.0996718843086519e+01	
  1.8870000000000000e+04	 4.6746176807662584e+02	  -1.4959984768072417e+01	
  1.8900000000000000e+04	 4.6761639071383064e+02	  -3.8393095134137553e+01	
  1.8930000000000000e+04	 4.6723823858763927e+02	  -7.1661325851484420e+01	
  1.8960000000000000e+04	 4.6790133807205115e+02	  -9.8217009846336140e+01	
  1.8990000000000000e+04	 4.7365059397873307e+02	  -1.2662090227982640e+02	
  1.9020000000000000e+04	 4.9418331570985885e+02	  -1.7200572253453362e+02	
  1.9050000000000000e+04	 5.1009164589423409e+02	  -1.9369609156643676e+02	
  1.9080000000000000e+04	 5.2227393357519850e+02	  -2.3418268134930742e+02	
  1.9110000000000000e+04	 5.3697517291784845e+02	  -2.6390856375212758e+02	
  1.9140000000000000e+04	 5.4523084093336388e+02	  -2.9985686889131671e+02	
  1.9170000000000000e+04	 5.1478490858630141e+02	  -3.0700195139108649e+02	
  1.9200000000000000e+04	 4.7564079177721618e+02	  -3.0885323415538284e+02	
  1.9230000000000000e+04	 4.4308971543748146e+02	  -3.1038104067264862e+02	
  1.9260000000000000e+04	 4.0697001480087022e+02	  -3.1373784014238220e+02	
  1.9290000000000000e+04	 3.9450301759176409e+02	  -3.2605831834933605e+02	
  1.9320000000000000e+04	 4.3416803691787823e+02	  -3.3932744004536175e+02	
  1.9350000000000000e+04	 4.5754479925665129e+02	  -3.4433879470477848e+02	
  1.9380000000000000e+04	 4.9180725969655595e+02	  -3.5713063061320463e+02	
  1.9410000000000000e+04	 5.2474734062554558e+02	  -3.6461270080066623e+02	
  1.9440000000000000e+04	 4.8636533724414778e+02	  -3.5729559234652447e+02	
  1.9470000000000000e+04	 4.6691982591336824e+02	  -3.5314179891730515e+02	
  1.9500000000000000e+04	 4.3060868229495952e+02	  -3.4754382731079676e+02	
  1.9530000000000000e+04	 4.0318844467829035e+02	  -3.4596997489891407e+02	
  1.9560000000000000e+04	 3.5941842860107357e+02	  -3.4574653812018880e+02	
  1.9590000000000000e+04	 3.2745013457360130e+02	  -3.4239010829006793e+02	
  1.9620000000000000e+04	 2.9821847716415886e+02	  -3.4145184325588332e+02	
  1.9650000000000000e+04	 2.6736221650573174e+02	  -3.3414595384539570e+02	
  1.9680000000000000e+04	 2.3011068470259903e+02	  -3.3053232285738875e+02	
  1.9710000000000000e+04	 1.9769276912842571e+02	  -3.2954895263816627e+02	
  1.9740000000000000e+04	 1.5947360939560403e+02	  -3.2472838226669711e+02	
  1.9770000000000000e+04	 1.3218519906413246e+02	  -3.2303261980362583e+02	
  1.9800000000000000e+04	 1.0593885637451278e+02	  -3.1881559460382243e+02	
  1.9830000000000000e+04	 7.5574685770734590e+01	  -3.1324709868162512e+02	
  1.9860000000000000e+04	 4.6459577050861121e+01	  -3.0822537043018775e+02	
  1.9890000000000000e+04	 3.3074535092782725e+01	  -2.8955024443663223e+02	
  1.9920000000000000e+04	 1.4047656117168774e+01	  -2.5875694109483379e+02	
  1.9950000000000000e+04	 -2.0559396531993823e+01	  -2.2242627955101341e+02	
  1.9980000000000000e+04	 -5.5023792506254011e+01	  -1.8520628671159147e+02	
  2.0010000000000000e+04	 -6.9663102198361301e+01	  -1.6396942680152915e+02	
  2.0040000000000000e+04	 -9.0756353495390442e+01	  -1.3864961733013644e+02	
  2.0070000000000000e+04	 -1.2046201659177797e+02	  -9.7535216749706237e+01	
  2.0100000000000000e+04	 -1.3675010936737991e+02	  -6.7360389489804419e+01	
  2.0130000000000000e+04	 -1.6313053911129720e+02	  -3.2653612269840806e+01	
  2.0160000000000000e+04	 -1.8435284893741289e+02	  -8.5553066502601780e+00	
  2.0190000000000000e+04	 -2.1218618102942054e+02	  2.4952828416005595e+01	
  2.0220000000000000e+04	 -2.3877783277380726e+02	  6.0826087819719127e+01	
  2.0250000000000000e+04	 -2.4978471448407592e+02	  7.3708464457800673e+01	
  2.0280000000000000e+04	 -2.6363166665217000e+02	  1.0058354532386275e+02	
  2.0310000000000000e+04	 -2.8993169551406226e+02	  1.4135433159384462e+02	
  2.0340000000000000e+04	 -3.2431542998104158e+02	  1.8121030467686651e+02	
  2.0370000000000000e+04	 -3.4545984484126870e+02	  2.0774865830180164e+02	
  2.0400000000000000e+04	 -3.2480665081172583e+02	  1.7913421068313141e+02	
  2.0430000000000000e+04	 -2.9356056696558892e+02	  1.4423534276626657e+02	
  2.0460000000000000e+04	 -2.6954958656246083e+02	  1.1745613391824199e+02	
  2.0490000000000000e+04	 -2.5617392110703275e+02	  9.3149778154356554e+01	
  2.0520000000000000e+04	 -2.3497186096878949e+02	  5.8782675611539133e+01	
  2.0550000000000000e+04	 -2.1821035543075806e+02	  4.0768736983851944e+01	
  2.0580000000000000e+04	 -1.9356431497396886e+02	  1.2485100527449791e+01	
  2.0610000000000000e+04	 -1.6816557776025329e+02	  -1.3071910959189999e+01	
  2.0640000000000000e+04	 -1.3827386320100587e+02	  -5.0476262657022609e+01	
  2.0670000000000000e+04	 -1.2312841889175101e+02	  -7.9608795672880817e+01	
  2.0700000000000000e+04	 -1.0087269785145344e+02	  -1.1516072692262748e+02	
  2.0730000000000000e+04	 -7.7976271398112033e+01	  -1.4695004688721156e+02	
  2.0760000000000000e+04	 -6.4408388879378649e+01	  -1.7087953658338776e+02	
  2.0790000000000000e+04	 -4.7812152220103741e+01	  -1.8804724948590876e+02	
  2.0820000000000000e+04	 -2.4779432159854249e+01	  -2.2141306728433233e+02	
  2.0850000000000000e+04	 -5.4822941949701267e+00	  -2.4617985615640336e+02	
  2.0880000000000000e+04	 1.5066072130026164e+01	  -2.8034888511707027e+02	
  2.0910000000000000e+04	 3.5760894041987768e+01	  -2.9830934859428777e+02	
  2.0940000000000000e+04	 5.9076017098600019e+01	  -3.2421490260953448e+02	
  2.0970000000000000e+04	 7.3317185949980299e+01	  -3.4725917785269093e+02	
  2.1000000000000000e+04	 9.9510437217986038e+01	  -3.7747127804249732e+02	
  2.1030000000000000e+04	 1.1593899315351980e+02	  -3.9150104144458226e+02	
  2.1060000000000000e+04	 1.3243046453422818e+02	  -4.1742207454766890e+02	
  2.1090000000000000e+04	 1.4799095203545423e+02	  -4.4272592845301386e+02	
  2.1120000000000000e+04	 1.6534529633887360e+02	  -4.7055307494017472e+02	
  2.1150000000000000e+04	 1.9121443586104451e+02	  -5.0538053131332146e+02	
  2.1180000000000000e+04	 2.1525448810838972e+02	  -5.4005954910865830e+02	
  2.1210000000000000e+04	 2.2494026429944572e+02	  -5.6677897284909136e+02	
  2.1240000000000000e+04	 2.2873514533932143e+02	  -5.6553190736440422e+02	
  2.1270000000000000e+04	 2.2772359587912391e+02	  -5.6421685989854609e+02	
  2.1300000000000000e+04	 2.2666901320010834e+02	  -5.6491776432240704e+02	
  2.1330000000000000e+04	 2.2576042396526952e+02	  -5.6514796267817837e+02	
  2.1360000000000000e+04	 2.2549224022063120e+02	  -5.6372560173496140e+02	
  2.1390000000000000e+04	 2.2065775857648586e+02	  -5.4072969260358343e+02	
  2.1420000000000000e+04	 2.1770857343153119e+02	  -5.1601138915141485e+02	
  2.1450000000000000e+04	 2.1117221568496311e+02	  -4.7133549277585973e+02	
  2.1480000000000000e+04	 2.0749701986750659e+02	  -4.2724729962392956e+02	
  2.1510000000000000e+04	 2.0325574202826704e+02	  -3.8014146352003587e+02	
  2.1540000000000000e+04	 1.9489821588230436e+02	  -3.4583155417544026e+02	
  2.1570000000000000e+04	 1.8533636700064864e+02	  -3.1146844881592511e+02	
  2.1600000000000000e+04	 1.8190153096605695e+02	  -2.7951766598749344e+02	
  2.1630000000000000e+04	 1.7906585361172853e+02	  -2.5746290612186704e+02	
  2.1660000000000000e+04	 1.7288310322881969e+02	  -2.2880738035421285e+02	
  2.1690000000000000e+04	 1.7248140834280687e+02	  -1.9609185194391526e+02	
  2.1720000000000000e+04	 1.6555682321494919e+02	  -1.5169070223092180e+02	
  2.1750000000000000e+04	 1.5974448279436012e+02	  -1.3040411460836285e+02	
  2.1780000000000000e+04	 1.5099662688747426e+02	  -9.5693879018399571e+01	
  2.1810000000000000e+04	 1.4705385670288584e+02	  -6.9794400056926818e+01	
  2.1840000000000000e+04	 1.3957219905559259e+02	  -4.5084429455388332e+01	
  2.1870000000000000e+04	 1.3453043828997559e+02	  -1.5749702540941701e+01	
  2.1900000000000000e+04	 1.3445070787670485e+02	  5.1630173354197204e+00	
  2.1930000000000000e+04	 1.3291353127652130e+02	  4.2760746889043403e+01	
  2.1960000000000000e+04	 1.2545507546087947e+02	  9.0778150103881060e+01	
  2.1990000000000000e+04	 1.2635645132322178e+02	  1.1792221168216699e+02	
  2.2020000000000000e+04	 9.6655084664929262e+01	  1.2744568232872487e+02	
  2.2050000000000000e+04	 4.5590645051036859e+01	  1.3545723434822759e+02	
  2.2080000000000000e+04	 1.7237438341192462e+01	  1.3973015300283186e+02	
  2.2110000000000000e+04	 -3.2949280781802031e+01	  1.4936850193642289e+02	
  2.2140000000000000e+04	 -8.1810060268483682e+01	  1.5648376805434526e+02	
  2.2170000000000000e+04	 -1.2430495819589265e+02	  1.6609623222760331e+02	
  2.2200000000000000e+04	 -1.5360623986211311e+02	  1.7752999057637061e+02	
  2.2230000000000000e+04	 -1.8192443784085526e+02	  1.8792905803560123e+02	
  2.2260000000000000e+04	 -2.1961197779369212e+02	  1.9830563556021485e+02	
  2.2290000000000000e+04	 -2.6955854818222963e+02	  2.0890433350011824e+02	
  2.2320000000000000e+04	 -2.5093356840191257e+02	  1.7406315759134739e+02	
  2.2350000000000000e+04	 -2.3728247147384207e+02	  1.5251210071131959e+02	
  2.2380000000000000e+04	 -2.2153945648433310e+02	  1.2143578764787371e+02	
  2.2410000000000000e+04	 -2.1425935634714318e+02	  1.0214411653112964e+02	
  2.2440000000000000e+04	 -1.9359737756496509e+02	  7.1985659189857401e+01	
  2.2470000000000000e+04	 -1.7608682158041159e+02	  5.2277044467501312e+01	
  2.2500000000000000e+04	 -1.5676881198275106e+02	  1.5173128507169736e+01	
  2.2530000000000000e+04	 -1.3654028102153549e+02	  -2.0281371119243886e+01	
  2.2560000000000000e+04	 -1.0728741199303120e+02	  -6.1218162149958403e+01	
  2.2590000000000000e+04	 -9.0527664215296170e+01	  -8.9558620319313036e+01	
  2.2620000000000000e+04	 -7.3755050273977119e+01	  -1.1133278759456532e+02	
  2.2650000000000000e+04	 -5.6904251019974545e+01	  -1.3174584710173218e+02	
  2.2680000000000000e+04	 -3.9848376726011153e+01	  -1.6076683544668612e+02	
  2.2710000000000000e+04	 -2.6118370587380102e+01	  -1.8890118827675818e+02	
  2.2740000000000000e+04	 -1.0427634242371703e+01	  -2.1867041061627231e+02	
  2.2770000000000000e+04	 6.0859162604277479e+00	  -2.4161221085994177e+02	
  2.2800000000000000e+04	 3.1437212150401972e+01	  -2.6931000816868243e+02	
  2.2830000000000000e+04	 5.3997293076273678e+01	  -3.0017616138151038e+02	
  2.2860000000000000e+04	 7.3413995369339119e+01	  -3.2880001304555225e+02	
  2.2890000000000000e+04	 8.7367732388883326e+01	  -3.5807552271234908e+02	
  2.2920000000000000e+04	 1.0116898612329069e+02	  -3.8484859748675024e+02	
  2.2950000000000000e+04	 1.1178510765990870e+02	  -4.0813304149092147e+02	
  2.2980000000000000e+04	 1.2535757960411502e+02	  -4.3128754834364202e+02	
  2.3010000000000000e+04	 1.5444505256007494e+02	  -4.7322198019826044e+02	
  2.3040000000000000e+04	 1.6870102700525155e+02	  -4.8766716893389611e+02	
  2.3070000000000000e+04	 1.9449562545737436e+02	  -5.2631825458176536e+02	
  2.3100000000000000e+04	 1.9816925147590391e+02	  -5.2826096243858819e+02	
  2.3130000000000000e+04	 1.9916568658081599e+02	  -5.2991595696310515e+02	
  2.3160000000000000e+04	 2.0091244525538775e+02	  -5.3045895991320594e+02	
  2.3190000000000000e+04	 2.0023058322671676e+02	  -5.2887780584241284e+02	
  2.3220000000000000e+04	 2.0711672386117658e+02	  -5.0078748553646687e+02	
  2.3250000000000000e+04	 2.1478662256201349e+02	  -4.6230940642665951e+02	
  2.3280000000000000e+04	 2.2334215231317955e+02	  -4.3749586075260197e+02	
  2.3310000000000000e+04	 2.3468415893869627e+02	  -4.1259728186024711e+02	
  2.3340000000000000e+04	 2.4825592870663598e+02	  -3.8263025282155280e+02	
  2.3370000000000000e+04	 2.6408775283606525e+02	  -3.5355236084757331e+02	
  2.3400000000000000e+04	 2.7402199947566754e+02	  -3.3145730990471679e+02	
  2.3430000000000000e+04	 2.8545785941672290e+02	  -3.0343157538640645e+02	
  2.3460000000000000e+04	 2.9597223254080228e+02	  -2.7696314339548030e+02	
  2.3490000000000000e+04	 3.0958524167964845e+02	  -2.3158071797681797e+02	
  2.3520000000000000e+04	 3.1948895847644974e+02	  -1.9117874337715998e+02	
  2.3550000000000000e+04	 3.3668943324344343e+02	  -1.5542871899709272e+02	
  2.3580000000000000e+04	 3.4519959352035875e+02	  -1.2162363740352511e+02	
  2.3610000000000000e+04	 3.5624489194440440e+02	  -8.8674227734346886e+01	
  2.3640000000000000e+04	 3.7045681255740817e+02	  -4.3233472318561425e+01	
  2.3670000000000000e+04	 3.8087457198325177e+02	  -1.8376134878559149e+01	
  2.3700000000000000e+04	 3.9488907208364429e+02	  1.5199463046743404e+01	
  2.3730000000000000e+04	 4.0497755115366448e+02	  5.5652376040536055e+01	
  2.3760000000000000e+04	 3.9737040185525353e+02	  2.0742672530752827e+01	
  2.3790000000000000e+04	 3.9332073413188527e+02	  -1.0037866763390312e+01	
  2.3820000000000000e+04	 3.8704553460580422e+02	  -5.6956175307786523e+01	
  2.3850000000000000e+04	 3.8778092815087575e+02	  -9.4490237375884050e+01	
  2.3880000000000000e+04	 3.8160628083136697e+02	  -1.3237449265187394e+02	
  2.3910000000000000e+04	 3.7425801694108185e+02	  -1.5271552400894382e+02	
  2.3940000000000000e+04	 3.6894264667676680e+02	  -1.9206514194218960e+02	
  2.3970000000000000e+04	 3.6813336261623215e+02	  -2.2158360107172848e+02	
  2.4000000000000000e+04	 3.6798253589530856e+02	  -2.4304431623111014e+02	
  2.4030000000000000e+04	 3.2492235646707428e+02	  -2.4972244281591688e+02	
  2.4060000000000000e+04	 2.9606919093527546e+02	  -2.4990606017605538e+02	
  2.4090000000000000e+04	 2.6579996355556284e+02	  -2.5704512675442976e+02	
  2.4120000000000000e+04	 2.1981096916902365e+02	  -2.6458204253486969e+02	
  2.4150000000000000e+04	 1.7689610730794760e+02	  -2.6724369121435689e+02	
  2.4180000000000000e+04	 1.4154956750382411e+02	  -2.7235946094630407e+02	
  2.4210000000000000e+04	 1.1260464087215300e+02	  -2.7829002322142367e+02	
  2.4240000000000000e+04	 7.9405098500874416e+01	  -2.8546590099947537e+02	
  2.4270000000000000e+04	 5.2446596055281191e+01	  -2.8999721837552818e+02	
  2.4300000000000000e+04	 2.2886710212555244e+01	  -2.8654811355318628e+02	
  2.4330000000000000e+04	 1.7708722048131698e+00	  -2.9035715246039751e+02	
  2.4360000000000000e+04	 -4.5088375391541149e+01	  -2.9405227883445616e+02	
  2.4390000000000000e+04	 -4.5518879250270096e+01	  -2.4827242920156888e+02	
  2.4420000000000000e+04	 -5.2779273591303777e+01	  -2.0859010223247583e+02	
  2.4450000000000000e+04	 -5.7070969750141337e+01	  -1.8205557232281544e+02	
  2.4480000000000000e+04	 -5.6091556548598049e+01	  -1.6310099164333329e+02	
  2.4510000000000000e+04	 -5.9559667381723060e+01	  -1.3569373847804624e+02	
  2.4540000000000000e+04	 -5.8762654275375141e+01	  -1.1522802762307060e+02	
  2.4570000000000000e+04	 -6.5276036283348063e+01	  -7.9114407585004756e+01	
  2.4600000000000000e+04	 -6.5253182765737819e+01	  -4.7599503008461703e+01	
  2.4630000000000000e+04	 -6.4597174067064628e+01	  -4.4295236462368806e+00	
  2.4660000000000000e+04	 -6.5047436590800274e+01	  3.5445112422760879e+01	
  2.4690000000000000e+04	 -7.2592134704069764e+01	  6.9271969667014062e+01	
  2.4720000000000000e+04	 -7.8424613442245686e+01	  1.0350335559250233e+02	
  2.4750000000000000e+04	 -7.6831805245980078e+01	  1.3759766111403576e+02	
  2.4780000000000000e+04	 -7.5792641207524653e+01	  1.6504088490794862e+02	
  2.4810000000000000e+04	 -8.3250249034502701e+01	  2.0790660288560571e+02	
  2.4840000000000000e+04	 -8.8029388589133106e+01	  2.4485314728846308e+02	
  2.4870000000000000e+04	 -9.4157582633911758e+01	  2.7051544179385417e+02	
  2.4900000000000000e+04	 -9.7010786365984373e+01	  3.1499227734291594e+02	
  2.4930000000000000e+04	 -9.7667455258625125e+01	  3.5347919797335760e+02	
  2.4960000000000000e+04	 -9.9847577738769175e+01	  3.7652664585360367e+02	
  2.4990000000000000e+04	 -1.0584687156438720e+02	  4.1910765468182319e+02	
  2.5020000000000000e+04	 -1.0512400458675978e+02	  4.5328918429548457e+02	
  2.5050000000000000e+04	 -1.0803031553769902e+02	  5.0476351070501335e+02	
  2.5080000000000000e+04	 -1.1926032578290136e+02	  5.4949065685278174e+02	
  2.5110000000000000e+04	 -1.2151535131055250e+02	  5.8810472839148520e+02	
  2.5140000000000000e+04	 -1.2394687979744651e+02	  6.0396295808537798e+02	
  2.5170000000000000e+04	 -1.2570789174381437e+02	  6.0421673354328811e+02	
  2.5200000000000000e+04	 -1.2414215823993608e+02	  6.0540999324618417e+02	
  2.5230000000000000e+04	 -1.2253599792516873e+02	  6.0376443476126576e+02	
  2.5260000000000000e+04	 -1.2099121247688454e+02	  6.0512596648558360e+02	
  2.5290000000000000e+04	 -1.2019683663596003e+02	  6.0604558808072841e+02	
  2.5320000000000000e+04	 -1.2219155291341643e+02	  6.0449546658401130e+02	
  2.5350000000000000e+04	 -1.2273415278635839e+02	  6.0440607012047144e+02	
  2.5380000000000000e+04	 -9.0466102720712712e+01	  5.7751428824260654e+02	
  2.5410000000000000e+04	 -5.4327691418360168e+01	  5.4859214927070752e+02	
  2.5440000000000000e+04	 -2.4311190590667159e+01	  5.2815069406924385e+02	
  2.5470000000000000e+04	 -1.0270004511990527e+01	  5.1851842597903089e+02	
  2.5500000000000000e+04	 7.9723820707578117e+00	  4.9682312123349539e+02	
  2.5530000000000000e+04	 4.5338929228713347e+01	  4.6189509362457244e+02	
  2.5560000000000000e+04	 6.6938832313319580e+01	  4.4313549501263253e+02	
  2.5590000000000000e+04	 8.7880995270825721e+01	  4.3305498564232727e+02	
  2.5620000000000000e+04	 1.0715105911144070e+02	  4.1643635897368205e+02	
  2.5650000000000000e+04	 1.3865757545595227e+02	  3.8657502818187493e+02	
  2.5680000000000000e+04	 1.6397380806412164e+02	  3.6105305796668767e+02	
  2.5710000000000000e+04	 1.9067437189075133e+02	  3.4565886106957737e+02	
  2.5740000000000000e+04	 2.1191904290157086e+02	  3.3355308555056359e+02	
  2.5770000000000000e+04	 2.3239104178535706e+02	  3.2440028037191837e+02	
  2.5800000000000000e+04	 2.6085073745931766e+02	  3.0311841088417691e+02	
  2.5830000000000000e+04	 2.8509699720813052e+02	  2.8017498420347397e+02	
  2.5860000000000000e+04	 3.1736883782738710e+02	  2.5313986315693728e+02	
  2.5890000000000000e+04	 3.1880553046802629e+02	  2.5319884032827767e+02	
  2.5920000000000000e+04	 3.2028472459924404e+02	  2.5216145612637797e+02	
  2.5950000000000000e+04	 3.2116953229248770e+02	  2.5093396367995783e+02	
  2.5980000000000000e+04	 3.2106464120570791e+02	  2.4957418691486527e+02	
  2.6010000000000000e+04	 3.2118026621514076e+02	  2.4886835640730115e+02	
  2.6040000000000000e+04	 3.2296256274048693e+02	  2.4713027655152209e+02	
  2.6070000000000000e+04	 3.2256868554663339e+02	  2.4623027500390424e+02	
  2.6100000000000000e+04	 3.2112758417044438e+02	  2.4488628109152754e+02	
  2.6130000000000000e+04	 2.9042147039546165e+02	  2.3929834073858245e+02	
  2.6160000000000000e+04	 2.5380141529756071e+02	  2.3727350527868126e+02	
  2.6190000000000000e+04	 2.2732855505573713e+02	  2.3153333531068722e+02	
  2.6220000000000000e+04	 1.9193671849052856e+02	  2.2421136499987171e+02	
  2.6250000000000000e+04	 1.6022300396561781e+02	  2.2144396343409642e+02	
  2.6280000000000000e+04	 1.2822917212057996e+02	  2.1525122373655483e+02	
  2.6310000000000000e+04	 7.6008574271269055e+01	  2.1627128285339680e+02	
  2.6340000000000000e+04	 4.0105276464747213e+01	  2.1133555647477729e+02	
  2.6370000000000000e+04	 -4.0448606636518392e+00	  2.0431470106960995e+02	
  2.6400000000000000e+04	 -4.2017394239024092e+01	  2.0339574654211950e+02	
  2.6430000000000000e+04	 -7.3100161696744010e+01	  1.9935461952522800e+02	
  2.6460000000000000e+04	 -9.8938289082724253e+01	  2.0062514714313645e+02	
  2.6490000000000000e+04	 -1.2107092921755614e+02	  2.0306062462955362e+02	
  2.6520000000000000e+04	 -1.6153863056946651e+02	  1.9601005755951533e+02	
  2.6550000000000000e+04	 -1.8252594244842012e+02	  1.9343674699450361e+02	
  2.6580000000000000e+04	 -2.3015124800717956e+02	  1.8875876451614161e+02	
  2.6610000000000000e+04	 -2.5395322409357439e+02	  1.8247698691833037e+02	
  2.6640000000000000e+04	 -2.9659535258668780e+02	  1.8076508385856087e+02	
  2.6670000000000000e+04	 -3.0088973060282416e+02	  2.1164841831222645e+02	
  2.6700000000000000e+04	 -3.0113403034342571e+02	  2.4002463801952752e+02	
  2.6730000000000000e+04	 -2.9931697123935703e+02	  2.6942178002204503e+02	
  2.6760000000000000e+04	 -3.0028367289037033e+02	  3.0959339267293882e+02	
  2.6790000000000000e+04	 -3.0258224463769579e+02	  3.5315348502152216e+02	
  2.6820000000000000e+04	 -2.9965819481865344e+02	  3.9061280255617947e+02	
  2.6850000000000000e+04	 -2.8749146411776798e+02	  3.4636479931455364e+02	
  2.6880000000000000e+04	 -2.8256616285034926e+02	  3.1255770912302813e+02	
  2.6910000000000000e+04	 -2.7572110978110925e+02	  2.8686782505767360e+02	
  2.6940000000000000e+04	 -2.7267750673291721e+02	  2.6213228209407634e+02	
  2.6970000000000000e+04	 -2.7103830172277242e+02	  2.2851507707974631e+02	
  2.7000000000000000e+04	 -2.6891728377043927e+02	  1.9824812826113924e+02	
  2.7030000000000000e+04	 -2.6222021004705169e+02	  1.5521896764809551e+02	
  2.7060000000000000e+04	 -2.4881726715931109e+02	  1.0325458923484015e+02	
  2.7090000000000000e+04	 -2.4120502182077774e+02	  7.3943784631749821e+01	
  2.7120000000000000e+04	 -2.3983691802232647e+02	  4.6395590401876092e+01	
  2.7150000000000000e+04	 -2.3194437669113074e+02	  1.3775318346634165e+01	
  2.7180000000000000e+04	 -2.3014773709932399e+02	  -1.5848330152865731e+01	
  2.7210000000000000e+04	 -2.2227111754004366e+02	  -5.7664254444268423e+01	
  2.7240000000000000e+04	 -2.1300593205490429e+02	  -1.0104110288297541e+02	
  2.7270000000000000e+04	 -2.0958751906259758e+02	  -1.4224148377318500e+02	
  2.7300000000000000e+04	 -2.0239480542046320e+02	  -1.6648085685949982e+02	
  2.7330000000000000e+04	 -1.9295458323355717e+02	  -1.9054226707035690e+02	
  2.7360000000000000e+04	 -1.8329230179725334e+02	  -2.3095574831103528e+02	
  2.7390000000000000e+04	 -1.7961669257355220e+02	  -2.6166790040042645e+02	
  2.7420000000000000e+04	 -1.7679528113634422e+02	  -2.8911488434573823e+02	
  2.7450000000000000e+04	 -1.7600280579527180e+02	  -2.8956500712466914e+02	
  2.7480000000000000e+04	 -1.7539890690088421e+02	  -2.8885782312348914e+02	
  2.7510000000000000e+04	 -1.7345417486228322e+02	  -2.8799519274339690e+02	
  2.7540000000000000e+04	 -1.7195950022355134e+02	  -2.8661375503518974e+02	
  2.7570000000000000e+04	 -1.7172243402812589e+02	  -2.8744089532213280e+02	
  2.7600000000000000e+04	 -1.7317726275415734e+02	  -2.8627034505821126e+02	
  2.7630000000000000e+04	 -1.7478985974821609e+02	  -2.8736565537869848e+02	
  2.7660000000000000e+04	 -1.5066550073028424e+02	  -2.3989149960313316e+02	
  2.7690000000000000e+04	 -1.2805807280211656e+02	  -1.9662291056841391e+02	
  2.7720000000000000e+04	 -1.0696177019035909e+02	  -1.5274947691152738e+02	
  2.7750000000000000e+04	 -9.6166066298750934e+01	  -1.3436597511260348e+02	
  2.7780000000000000e+04	 -8.1102020553090142e+01	  -1.0399461205686887e+02	
  2.7810000000000000e+04	 -6.3944534639670266e+01	  -7.0720070246670161e+01	
  2.7840000000000000e+04	 -4.7578664856814008e+01	  -3.6053311366435551e+01	
  2.7870000000000000e+04	 -3.1825656802731444e+01	  -1.9001944301792122e+00	
  2.7900000000000000e+04	 -2.1083387955174054e+01	  3.2067892861424681e+01	
  2.7930000000000000e+04	 -5.2312851153101079e+00	  5.9801545199253788e+01	
  2.7960000000000000e+04	 1.7587005000956683e+01	  9.4506541342734181e+01	
  2.7990000000000000e+04	 3.4451245024228207e+01	  1.2658461694253830e+02	
  2.8020000000000000e+04	 5.6441897115292903e+01	  1.6515845620308301e+02	
  2.8050000000000000e+04	 7.3198052378520302e+01	  1.8702631798652794e+02	
  2.8080000000000000e+04	 9.0013037436016390e+01	  2.2181460359087362e+02	
  2.8110000000000000e+04	 1.1341767303048630e+02	  2.6598475534821699e+02	
  2.8140000000000000e+04	 1.2495238151158293e+02	  2.8997579480432216e+02	
  2.8170000000000000e+04	 1.3979508376219553e+02	  3.1445544585935386e+02	
  2.8200000000000000e+04	 1.4803466407158433e+02	  3.3841117138949289e+02	
  2.8230000000000000e+04	 1.7128372665615251e+02	  3.7210167550985466e+02	
  2.8260000000000000e+04	 1.8258441187259078e+02	  4.0034821864106215e+02	
  2.8290000000000000e+04	 2.0817862968968439e+02	  4.3984123363287836e+02	
  2.8320000000000000e+04	 2.1635421320810912e+02	  4.5916769716179380e+02	
  2.8350000000000000e+04	 2.3365084743004718e+02	  4.8972786002771113e+02	
  2.8380000000000000e+04	 2.4393968613027729e+02	  5.1959200395992968e+02	
  2.8410000000000000e+04	 2.6150993553891504e+02	  5.5883817074693116e+02	
  2.8440000000000000e+04	 2.7335820389634927e+02	  5.8304698752631111e+02	
  2.8470000000000000e+04	 2.9203154971269748e+02	  6.1755178647573655e+02	
  2.8500000000000000e+04	 2.7509284170601615e+02	  5.9440009293114690e+02	
  2.8530000000000000e+04	 2.4103678756097838e+02	  5.6882366982586859e+02	
  2.8560000000000000e+04	 2.1791364323816501e+02	  5.4787137006595287e+02	
  2.8590000000000000e+04	 1.8843120079954943e+02	  5.2634390122229684e+02	
  2.8620000000000000e+04	 1.6332892011208273e+02	  5.0395335499161666e+02	
  2.8650000000000000e+04	 1.3408195142982805e+02	  4.7858909964906644e+02	
  2.8680000000000000e+04	 1.0439560020501069e+02	  4.5138445437311958e+02	
  2.8710000000000000e+04	 8.1630898374112377e+01	  4.2761000968493056e+02	
  2.8740000000000000e+04	 5.2567248886417133e+01	  3.9941819604235928e+02	
  2.8770000000000000e+04	 3.6180924752488991e+01	  3.8360188709772927e+02	
  2.8800000000000000e+04	 1.0919661300617889e+01	  3.6116163078321370e+02	
  2.8830000000000000e+04	 -2.3510121839854662e+01	  3.3895413506613488e+02	
  2.8860000000000000e+04	 -5.1949501861385805e+01	  3.0808448707333929e+02	
  2.8890000000000000e+04	 -8.0218570631900107e+01	  2.8253684659806174e+02	
  2.8920000000000000e+04	 -1.0308090990079219e+02	  2.7091536836892567e+02	
  2.8950000000000000e+04	 -1.2781605122295737e+02	  2.5014647691517814e+02	
  2.8980000000000000e+04	 -1.4355049019473176e+02	  2.3647499061518127e+02	
  2.9010000000000000e+04	 -1.6551824640922456e+02	  2.1804719125785249e+02	
  2.9040000000000000e+04	 -1.8652773587480772e+02	  2.0348991676881397e+02	
  2.9070000000000000e+04	 -2.1238445635066557e+02	  1.7954536575310482e+02	
  2.9100000000000000e+04	 -2.2376425493657530e+02	  1.6808092718379211e+02	
  2.9130000000000000e+04	 -2.4961376840397887e+02	  1.4382342673254612e+02	
  2.9160000000000000e+04	 -2.8611617305528245e+02	  1.1128922056495863e+02	
  2.9190000000000000e+04	 -3.1790611738721088e+02	  8.6689714700241424e+01	
  2.9220000000000000e+04	 -3.3924891518684393e+02	  7.0227935232901899e+01	
  2.9250000000000000e+04	 -3.5284022020497599e+02	  5.6376506860800681e+01	
  2.9280000000000000e+04	 -3.7287139790126599e+02	  3.8648443041989452e+01	
  2.9310000000000000e+04	 -3.8763477295706991e+02	  2.5128747040907793e+01	
  2.9340000000000000e+04	 -4.1418176625741052e+02	  9.3358546617943148e+00	
  2.9370000000000000e+04	 -4.4165276741861203e+02	  -1.3913616919022925e+01	
  2.9400000000000000e+04	 -4.7533039111932015e+02	  -3.9305421277678946e+01	
  2.9430000000000000e+04	 -5.0246040191136609e+02	  -5.6592427775808758e+01	
  2.9460000000000000e+04	 -4.7316253316035051e+02	  -6.4926861749543519e+01	
  2.9490000000000000e+04	 -4.5412370812729284e+02	  -7.0408963611443113e+01	
  2.9520000000000000e+04	 -4.3855529756923488e+02	  -7.5687258697970961e+01	
  2.9550000000000000e+04	 -4.0332619525266972e+02	  -8.7986189209236841e+01	
  2.9580000000000000e+04	 -3.7428443324578757e+02	  -9.1017665064310904e+01	
  2.9610000000000000e+04	 -3.3731846401671135e+02	  -9.4820561176609758e+01	
  2.9640000000000000e+04	 -3.1009447702078239e+02	  -1.0111945426128293e+02	
  2.9670000000000000e+04	 -2.6672154556528596e+02	  -1.0759697000166079e+02	
  2.9700000000000000e+04	 -2.2236307546784158e+02	  -1.1917587592701177e+02	
  2.9730000000000000e+04	 -1.8223159587089191e+02	  -1.3320634325610990e+02	
  2.9760000000000000e+04	 -1.3740501468263190e+02	  -1.4284919649249389e+02	
  2.9790000000000000e+04	 -1.0334131402395698e+02	  -1.5069804393144790e+02	
  2.9820000000000000e+04	 -5.9181406118021755e+01	  -1.5936613617317744e+02	
  2.9850000000000000e+04	 -1.7522849318938299e+01	  -1.7220550665001454e+02	
  2.9880000000000000e+04	 1.6542625024130274e+01	  -1.7384948389910224e+02	
  2.9910000000000000e+04	 6.3469202419908349e+01	  -1.8531121683558246e+02	
  2.9940000000000000e+04	 7.5116076321711532e+01	  -1.9074254510827998e+02	
  2.9970000000000000e+04	 7.6920703068252962e+01	  -1.9056232920836030e+02	
  3.0000000000000000e+04	 7.7843014012193393e+01	  -1.9023793613924241e+02	
  3.0030000000000000e+04	 5.6322847508533179e+01	  -1.5111069489577847e+02	
  3.0060000000000000e+04	 4.1191557784690367e+01	  -1.2146825697392502e+02	
  3.0090000000000000e+04	 1.4781661899393523e+01	  -7.7991119685393869e+01	
  3.0120000000000000e+04	 -9.5143767943928736e+00	  -3.4086684810151333e+01	
  3.0150000000000000e+04	 -2.9659133431019484e+01	  5.1905049198887951e+00	
  3.0180000000000000e+04	 -5.1341331229902259e+01	  3.7472360526967861e+01	
  3.0210000000000000e+04	 -7.3708993932698675e+01	  6.8173969857389537e+01	
  3.0240000000000000e+04	 -8.4158997312793886e+01	  9.0819599751984782e+01	
  3.0270000000000000e+04	 -9.5072951080597349e+01	  1.1439927569433057e+02	
  3.0300000000000000e+04	 -1.1369732189717789e+02	  1.5941422062056645e+02	
  3.0330000000000000e+04	 -1.3206755846932978e+02	  1.9052502622068948e+02	
  3.0360000000000000e+04	 -1.4183764006711453e+02	  2.1651366556390607e+02	
  3.0390000000000000e+04	 -1.6869191574316079e+02	  2.5621467317716622e+02	
  3.0420000000000000e+04	 -1.8202832149924080e+02	  2.8167888754213857e+02	
  3.0450000000000000e+04	 -1.9877450495150578e+02	  3.1177937149935747e+02	
  3.0480000000000000e+04	 -2.1330440084536414e+02	  3.3531913730537025e+02	
  3.0510000000000000e+04	 -2.3643877102752919e+02	  3.7765880110547693e+02	
  3.0540000000000000e+04	 -2.5365185601924321e+02	  4.1217259790097978e+02	
  3.0570000000000000e+04	 -2.6911221226821112e+02	  4.3849868823596563e+02	
  3.0600000000000000e+04	 -2.8348767374292464e+02	  4.5450164061897317e+02	
  3.0630000000000000e+04	 -2.8083876796841122e+02	  4.2314814895503270e+02	
  3.0660000000000000e+04	 -2.7620166671790639e+02	  3.7541452800935735e+02	
  3.0690000000000000e+04	 -2.7556172924645074e+02	  3.5180549252930450e+02	
  3.0720000000000000e+04	 -2.6879128534818034e+02	  3.0260989982434040e+02	
  3.0750000000000000e+04	 -2.6087997174441773e+02	  2.6247028458903134e+02	
  3.0780000000000000e+04	 -2.5604137656195059e+02	  2.3772079488481964e+02	
  3.0810000000000000e+04	 -2.5482001390497132e+02	  2.0845113803049415e+02	
  3.0840000000000000e+04	 -2.5419694060973228e+02	  1.8079055565073605e+02	
  3.0870000000000000e+04	 -2.5430269752489738e+02	  1.4869848966246843e+02	
  3.0900000000000000e+04	 -2.5442377424738731e+02	  1.0446606431183184e+02	
  3.0930000000000000e+04	 -2.5332471046488237e+02	  6.8966444897895073e+01	
  3.0960000000000000e+04	 -2.5065681859637448e+02	  3.5363986622899851e+01	
  3.0990000000000000e+04	 -2.4882493450937807e+02	  -1.4001640439021806e+01	
  3.1020000000000000e+04	 -2.4212839524998202e+02	  -5.5674526882034073e+01	
  3.1050000000000000e+04	 -2.3508839599681252e+02	  -9.7857252823145103e+01	
  3.1080000000000000e+04	 -2.3415885748214944e+02	  -1.3220396052268205e+02	
  3.1110000000000000e+04	 -2.3493566275899522e+02	  -1.4988972853918699e+02	
  3.1140000000000000e+04	 -2.1893958213998303e+02	  -1.3001681146275990e+02	
  3.1170000000000000e+04	 -2.0064740013257165e+02	  -9.2050383024365573e+01	
  3.1200000000000000e+04	 -1.8297114800963755e+02	  -6.2737574599648795e+01	
  3.1230000000000000e+04	 -1.6666991876965560e+02	  -4.0319258307393568e+01	
  3.1260000000000000e+04	 -1.4557557846615427e+02	  3.3998503019596598e+00	
  3.1290000000000000e+04	 -1.3068000497373842e+02	  1.7771101662946137e+01	
  3.1320000000000000e+04	 -1.1928018259874162e+02	  4.8360551498449809e+01	
  3.1350000000000000e+04	 -1.1252618843812387e+02	  6.4934996171633301e+01	
  3.1380000000000000e+04	 -9.2084424636944448e+01	  9.4832289047773415e+01	
  3.1410000000000000e+04	 -7.6543801591617836e+01	  1.1775488921127251e+02	
  3.1440000000000000e+04	 -4.9067757171311641e+01	  1.5139843318939205e+02	
  3.1470000000000000e+04	 -2.1967719497341761e+01	  1.9544343270988514e+02	
  3.1500000000000000e+04	 -5.6819343104384856e+00	  2.1585059871935425e+02	
  3.1530000000000000e+04	 6.0084457482263645e+00	  2.4477278966482149e+02	
  3.1560000000000000e+04	 -1.8970092293401844e+01	  2.3762618627846905e+02	
  3.1590000000000000e+04	 -5.8297461739024854e+01	  2.2832513726279677e+02	
  3.1620000000000000e+04	 -9.6133366272212299e+01	  2.1086780202398074e+02	
  3.1650000000000000e+04	 -1.2574017851927132e+02	  1.9701560930202805e+02	
  3.1680000000000000e+04	 -1.6548093944179973e+02	  1.8476024358584084e+02	
  3.1710000000000000e+04	 -1.9321541500261699e+02	  1.7928827309531616e+02	
  3.1740000000000000e+04	 -2.1151268764031431e+02	  1.7222340537492806e+02	
  3.1770000000000000e+04	 -2.4390343729942654e+02	  1.6224408966825217e+02	
  3.1800000000000000e+04	 -2.6617359381863764e+02	  1.5209283130941100e+02	
  3.1830000000000000e+04	 -2.3532049085364477e+02	  1.3762785734775363e+02	
  3.1860000000000000e+04	 -1.8946886427022079e+02	  1.2063026552051558e+02	
  3.1890000000000000e+04	 -1.4399754652954329e+02	  1.0396921849745968e+02	
  3.1920000000000000e+04	 -1.0224238951347310e+02	  8.7635170584963248e+01	
