  0.0000000000000000e+00	 -2.3132574711861724e+02	  -3.3057488023919467e+02	
  3.0000000000000000e+01	 -1.9642224215185291e+02	  -3.5164798759026871e+02	
  6.0000000000000000e+01	 -1.7024057286058934e+02	  -3.6050015212485306e+02	
  9.0000000000000000e+01	 -1.4851480147692371e+02	  -3.6705325256911408e+02	
  1.2000000000000000e+02	 -1.0555554740871654e+02	  -3.8779059487377418e+02	
  1.5000000000000000e+02	 -7.7234098855164049e+01	  -3.9838955905553246e+02	
  1.8000000000000000e+02	 -2.9248965128706651e+01	  -4.1478633678033822e+02	
  2.1000000000000000e+02	 1.1857390393293819e+01	  -4.2769250941961536e+02	
  2.4000000000000000e+02	 5.1346652124166887e+01	  -4.4426683726415843e+02	
  2.7000000000000000e+02	 9.2505873383879702e+01	  -4.6614959811299946e+02	
  3.0000000000000000e+02	 9.2306775171263780e+01	  -4.3625523094274951e+02	
  3.3000000000000000e+02	 9.0100529070570630e+01	  -3.9835106274828445e+02	
  3.6000000000000000e+02	 9.0204408480186132e+01	  -3.7142234503142618e+02	
  3.9000000000000000e+02	 8.1092119007895704e+01	  -3.2308143311870231e+02	
  4.2000000000000000e+02	 8.3138684369536847e+01	  -2.9688895537975145e+02	
  4.5000000000000000e+02	 7.3075163095340031e+01	  -2.5519677688499434e+02	
  4.8000000000000000e+02	 7.1608435985597154e+01	  -2.0711021594842376e+02	
  5.1000000000000000e+02	 6.4787150391009661e+01	  -1.7710076505087750e+02	
  5.4000000000000000e+02	 6.3163737396028189e+01	  -1.5344522128073714e+02	
  5.7000000000000000e+02	 5.8216752042440042e+01	  -1.2271132078863815e+02	
  6.0000000000000000e+02	 5.7002953654828289e+01	  -7.3775223595716682e+01	
  6.3000000000000000e+02	 5.4447529096738791e+01	  -3.5625093694815178e+01	
  6.6000000000000000e+02	 4.7900362516249608e+01	  8.9690921421893819e+00	
  6.9000000000000000e+02	 3.9582804983670968e+01	  5.1709439042827377e+01	
  7.2000000000000000e+02	 3.6392162763324677e+01	  8.1007466046597273e+01	
  7.5000000000000000e+02	 2.8291780420192836e+01	  1.2594474083144294e+02	
  7.8000000000000000e+02	 2.2481400311038822e+01	  1.6999577667019423e+02	
  8.1000000000000000e+02	 1.3943269708822296e+01	  2.0012090205340940e+02	
  8.4000000000000000e+02	 1.5068781949666784e+01	  2.4109106361887433e+02	
  8.7000000000000000e+02	 9.3552957899139102e+00	  2.8285135626856669e+02	
  9.0000000000000000e+02	 6.2904081620496797e+00	  3.2601302757197612e+02	
  9.3000000000000000e+02	 1.9655968207852474e+00	  3.4777666227789445e+02	
  9.6000000000000000e+02	 -3.0980196394633310e+00	  3.7504086616198077e+02	
  9.9000000000000000e+02	 -6.3302195168803275e+00	  3.9739284596397943e+02	
  1.0200000000000000e+03	 8.8164404343723071e+00	  3.6904553622531529e+02	
  1.0500000000000000e+03	 2.3082353116863075e+01	  3.4277924194382314e+02	
  1.0800000000000000e+03	 3.7241411160380551e+01	  3.1653328333111057e+02	
  1.1100000000000000e+03	 5.0484284193311481e+01	  2.8469056380016980e+02	
  1.1400000000000000e+03	 6.2400661364738930e+01	  2.5546486867020141e+02	
  1.1700000000000000e+03	 8.1180085116389833e+01	  2.1560106674566470e+02	
  1.2000000000000000e+03	 9.8324639173589972e+01	  1.9065558293739576e+02	
  1.2300000000000000e+03	 1.1556523153275009e+02	  1.5982418344265716e+02	
  1.2600000000000000e+03	 1.2326482237052394e+02	  1.4280526895602759e+02	
  1.2900000000000000e+03	 1.3478509255457894e+02	  1.1548978634229171e+02	
  1.3200000000000000e+03	 1.4909404008646715e+02	  8.1627102968267735e+01	
  1.3500000000000000e+03	 1.7264716012692364e+02	  4.4890366832807771e+01	
  1.3800000000000000e+03	 2.0020618234020094e+02	  2.2821570860947276e+00	
  1.4100000000000000e+03	 2.1750538756147293e+02	  -2.7914640537013799e+01	
  1.4400000000000000e+03	 2.3451959842932987e+02	  -6.6175997883426675e+01	
  1.4700000000000000e+03	 2.4167128138109280e+02	  -8.2506528129078248e+01	
  1.5000000000000000e+03	 2.5867658695823957e+02	  -1.1646170886119253e+02	
  1.5300000000000000e+03	 2.8058915339867690e+02	  -1.5194964614110626e+02	
  1.5600000000000000e+03	 2.9586905539835425e+02	  -1.8837727010821766e+02	
  1.5900000000000000e+03	 3.2113865703395402e+02	  -2.2933451247886427e+02	
  1.6200000000000000e+03	 3.4015482268093064e+02	  -2.6330208287906345e+02	
  1.6500000000000000e+03	 3.5238820944267297e+02	  -2.8445476897586587e+02	
  1.6800000000000000e+03	 3.7151238681843517e+02	  -3.2812985577729876e+02	
  1.7100000000000000e+03	 3.7779270517498679e+02	  -3.5197592395056472e+02	
  1.7400000000000000e+03	 3.7713542311763513e+02	  -3.5310881148575874e+02	
  1.7700000000000000e+03	 3.3045818431634331e+02	  -3.5388224737782951e+02	
  1.8000000000000000e+03	 2.9600868855644552e+02	  -3.5116570739581698e+02	
  1.8300000000000000e+03	 2.7287745726988379e+02	  -3.4545725478258760e+02	
  1.8600000000000000e+03	 2.5204040657535609e+02	  -3.4625603632704787e+02	
  1.8900000000000000e+03	 2.1926641780403730e+02	  -3.4069953994307821e+02	
  1.9200000000000000e+03	 1.9561533814756390e+02	  -3.4103714271858945e+02	
  1.9500000000000000e+03	 1.7053215100267911e+02	  -3.3813324792748256e+02	
  1.9800000000000000e+03	 1.5057439618266940e+02	  -3.3624098135485065e+02	
  2.0100000000000000e+03	 1.1634152515796194e+02	  -3.3709374388285352e+02	
  2.0400000000000000e+03	 7.6896408531026211e+01	  -3.3113923370908753e+02	
  2.0700000000000000e+03	 4.2111216050480245e+01	  -3.2968290668508922e+02	
  2.1000000000000000e+03	 1.2468556548863383e+01	  -3.2695758152309958e+02	
  2.1300000000000000e+03	 -2.6944467123569780e+01	  -3.2718862296856724e+02	
  2.1600000000000000e+03	 -5.6560420773381253e+01	  -3.1891008958863250e+02	
  2.1900000000000000e+03	 -7.4138440144628504e+01	  -3.1390354141037551e+02	
  2.2200000000000000e+03	 -1.1166226808427521e+02	  -3.1083913660044681e+02	
  2.2500000000000000e+03	 -1.5595347582130734e+02	  -3.0455741970223090e+02	
  2.2800000000000000e+03	 -1.9030328159812149e+02	  -3.0530627408257783e+02	
  2.3100000000000000e+03	 -1.8622000419775424e+02	  -3.0705270487631577e+02	
  2.3400000000000000e+03	 -1.8449974545244035e+02	  -3.0532683140386115e+02	
  2.3700000000000000e+03	 -1.8443601055183669e+02	  -3.0389075562321386e+02	
  2.4000000000000000e+03	 -1.8626701302017517e+02	  -3.0440637088665181e+02	
  2.4300000000000000e+03	 -1.8598480073500605e+02	  -3.0453581999590335e+02	
  2.4600000000000000e+03	 -1.8773342626955488e+02	  -3.0337745832333485e+02	
  2.4900000000000000e+03	 -1.9295683778755571e+02	  -2.8648874425183124e+02	
  2.5200000000000000e+03	 -2.0187874954703824e+02	  -2.4939518089868236e+02	
  2.5500000000000000e+03	 -2.1394213459351229e+02	  -2.0745295388241158e+02	
  2.5800000000000000e+03	 -2.2430839847766919e+02	  -1.7019370267831192e+02	
  2.6100000000000000e+03	 -2.3731559424180352e+02	  -1.3493459457111027e+02	
  2.6400000000000000e+03	 -2.5004008537471032e+02	  -9.5656471013075688e+01	
  2.6700000000000000e+03	 -2.5768522628137509e+02	  -4.9415978177055322e+01	
  2.7000000000000000e+03	 -2.6192582809788581e+02	  -2.1585081724632609e+01	
  2.7300000000000000e+03	 -2.6810822424424890e+02	  1.1419288115484058e+01	
  2.7600000000000000e+03	 -2.8170344786731073e+02	  4.8509636626447431e+01	
  2.7900000000000000e+03	 -2.9188232350876456e+02	  6.8542111984502654e+01	
  2.8200000000000000e+03	 -2.9704438083750529e+02	  9.8882770832246052e+01	
  2.8500000000000000e+03	 -3.0824782213949908e+02	  1.3995988179592655e+02	
  2.8800000000000000e+03	 -3.2223236530701791e+02	  1.7124236635042863e+02	
  2.9100000000000000e+03	 -3.2082247150036710e+02	  1.7045732767415777e+02	
  2.9400000000000000e+03	 -3.1963273773907031e+02	  1.7010245904183566e+02	
  2.9700000000000000e+03	 -3.2137474729429363e+02	  1.7012415872001648e+02	
  3.0000000000000000e+03	 -2.8391859382187221e+02	  1.9799147659825695e+02	
  3.0300000000000000e+03	 -2.5772198733483839e+02	  2.1380993881945531e+02	
  3.0600000000000000e+03	 -2.1954237379078697e+02	  2.4413585807657068e+02	
  3.0900000000000000e+03	 -1.8440517976450448e+02	  2.6636889481612815e+02	
  3.1200000000000000e+03	 -1.6697525771314935e+02	  2.8378065048236283e+02	
  3.1500000000000000e+03	 -1.3238768016325980e+02	  3.0937092149570594e+02	
  3.1800000000000000e+03	 -1.1521407002880515e+02	  3.2582852846697335e+02	
  3.2100000000000000e+03	 -8.7491615481362771e+01	  3.3671831438151543e+02	
  3.2400000000000000e+03	 -5.7841953617498888e+01	  3.5772025503630482e+02	
  3.2700000000000000e+03	 -4.4633131354946883e+01	  3.7385174479255164e+02	
  3.3000000000000000e+03	 -1.9605750242731148e+01	  3.8958987244268997e+02	
  3.3300000000000000e+03	 1.8556059495992088e+00	  4.0944789582877848e+02	
  3.3600000000000000e+03	 2.7724796927247397e+01	  4.2494042266973821e+02	
  3.3900000000000000e+03	 5.3201000236208216e+01	  4.4444557465462833e+02	
  3.4200000000000000e+03	 8.6070717251574237e+01	  4.6529139638338989e+02	
  3.4500000000000000e+03	 1.1463905806792371e+02	  4.7778683117608824e+02	
  3.4800000000000000e+03	 1.4651021448035740e+02	  4.9906684390441814e+02	
  3.5100000000000000e+03	 1.6574432139476471e+02	  5.0993395368274690e+02	
  3.5400000000000000e+03	 1.9148705990541842e+02	  5.3239676717435702e+02	
  3.5700000000000000e+03	 2.2696793819709097e+02	  5.5374086975683531e+02	
  3.6000000000000000e+03	 2.4975737735238175e+02	  5.6772327653501827e+02	
  3.6300000000000000e+03	 2.6426295096699454e+02	  5.8058930787013310e+02	
  3.6600000000000000e+03	 2.4078491855439574e+02	  5.7147613209161796e+02	
  3.6900000000000000e+03	 2.1436196433012293e+02	  5.6932132630874605e+02	
  3.7200000000000000e+03	 1.7006070530502041e+02	  5.5707418089404484e+02	
  3.7500000000000000e+03	 1.2825584474901507e+02	  5.4870502859003398e+02	
  3.7800000000000000e+03	 8.8965772989941925e+01	  5.3510862207668686e+02	
  3.8100000000000000e+03	 4.9104842132996829e+01	  5.2634232426883511e+02	
  3.8400000000000000e+03	 1.5992560632886146e+01	  5.2304073725973421e+02	
  3.8700000000000000e+03	 -2.2581311458545848e+01	  5.1476025946540756e+02	
  3.9000000000000000e+03	 -6.4357262289812809e+01	  5.1046764871343834e+02	
  3.9300000000000000e+03	 -9.5339197924146177e+01	  5.0250056451873468e+02	
  3.9600000000000000e+03	 -1.4014064162490394e+02	  4.9805949144756516e+02	
  3.9900000000000000e+03	 -1.6382222870166100e+02	  4.8672350937943190e+02	
  4.0200000000000000e+03	 -2.0465819256047155e+02	  4.8111506969047309e+02	
  4.0500000000000000e+03	 -2.3424252814393691e+02	  4.7547442953547369e+02	
  4.0800000000000000e+03	 -2.7593679711356822e+02	  4.6432752572304867e+02	
  4.1100000000000000e+03	 -3.0070277683564655e+02	  4.5776534850848901e+02	
  4.1400000000000000e+03	 -3.3974637368783942e+02	  4.4556800855537784e+02	
  4.1700000000000000e+03	 -3.3919537876052811e+02	  4.0256053732138383e+02	
  4.2000000000000000e+03	 -3.4056278477342158e+02	  3.6674134436668811e+02	
  4.2300000000000000e+03	 -3.3524305083124261e+02	  3.3766309028208207e+02	
  4.2600000000000000e+03	 -3.3322557514290634e+02	  3.0967524916229229e+02	
  4.2900000000000000e+03	 -3.3253162484888992e+02	  2.7299511251531510e+02	
  4.3200000000000000e+03	 -3.3130644351756268e+02	  2.3781540181253555e+02	
  4.3500000000000000e+03	 -3.3446864708868674e+02	  2.1203761877446979e+02	
  4.3800000000000000e+03	 -3.3042081291837815e+02	  1.7538229849575134e+02	
  4.4100000000000000e+03	 -3.2592751342542874e+02	  1.2227777185195794e+02	
  4.4400000000000000e+03	 -3.2178092095365713e+02	  9.8802683310283584e+01	
  4.4700000000000000e+03	 -3.2363351970627178e+02	  7.7491512509230660e+01	
  4.5000000000000000e+03	 -3.2522075357746644e+02	  3.6541758263357508e+01	
  4.5300000000000000e+03	 -3.2537963299444090e+02	  -6.3873568423998819e+00	
  4.5600000000000000e+03	 -3.2374238846005824e+02	  -3.0256136541556184e+01	
  4.5900000000000000e+03	 -3.1864193521935198e+02	  -5.9066105585084770e+01	
  4.6200000000000000e+03	 -3.1995170583088350e+02	  -7.9650747745881745e+01	
  4.6500000000000000e+03	 -3.1957983221170662e+02	  -7.8379317181641014e+01	
  4.6800000000000000e+03	 -3.2157433515890051e+02	  -7.7883366891074772e+01	
  4.7100000000000000e+03	 -3.2259173009140756e+02	  -7.9115807934919417e+01	
  4.7400000000000000e+03	 -3.2225610414052869e+02	  -8.0232787781013968e+01	
  4.7700000000000000e+03	 -3.2236961919133455e+02	  -8.1414906507743751e+01	
  4.8000000000000000e+03	 -3.2354691910148171e+02	  -7.9418083096677123e+01	
  4.8300000000000000e+03	 -2.9595515038555686e+02	  -6.1818414944700493e+01	
  4.8600000000000000e+03	 -2.6011595134780612e+02	  -4.2427798630419119e+01	
  4.8900000000000000e+03	 -2.3672907127038383e+02	  -2.8623460902128016e+01	
  4.9200000000000000e+03	 -1.9726363949938448e+02	  -1.0030366709292700e+01	
  4.9500000000000000e+03	 -1.5806595021108035e+02	  1.2756746255603854e+01	
  4.9800000000000000e+03	 -1.3840793044888215e+02	  2.7725092583564788e+01	
  5.0100000000000000e+03	 -9.9861543256979445e+01	  4.7681789060721243e+01	
  5.0400000000000000e+03	 -5.9662064713297625e+01	  6.7002840120773783e+01	
  5.0700000000000000e+03	 -2.7743759564871070e+01	  7.9185930882537235e+01	
  5.1000000000000000e+03	 4.9719277240577284e+00	  9.4921126728225275e+01	
  5.1300000000000000e+03	 3.2589817127092317e+01	  1.1231688142750497e+02	
  5.1600000000000000e+03	 6.8364164602913291e+01	  1.2537380127126168e+02	
  5.1900000000000000e+03	 9.1162770460152103e+01	  1.3742825767074993e+02	
  5.2200000000000000e+03	 1.2596100912733034e+02	  1.5092759895673549e+02	
  5.2500000000000000e+03	 1.6705331868154880e+02	  1.6370772285977642e+02	
  5.2800000000000000e+03	 1.9989935039318496e+02	  1.7592532603617113e+02	
  5.3100000000000000e+03	 2.3875883991453853e+02	  1.9239989196362595e+02	
  5.3400000000000000e+03	 2.6405748850835255e+02	  2.0963726679764960e+02	
  5.3700000000000000e+03	 3.0827221445713900e+02	  2.3389340178038475e+02	
  5.4000000000000000e+03	 3.4646022288835582e+02	  2.4650831142775181e+02	
  5.4300000000000000e+03	 3.8709456996184269e+02	  2.6695613224848557e+02	
  5.4600000000000000e+03	 4.1057458930314635e+02	  2.8258667332371829e+02	
  5.4900000000000000e+03	 4.2717961902125575e+02	  2.9287574520357941e+02	
  5.5200000000000000e+03	 4.5506410393231931e+02	  3.0519491669760447e+02	
  5.5500000000000000e+03	 4.6736516149594519e+02	  3.1428860695391376e+02	
  5.5800000000000000e+03	 4.7921266440010277e+02	  3.1987538422452735e+02	
  5.6100000000000000e+03	 4.7954886458033394e+02	  3.1789307764656104e+02	
  5.6400000000000000e+03	 4.7774345625392499e+02	  3.1739765361581340e+02	
  5.6700000000000000e+03	 4.7935642190701094e+02	  3.1603075404461947e+02	
  5.7000000000000000e+03	 4.7772140552365113e+02	  3.1742870147644402e+02	
  5.7300000000000000e+03	 4.7717617822973654e+02	  3.1613812243229091e+02	
  5.7600000000000000e+03	 4.7784965167395029e+02	  3.1514654711090066e+02	
  5.7900000000000000e+03	 4.5999379303777442e+02	  2.8886350565103317e+02	
  5.8200000000000000e+03	 4.3801070582927150e+02	  2.5897096050474676e+02	
  5.8500000000000000e+03	 4.1591115991326660e+02	  2.1540139742607516e+02	
  5.8800000000000000e+03	 3.9415580886516096e+02	  1.7508503024664208e+02	
  5.9100000000000000e+03	 3.7033995129849160e+02	  1.3817009950689305e+02	
  5.9400000000000000e+03	 3.4964692831486991e+02	  1.1065815751518068e+02	
  5.9700000000000000e+03	 3.2771905320110511e+02	  7.2718174462101814e+01	
  6.0000000000000000e+03	 3.1014529806751796e+02	  4.6405330392224258e+01	
  6.0300000000000000e+03	 2.9097909299133300e+02	  2.7171332533854176e+01	
  6.0600000000000000e+03	 2.6804754359718157e+02	  -3.8606480677490786e+00	
  6.0900000000000000e+03	 2.3959815533580158e+02	  -4.3455706849910456e+01	
  6.1200000000000000e+03	 2.1812476577372712e+02	  -7.8461771637317895e+01	
  6.1500000000000000e+03	 2.0669677843173432e+02	  -9.3725004177424111e+01	
  6.1800000000000000e+03	 1.8563938924754981e+02	  -1.2154942274182278e+02	
  6.2100000000000000e+03	 1.6921163875630381e+02	  -1.4326316797797327e+02	
  6.2400000000000000e+03	 1.5768307088283788e+02	  -1.6940798353561485e+02	
  6.2700000000000000e+03	 1.4265710153863878e+02	  -1.9349916530945950e+02	
  6.3000000000000000e+03	 1.2523087713217407e+02	  -2.1155508647996825e+02	
  6.3300000000000000e+03	 1.2610157209131398e+02	  -2.1341301033189944e+02	
  6.3600000000000000e+03	 1.0677194780679793e+02	  -2.4369742538135162e+02	
  6.3900000000000000e+03	 9.3728349723302259e+01	  -2.6870121237993004e+02	
  6.4200000000000000e+03	 7.6837405326310588e+01	  -2.9502861488645749e+02	
  6.4500000000000000e+03	 5.5942704801809818e+01	  -3.2887215273599111e+02	
  6.4800000000000000e+03	 4.4099595259090137e+01	  -3.5320394220969047e+02	
  6.5100000000000000e+03	 2.8676318675919696e+01	  -3.7659537478497236e+02	
  6.5400000000000000e+03	 2.7882594469572126e+00	  -4.1251870678387627e+02	
  6.5700000000000000e+03	 -6.6710087808900500e+00	  -4.2614687961902621e+02	
  6.6000000000000000e+03	 -2.1587057992304558e+01	  -4.4403258621201888e+02	
  6.6300000000000000e+03	 -4.2263150237086521e+01	  -4.7219683238449284e+02	
  6.6600000000000000e+03	 -4.8146955748109008e+01	  -4.7876156277100517e+02	
  6.6900000000000000e+03	 -4.7689328586829483e+01	  -4.7743665009021430e+02	
  6.7200000000000000e+03	 -4.7191930888618103e+01	  -4.7736097901977439e+02	
  6.7500000000000000e+03	 -4.6693373052221013e+01	  -4.7563083796267961e+02	
  6.7800000000000000e+03	 -4.8495463235921953e+01	  -4.7633786636669277e+02	
  6.8100000000000000e+03	 -4.8799834019512630e+01	  -4.7470586296706614e+02	
  6.8400000000000000e+03	 -4.8726129867795763e+01	  -4.7670134801268910e+02	
  6.8700000000000000e+03	 -4.7360656587342859e+01	  -4.7594476079589140e+02	
  6.9000000000000000e+03	 -4.6983652389537532e+01	  -4.7775706203151987e+02	
  6.9300000000000000e+03	 -5.4016803616575416e+01	  -4.5395198213451459e+02	
  6.9600000000000000e+03	 -7.0309812861375548e+01	  -4.3261461268890059e+02	
  6.9900000000000000e+03	 -8.1585506952516610e+01	  -3.9839808615171933e+02	
  7.0200000000000000e+03	 -9.1785663169471732e+01	  -3.7017084214950239e+02	
  7.0500000000000000e+03	 -1.0294126215115692e+02	  -3.4680297368028931e+02	
  7.0800000000000000e+03	 -1.1262661283733631e+02	  -3.3222869516876807e+02	
  7.1100000000000000e+03	 -1.3241515145347591e+02	  -2.9060547647955400e+02	
  7.1400000000000000e+03	 -1.4637046760436377e+02	  -2.6055370031749976e+02	
  7.1700000000000000e+03	 -1.6554949642986227e+02	  -2.2652665686010025e+02	
  7.2000000000000000e+03	 -1.7954250689200512e+02	  -2.0619837536770993e+02	
  7.2300000000000000e+03	 -1.9333817057794820e+02	  -1.7737970786076761e+02	
  7.2600000000000000e+03	 -2.0587691252763742e+02	  -1.5649212980582581e+02	
  7.2900000000000000e+03	 -2.1988681390393089e+02	  -1.0990584583097457e+02	
  7.3200000000000000e+03	 -2.2940656965686452e+02	  -8.8265444394947238e+01	
  7.3500000000000000e+03	 -2.4643613371832069e+02	  -5.8030136799370197e+01	
  7.3800000000000000e+03	 -2.5626823640435651e+02	  -3.1353377977856795e+01	
  7.4100000000000000e+03	 -2.6765878270902084e+02	  -1.0810670506469215e+01	
  7.4400000000000000e+03	 -2.8285796905659214e+02	  1.4248486589192400e+01	
  7.4700000000000000e+03	 -3.0062268672414473e+02	  4.1955798179679704e+01	
  7.5000000000000000e+03	 -3.1653288155835844e+02	  7.6080388524656769e+01	
  7.5300000000000000e+03	 -3.2183751339002180e+02	  9.6332340654131372e+01	
  7.5600000000000000e+03	 -3.3455730405114230e+02	  1.2893052617671427e+02	
  7.5900000000000000e+03	 -3.5159518923460791e+02	  1.6149745440839854e+02	
  7.6200000000000000e+03	 -3.6208794871628959e+02	  1.7816167261407483e+02	
  7.6500000000000000e+03	 -3.7806958130740139e+02	  2.1134227151818914e+02	
  7.6800000000000000e+03	 -3.9410572644842716e+02	  2.5064629524822706e+02	
  7.7100000000000000e+03	 -4.0358390719079910e+02	  2.7602191135939597e+02	
  7.7400000000000000e+03	 -4.2286874498794606e+02	  2.4847358802743062e+02	
  7.7700000000000000e+03	 -4.3690489205445351e+02	  2.1724548697950422e+02	
  7.8000000000000000e+03	 -4.6085380417631370e+02	  1.7169513144897752e+02	
  7.8300000000000000e+03	 -4.8151188505558019e+02	  1.2802972779031933e+02	
  7.8600000000000000e+03	 -4.9298205639551929e+02	  9.9125467537818764e+01	
  7.8900000000000000e+03	 -5.1085243008229099e+02	  6.5635021356015258e+01	
  7.9200000000000000e+03	 -5.3785869899274883e+02	  3.2671590737444504e+01	
  7.9500000000000000e+03	 -5.5461030557549714e+02	  1.1147137798135944e+01	
  7.9800000000000000e+03	 -5.7866341593748632e+02	  -3.1287872300379050e+01	
  8.0100000000000000e+03	 -6.0026271525111849e+02	  -7.2424922365196167e+01	
  8.0400000000000000e+03	 -6.1123349179514310e+02	  -9.7478014268928575e+01	
  8.0700000000000000e+03	 -6.2075366236280331e+02	  -1.1258481772187835e+02	
  8.1000000000000000e+03	 -6.3806675075100873e+02	  -1.3798652521887828e+02	
  8.1300000000000000e+03	 -6.5931138605276453e+02	  -1.7520772592092251e+02	
  8.1600000000000000e+03	 -6.8824777564496480e+02	  -2.2114406038625270e+02	
  8.1900000000000000e+03	 -7.0443081041787582e+02	  -2.3900170241495539e+02	
  8.2200000000000000e+03	 -7.3007362487648425e+02	  -2.8436235972565117e+02	
  8.2500000000000000e+03	 -7.5438554003180479e+02	  -3.2218444669465015e+02	
  8.2800000000000000e+03	 -7.7265830438035971e+02	  -3.5276195998271862e+02	
  8.3100000000000000e+03	 -7.9157277140692349e+02	  -3.8987370951060984e+02	
  8.3400000000000000e+03	 -8.1081806420720841e+02	  -4.3136998624408233e+02	
  8.3700000000000000e+03	 -8.2432437226090383e+02	  -4.5219397595012822e+02	
  8.4000000000000000e+03	 -8.3908290517419243e+02	  -4.8160930568918280e+02	
  8.4300000000000000e+03	 -8.5218734653593140e+02	  -5.0435049346942196e+02	
  8.4600000000000000e+03	 -8.6564006562044744e+02	  -5.4170885645222256e+02	
  8.4900000000000000e+03	 -8.6364377493520647e+02	  -5.3999785786637153e+02	
  8.5200000000000000e+03	 -8.6225424968650202e+02	  -5.4033403090339471e+02	
  8.5500000000000000e+03	 -8.6258327774617374e+02	  -5.4185054345754759e+02	
  8.5800000000000000e+03	 -8.6252084954241502e+02	  -5.4114615116551954e+02	
  8.6100000000000000e+03	 -8.6398209385815073e+02	  -5.4172165285057315e+02	
  8.6400000000000000e+03	 -8.6304299165004329e+02	  -5.4077845226830811e+02	
  8.6700000000000000e+03	 -8.6327360611017275e+02	  -5.4226786509952649e+02	
  8.7000000000000000e+03	 -8.6324918479821781e+02	  -5.4075580112005900e+02	
  8.7300000000000000e+03	 -8.4868618283635521e+02	  -5.2253386012270505e+02	
  8.7600000000000000e+03	 -8.2276595769462369e+02	  -4.8433408365557386e+02	
  8.7900000000000000e+03	 -7.9718122744567449e+02	  -4.5995005940210945e+02	
  8.8200000000000000e+03	 -7.8193577735186068e+02	  -4.4655108934815053e+02	
  8.8500000000000000e+03	 -7.5932013633774557e+02	  -4.1764636646723807e+02	
  8.8800000000000000e+03	 -7.3920068266088504e+02	  -3.9237118397459858e+02	
  8.9100000000000000e+03	 -7.2378167265669003e+02	  -3.6695570180171961e+02	
  8.9400000000000000e+03	 -7.1166987765837268e+02	  -3.5059488747962757e+02	
  8.9700000000000000e+03	 -7.0017756022117226e+02	  -3.3385088956134365e+02	
  9.0000000000000000e+03	 -6.8564405761909018e+02	  -3.0963543643579669e+02	
  9.0300000000000000e+03	 -6.7280022679496108e+02	  -2.8865516330181140e+02	
  9.0600000000000000e+03	 -6.4315722179756858e+02	  -2.4967871037460250e+02	
  9.0900000000000000e+03	 -6.2030262909356372e+02	  -2.2410869179140627e+02	
  9.1200000000000000e+03	 -6.1008304261204364e+02	  -2.0255696681383247e+02	
  9.1500000000000000e+03	 -5.8337540682561098e+02	  -1.6951285009911595e+02	
  9.1800000000000000e+03	 -5.6286624409202511e+02	  -1.4071233708747718e+02	
  9.2100000000000000e+03	 -5.2704155371583170e+02	  -1.0574295597866551e+02	
  9.2400000000000000e+03	 -5.1379768252685813e+02	  -8.5728119192877514e+01	
  9.2700000000000000e+03	 -4.8428700387275438e+02	  -5.2921713648723184e+01	
  9.3000000000000000e+03	 -4.6730720637519119e+02	  -3.0345054764951016e+01	
  9.3300000000000000e+03	 -4.4941217082513407e+02	  -1.8001187888669943e+01	
  9.3600000000000000e+03	 -4.1802020754520345e+02	  1.8665927175543263e+01	
  9.3900000000000000e+03	 -3.9272708515526301e+02	  5.3297736970862076e+01	
  9.4200000000000000e+03	 -3.6793871087036769e+02	  8.6798560451134051e+01	
  9.4500000000000000e+03	 -3.3477750336622807e+02	  1.2822548107521581e+02	
  9.4800000000000000e+03	 -3.1115515868818409e+02	  1.5704534915240893e+02	
  9.5100000000000000e+03	 -2.9051536595826474e+02	  1.8541662654201653e+02	
  9.5400000000000000e+03	 -2.6835507598045871e+02	  2.0945278634675742e+02	
  9.5700000000000000e+03	 -2.5001094794511516e+02	  2.3263387180146168e+02	
  9.6000000000000000e+03	 -2.9323830951732026e+02	  2.5683941013226928e+02	
  9.6300000000000000e+03	 -3.3284368673337957e+02	  2.8381746687381678e+02	
  9.6600000000000000e+03	 -3.5442693026603501e+02	  2.9929142999202270e+02	
  9.6900000000000000e+03	 -3.8080044166986647e+02	  3.1314589152245242e+02	
  9.7200000000000000e+03	 -4.0700665671899901e+02	  3.2754192060253973e+02	
  9.7500000000000000e+03	 -4.5493503768714174e+02	  3.5243969540616149e+02	
  9.7800000000000000e+03	 -4.5966649186636619e+02	  3.0895135831696876e+02	
  9.8100000000000000e+03	 -4.6775924347830897e+02	  2.7137291911867385e+02	
  9.8400000000000000e+03	 -4.7097648236509991e+02	  2.4050996712515655e+02	
  9.8700000000000000e+03	 -4.7541440676928545e+02	  2.0803182105329336e+02	
  9.9000000000000000e+03	 -4.7932610412719094e+02	  1.6699094372430324e+02	
  9.9300000000000000e+03	 -4.8623637065703360e+02	  1.2121545588212170e+02	
  9.9600000000000000e+03	 -4.8980546699875288e+02	  7.9512618259059593e+01	
  9.9900000000000000e+03	 -4.9666445734656628e+02	  5.3991513467546170e+01	
  1.0020000000000000e+04	 -4.9783996027558692e+02	  3.0413983535135927e+01	
  1.0050000000000000e+04	 -5.0193348524317753e+02	  -3.4290161246703335e+00	
  1.0080000000000000e+04	 -5.1218001821261441e+02	  -3.1213071068770923e+01	
  1.0110000000000000e+04	 -5.1595603685624030e+02	  -6.2879521335466215e+01	
  1.0140000000000000e+04	 -5.1986052061355952e+02	  -8.3535206115926968e+01	
  1.0170000000000000e+04	 -5.2459753840867506e+02	  -1.2183427316311551e+02	
  1.0200000000000000e+04	 -5.3355882686618315e+02	  -1.7114918079255824e+02	
  1.0230000000000000e+04	 -5.3980204325603120e+02	  -2.1362784030576890e+02	
  1.0260000000000000e+04	 -5.4437972100831485e+02	  -2.5026970230116359e+02	
  1.0290000000000000e+04	 -5.5226564182992604e+02	  -2.9249250860157792e+02	
  1.0320000000000000e+04	 -5.6131565195172936e+02	  -3.4455935538736026e+02	
  1.0350000000000000e+04	 -5.6500417927305773e+02	  -3.7218631777043214e+02	
  1.0380000000000000e+04	 -5.6826747908389723e+02	  -3.9412342720494632e+02	
  1.0410000000000000e+04	 -5.8100154073318595e+02	  -4.2422425109084332e+02	
  1.0440000000000000e+04	 -5.8599586891042793e+02	  -4.6302174256179592e+02	
  1.0470000000000000e+04	 -5.9332939228314513e+02	  -5.0235225221870553e+02	
  1.0500000000000000e+04	 -6.0615801606599655e+02	  -5.3456631579989346e+02	
  1.0530000000000000e+04	 -5.6168804645538910e+02	  -5.3063333449011259e+02	
  1.0560000000000000e+04	 -5.3688328511940324e+02	  -5.2938891813081943e+02	
  1.0590000000000000e+04	 -4.9000845528116895e+02	  -5.2700252485643443e+02	
  1.0620000000000000e+04	 -4.6249126812018574e+02	  -5.2516733994434753e+02	
  1.0650000000000000e+04	 -4.3419745493008503e+02	  -5.2727445940922075e+02	
  1.0680000000000000e+04	 -4.0434096365357681e+02	  -5.2383854091656747e+02	
  1.0710000000000000e+04	 -3.7337654962586572e+02	  -5.2638010871695519e+02	
  1.0740000000000000e+04	 -3.4050350951006988e+02	  -5.1831091200875960e+02	
  1.0770000000000000e+04	 -2.9833826410425797e+02	  -5.1409447603032584e+02	
  1.0800000000000000e+04	 -2.5891761790292298e+02	  -5.0718743611420058e+02	
  1.0830000000000000e+04	 -2.1346273436839263e+02	  -5.0670294420402450e+02	
  1.0860000000000000e+04	 -1.9377145938256888e+02	  -5.0562567226693869e+02	
  1.0890000000000000e+04	 -1.4490694935196819e+02	  -5.0045217467242458e+02	
  1.0920000000000000e+04	 -1.2896040547582871e+02	  -5.0176596740150717e+02	
  1.0950000000000000e+04	 -1.0221012713271475e+02	  -4.9618319729907807e+02	
  1.0980000000000000e+04	 -5.0330721552793996e+01	  -4.9557304819641286e+02	
  1.1010000000000000e+04	 -2.7396527303843321e+01	  -4.9214225543257351e+02	
  1.1040000000000000e+04	 -2.8489952215016373e+01	  -4.9137738289570802e+02	
  1.1070000000000000e+04	 -2.7575174265444716e+01	  -4.9232154829260742e+02	
  1.1100000000000000e+04	 -2.9487709928658063e+01	  -4.9255853968429676e+02	
  1.1130000000000000e+04	 -3.0882969379523953e+01	  -4.9235114039247293e+02	
  1.1160000000000000e+04	 -5.3352150880694715e+00	  -4.6813278880115996e+02	
  1.1190000000000000e+04	 8.0517206137234467e+00	  -4.5549129616597247e+02	
  1.1220000000000000e+04	 3.3988749784854093e+01	  -4.3376819987263417e+02	
  1.1250000000000000e+04	 5.4920248309791560e+01	  -4.1493563912933769e+02	
  1.1280000000000000e+04	 7.0851293350306975e+01	  -4.0183078766965917e+02	
  1.1310000000000000e+04	 8.4216930392879576e+01	  -3.9173181536596849e+02	
  1.1340000000000000e+04	 1.0926084888206569e+02	  -3.7211242734707878e+02	
  1.1370000000000000e+04	 1.4277506766725520e+02	  -3.4585239670204078e+02	
  1.1400000000000000e+04	 1.7354567479188051e+02	  -3.2466658501950411e+02	
  1.1430000000000000e+04	 2.0361066163771693e+02	  -3.0206831139129963e+02	
  1.1460000000000000e+04	 2.1901295254484270e+02	  -2.8826344228672161e+02	
  1.1490000000000000e+04	 2.4389375584431406e+02	  -2.6302833147734549e+02	
  1.1520000000000000e+04	 2.6832291572676593e+02	  -2.4908659991735766e+02	
  1.1550000000000000e+04	 2.8454817529077849e+02	  -2.3694452156387786e+02	
  1.1580000000000000e+04	 3.1347425909360362e+02	  -2.0239649169170212e+02	
  1.1610000000000000e+04	 3.3892585945228143e+02	  -1.8227004588218009e+02	
  1.1640000000000000e+04	 3.6845890857476729e+02	  -1.5587899502988654e+02	
  1.1670000000000000e+04	 3.9858947139693731e+02	  -1.2353011334415750e+02	
  1.1700000000000000e+04	 4.0953060225402481e+02	  -1.0467458070550259e+02	
  1.1730000000000000e+04	 4.2735102951327008e+02	  -9.4595439996850615e+01	
  1.1760000000000000e+04	 4.2915189099249352e+02	  -9.6151866905602077e+01	
  1.1790000000000000e+04	 4.2899201168422024e+02	  -9.7501582504096945e+01	
  1.1820000000000000e+04	 4.0177741792757132e+02	  -6.1395030881894584e+01	
  1.1850000000000000e+04	 3.7641686932667938e+02	  -2.1711868859030460e+01	
  1.1880000000000000e+04	 3.5980818603943794e+02	  -3.7240070991709580e+00	
  1.1910000000000000e+04	 3.3439803325496513e+02	  3.2591074086928785e+01	
  1.1940000000000000e+04	 3.2096468669152779e+02	  5.8892612666747489e+01	
  1.1970000000000000e+04	 3.1191512798260521e+02	  8.3409611126662355e+01	
  1.2000000000000000e+04	 2.9961056141860900e+02	  1.0176595402967479e+02	
  1.2030000000000000e+04	 2.8976315333598410e+02	  1.2052241049699693e+02	
  1.2060000000000000e+04	 2.7303334206767687e+02	  1.5528821377923256e+02	
  1.2090000000000000e+04	 2.5037407886501040e+02	  1.7989436228052972e+02	
  1.2120000000000000e+04	 2.2969559721953061e+02	  2.1073814937066186e+02	
  1.2150000000000000e+04	 2.1644365377005892e+02	  2.3165834046246570e+02	
  1.2180000000000000e+04	 1.9889743862040601e+02	  2.5722820103489380e+02	
  1.2210000000000000e+04	 1.7548749789326789e+02	  2.9357985807102887e+02	
  1.2240000000000000e+04	 1.4957850392708679e+02	  3.3500955748497614e+02	
  1.2270000000000000e+04	 1.3156019518180071e+02	  3.6600151844096496e+02	
  1.2300000000000000e+04	 1.0809600884728540e+02	  4.0723045901576785e+02	
  1.2330000000000000e+04	 9.1222092983172246e+01	  4.2751011578611474e+02	
  1.2360000000000000e+04	 7.2135501335956050e+01	  4.4736067038736354e+02	
  1.2390000000000000e+04	 5.3139559147110461e+01	  4.7443031204190862e+02	
  1.2420000000000000e+04	 3.0888795658164685e+01	  5.0447280901535891e+02	
  1.2450000000000000e+04	 3.9644203292650239e+01	  4.8135796861163317e+02	
  1.2480000000000000e+04	 5.4170397806606090e+01	  4.5174681516039345e+02	
  1.2510000000000000e+04	 6.7222830987603913e+01	  4.2316851318615517e+02	
  1.2540000000000000e+04	 9.0686390084552031e+01	  3.8686590271166750e+02	
  1.2570000000000000e+04	 1.1918134465182999e+02	  3.5104750795328107e+02	
  1.2600000000000000e+04	 1.3173710636224533e+02	  3.3426751872327924e+02	
  1.2630000000000000e+04	 1.5365482758989674e+02	  3.0227782264079553e+02	
  1.2660000000000000e+04	 1.6899593198171053e+02	  2.8860180251359048e+02	
  1.2690000000000000e+04	 1.9055917705565133e+02	  2.5653023706511124e+02	
  1.2720000000000000e+04	 2.1019286745208086e+02	  2.2663664247026449e+02	
  1.2750000000000000e+04	 2.2679369577890435e+02	  2.0164787364526882e+02	
  1.2780000000000000e+04	 2.4237136750275937e+02	  1.7691268031773913e+02	
  1.2810000000000000e+04	 2.6902142241015093e+02	  1.3231776910858710e+02	
  1.2840000000000000e+04	 2.9016540955262190e+02	  1.0297118667392152e+02	
  1.2870000000000000e+04	 3.0968882816820178e+02	  7.6418402162254736e+01	
  1.2900000000000000e+04	 3.3180454439768238e+02	  4.6085956407303641e+01	
  1.2930000000000000e+04	 3.5128227676785730e+02	  9.0821181869185210e+00	
  1.2960000000000000e+04	 3.6338109107407661e+02	  -1.4422747413521975e+01	
  1.2990000000000000e+04	 3.8539662706566565e+02	  -5.9776172613899050e+01	
  1.3020000000000000e+04	 4.0579103495282118e+02	  -9.2330754331565146e+01	
  1.3050000000000000e+04	 4.2571358897865650e+02	  -1.1585088833787819e+02	
  1.3080000000000000e+04	 4.2280635433069386e+02	  -1.2116370349407836e+02	
  1.3110000000000000e+04	 4.2110931222286541e+02	  -1.2009279331549229e+02	
  1.3140000000000000e+04	 4.2155392899824562e+02	  -1.1864936261676274e+02	
  1.3170000000000000e+04	 4.2002898701551084e+02	  -1.1789829665205698e+02	
  1.3200000000000000e+04	 3.8743588212028772e+02	  -1.5654741746833852e+02	
  1.3230000000000000e+04	 3.6613212755873417e+02	  -1.7948048195113122e+02	
  1.3260000000000000e+04	 3.4988102277244280e+02	  -1.9570564590378584e+02	
  1.3290000000000000e+04	 3.2873990867499163e+02	  -2.1936735710211110e+02	
  1.3320000000000000e+04	 2.9717779530995017e+02	  -2.4867785717948573e+02	
  1.3350000000000000e+04	 2.7921141688427292e+02	  -2.6363706508676171e+02	
  1.3380000000000000e+04	 2.6185103543574405e+02	  -2.8293111072552421e+02	
  1.3410000000000000e+04	 2.4082865111315903e+02	  -3.0625311562826931e+02	
  1.3440000000000000e+04	 2.1456648418498438e+02	  -3.3324045944434363e+02	
  1.3470000000000000e+04	 1.8127399509138525e+02	  -3.6509699258593423e+02	
  1.3500000000000000e+04	 1.5906735218753622e+02	  -3.8586325601921112e+02	
  1.3530000000000000e+04	 1.3094960493172132e+02	  -4.2376392291082789e+02	
  1.3560000000000000e+04	 1.1142999831541590e+02	  -4.4150677523162295e+02	
  1.3590000000000000e+04	 1.1034816160485866e+02	  -4.4230874251496607e+02	
  1.3620000000000000e+04	 1.1114903026089480e+02	  -4.4349697075447796e+02	
  1.3650000000000000e+04	 1.1099337913048579e+02	  -4.4427830706085285e+02	
  1.3680000000000000e+04	 1.3533644435887246e+02	  -4.5005560461284136e+02	
  1.3710000000000000e+04	 1.6365835249465772e+02	  -4.6303087189063399e+02	
  1.3740000000000000e+04	 1.9041085720530836e+02	  -4.7194594538077814e+02	
  1.3770000000000000e+04	 2.2210899337701690e+02	  -4.8740576957575325e+02	
  1.3800000000000000e+04	 2.4356662684722352e+02	  -5.0433529534995898e+02	
  1.3830000000000000e+04	 2.6768254600090000e+02	  -5.2104218047326447e+02	
  1.3860000000000000e+04	 2.8352887549465299e+02	  -5.2680832242091333e+02	
  1.3890000000000000e+04	 3.1194744526999631e+02	  -5.4219364221293063e+02	
  1.3920000000000000e+04	 3.5513416410868956e+02	  -5.5798479876941894e+02	
  1.3950000000000000e+04	 3.7847873639397631e+02	  -5.6492095377467854e+02	
  1.3980000000000000e+04	 4.1424813808578551e+02	  -5.8786023269177338e+02	
  1.4010000000000000e+04	 4.3085562692732992e+02	  -5.9882710294688354e+02	
  1.4040000000000000e+04	 4.2918909625758022e+02	  -5.9962602530868571e+02	
  1.4070000000000000e+04	 3.8277853440571255e+02	  -5.8241705279577934e+02	
  1.4100000000000000e+04	 3.5072472801851626e+02	  -5.7266648123862751e+02	
  1.4130000000000000e+04	 3.0503789166637461e+02	  -5.5863927602332910e+02	
  1.4160000000000000e+04	 2.7333421442142753e+02	  -5.4151817111706589e+02	
  1.4190000000000000e+04	 2.4940543100920013e+02	  -5.2659781354438712e+02	
  1.4220000000000000e+04	 2.2407035144976479e+02	  -5.1936204879714103e+02	
  1.4250000000000000e+04	 1.9495731007121796e+02	  -5.0714521561876893e+02	
  1.4280000000000000e+04	 1.6083433029964738e+02	  -4.8897643866390229e+02	
  1.4310000000000000e+04	 1.1504346514798738e+02	  -4.6790957680651627e+02	
  1.4340000000000000e+04	 8.1562701935894069e+01	  -4.5239189958989732e+02	
  1.4370000000000000e+04	 3.3308567569550220e+01	  -4.2926337716826663e+02	
  1.4400000000000000e+04	 5.6813326661153560e+00	  -4.2415379512812956e+02	
  1.4430000000000000e+04	 -3.9354256894806568e+01	  -4.1049120219190820e+02	
  1.4460000000000000e+04	 -6.8111148322978465e+01	  -3.9466504893363651e+02	
  1.4490000000000000e+04	 -9.9637349470163940e+01	  -3.7801226702448332e+02	
  1.4520000000000000e+04	 -1.4470519378037696e+02	  -3.6309366253517987e+02	
  1.4550000000000000e+04	 -1.8386976825204709e+02	  -3.4995101144875952e+02	
  1.4580000000000000e+04	 -2.1642580678315974e+02	  -3.3086759950188855e+02	
  1.4610000000000000e+04	 -2.6264901601843246e+02	  -3.0578698050189240e+02	
  1.4640000000000000e+04	 -2.6726920245611359e+02	  -3.0784761755567069e+02	
  1.4670000000000000e+04	 -2.6595371854365231e+02	  -3.0723506626967617e+02	
  1.4700000000000000e+04	 -2.1917858650457322e+02	  -3.1977776151881562e+02	
  1.4730000000000000e+04	 -1.9555557921717676e+02	  -3.2999439699214338e+02	
  1.4760000000000000e+04	 -1.6383789611721997e+02	  -3.3520947939308627e+02	
  1.4790000000000000e+04	 -1.2407653545854228e+02	  -3.4898435936303053e+02	
  1.4820000000000000e+04	 -8.7338864481748303e+01	  -3.6632063264563192e+02	
  1.4850000000000000e+04	 -4.4717895978426448e+01	  -3.8334722086008009e+02	
  1.4880000000000000e+04	 -1.9646903334220983e+01	  -3.9005841347334734e+02	
  1.4910000000000000e+04	 1.4963025379757259e+01	  -4.0518521200155755e+02	
  1.4940000000000000e+04	 4.1060321934706650e+01	  -4.1236469837761189e+02	
  1.4970000000000000e+04	 8.7114847070022478e+01	  -4.3414009120086541e+02	
  1.5000000000000000e+04	 1.3246646983225455e+02	  -4.4852503295590373e+02	
  1.5030000000000000e+04	 1.5250130608252869e+02	  -4.5688720445770019e+02	
  1.5060000000000000e+04	 1.9665881955034189e+02	  -4.7557012538534497e+02	
  1.5090000000000000e+04	 2.2433139919553602e+02	  -4.8713243074043328e+02	
  1.5120000000000000e+04	 2.2528602834026020e+02	  -4.8890876102346527e+02	
  1.5150000000000000e+04	 2.2628314483339886e+02	  -4.8782741631898813e+02	
  1.5180000000000000e+04	 2.2764817995963361e+02	  -4.8843864320933039e+02	
  1.5210000000000000e+04	 2.2717878010435547e+02	  -4.8726032811910540e+02	
  1.5240000000000000e+04	 2.2721086894406761e+02	  -4.8922190223411690e+02	
  1.5270000000000000e+04	 2.2783380906760007e+02	  -4.8841906819099296e+02	
  1.5300000000000000e+04	 1.9981376927292700e+02	  -4.7435249419407211e+02	
  1.5330000000000000e+04	 1.8319868932075647e+02	  -4.6222537459286019e+02	
  1.5360000000000000e+04	 1.6399788330332422e+02	  -4.5264888513995993e+02	
  1.5390000000000000e+04	 1.3383546456371110e+02	  -4.3964130731406181e+02	
  1.5420000000000000e+04	 9.3302612881224604e+01	  -4.1410600344626323e+02	
  1.5450000000000000e+04	 7.3788936982015528e+01	  -4.0670526247269106e+02	
  1.5480000000000000e+04	 5.5312697993810936e+01	  -3.9972325925558266e+02	
  1.5510000000000000e+04	 1.2243424507217355e+01	  -3.8132483003509003e+02	
  1.5540000000000000e+04	 -2.6016178212997609e+01	  -3.6390736970332347e+02	
  1.5570000000000000e+04	 -6.0663857161336594e+01	  -3.4890820066828365e+02	
  1.5600000000000000e+04	 -7.7224138283269511e+01	  -3.3905887885350461e+02	
  1.5630000000000000e+04	 -9.7725204320536676e+01	  -3.2261615923302304e+02	
  1.5660000000000000e+04	 -1.2490843062225946e+02	  -3.1178602306871079e+02	
  1.5690000000000000e+04	 -1.6382016354318230e+02	  -2.8904971823021964e+02	
  1.5720000000000000e+04	 -1.8577835256508041e+02	  -2.7946667008260533e+02	
  1.5750000000000000e+04	 -2.1589880151297496e+02	  -2.6768637984347242e+02	
  1.5780000000000000e+04	 -2.4214256937019769e+02	  -2.5964541606850383e+02	
  1.5810000000000000e+04	 -2.8862585932446507e+02	  -2.3503651837723271e+02	
  1.5840000000000000e+04	 -3.1622280092623021e+02	  -2.1655965678786731e+02	
  1.5870000000000000e+04	 -3.5010192866568264e+02	  -1.9403766004591000e+02	
  1.5900000000000000e+04	 -3.7494493401952053e+02	  -1.8206560052318113e+02	
  1.5930000000000000e+04	 -4.1228050013763885e+02	  -1.6129456551278608e+02	
  1.5960000000000000e+04	 -4.4688395042337129e+02	  -1.4113829698087315e+02	
  1.5990000000000000e+04	 -4.9147044173047976e+02	  -1.1733486720281780e+02	
  1.6020000000000000e+04	 -5.1121895799557240e+02	  -1.1069110724415241e+02	
  1.6050000000000000e+04	 -5.4588845032601591e+02	  -1.0001761404561522e+02	
  1.6080000000000000e+04	 -5.6772902019850096e+02	  -8.1426218478257042e+01	
  1.6110000000000000e+04	 -5.7159467855476760e+02	  -7.9965517473175737e+01	
  1.6140000000000000e+04	 -5.7044618342405204e+02	  -8.1471835939808969e+01	
  1.6170000000000000e+04	 -5.6867571154636539e+02	  -7.9998447218849776e+01	
  1.6200000000000000e+04	 -5.6917557115471891e+02	  -8.0044809028098030e+01	
  1.6230000000000000e+04	 -5.6992808286151239e+02	  -8.1427362011882849e+01	
  1.6260000000000000e+04	 -5.6927858485239642e+02	  -8.0798108187606132e+01	
  1.6290000000000000e+04	 -5.3288342887598560e+02	  -9.2452604108282401e+01	
  1.6320000000000000e+04	 -5.0052662182519452e+02	  -1.0192645712831350e+02	
  1.6350000000000000e+04	 -4.6567493374798431e+02	  -1.1016107869449640e+02	
  1.6380000000000000e+04	 -4.2566056839829878e+02	  -1.1337757868826219e+02	
  1.6410000000000000e+04	 -3.8140978823379203e+02	  -1.2183107632198629e+02	
  1.6440000000000000e+04	 -3.3863301032157682e+02	  -1.3405557389419357e+02	
  1.6470000000000000e+04	 -3.0254793849029704e+02	  -1.4368388775286215e+02	
  1.6500000000000000e+04	 -2.8150802803422130e+02	  -1.4517331727727276e+02	
  1.6530000000000000e+04	 -2.4999922352004199e+02	  -1.5066472007796492e+02	
  1.6560000000000000e+04	 -2.2669755361695317e+02	  -1.5321902008117405e+02	
  1.6590000000000000e+04	 -1.8982518358230720e+02	  -1.6238538727109884e+02	
  1.6620000000000000e+04	 -1.4290564516024949e+02	  -1.6772934470371976e+02	
  1.6650000000000000e+04	 -9.7490031729984267e+01	  -1.7288274302648392e+02	
  1.6680000000000000e+04	 -7.3677527792923371e+01	  -1.7735547960443012e+02	
  1.6710000000000000e+04	 -4.9843596670084636e+01	  -1.7876597247823673e+02	
  1.6740000000000000e+04	 -2.7649133337902281e+01	  -1.8303441658604552e+02	
  1.6770000000000000e+04	 -1.0640369639345586e+00	  -1.8747801951269818e+02	
  1.6800000000000000e+04	 -2.5279929807088184e+01	  -1.6573170157323898e+02	
  1.6830000000000000e+04	 -5.1701794832430380e+01	  -1.3957891525045451e+02	
  1.6860000000000000e+04	 -8.5891782181149637e+01	  -1.0628896303211383e+02	
  1.6890000000000000e+04	 -1.0741688816516478e+02	  -8.7190713352459852e+01	
  1.6920000000000000e+04	 -1.3245831896868674e+02	  -6.6577778724932372e+01	
  1.6950000000000000e+04	 -1.5101538878712995e+02	  -4.9190787559118633e+01	
  1.6980000000000000e+04	 -1.7351404630327886e+02	  -2.6743871802434413e+01	
  1.7010000000000000e+04	 -1.9865703833025725e+02	  7.2275426069490649e+00	
  1.7040000000000000e+04	 -2.2598942065887812e+02	  2.7972637664252520e+01	
  1.7070000000000000e+04	 -2.5613138161199390e+02	  6.6489450824143830e+01	
  1.7100000000000000e+04	 -2.8577837694000527e+02	  9.7895139768878082e+01	
  1.7130000000000000e+04	 -3.0107071575258698e+02	  1.1493467697630116e+02	
  1.7160000000000000e+04	 -3.1880534147145579e+02	  1.3279184537009692e+02	
  1.7190000000000000e+04	 -3.3753008538278721e+02	  1.5332207646637139e+02	
  1.7220000000000000e+04	 -3.4709486039543225e+02	  1.7164089993820716e+02	
  1.7250000000000000e+04	 -3.5964114734017301e+02	  1.8511053839733472e+02	
  1.7280000000000000e+04	 -3.6053494419603498e+02	  1.8381085358785839e+02	
  1.7310000000000000e+04	 -3.6153835961171905e+02	  1.8355122065498207e+02	
  1.7340000000000000e+04	 -3.6340167421785225e+02	  1.8424841759455276e+02	
  1.7370000000000000e+04	 -3.6240237038587901e+02	  1.8437260637998722e+02	
  1.7400000000000000e+04	 -3.6305926112489237e+02	  1.8237933761211676e+02	
  1.7430000000000000e+04	 -3.6202134817318307e+02	  1.8117516237320601e+02	
  1.7460000000000000e+04	 -3.6033175209638472e+02	  1.8057722295484700e+02	
  1.7490000000000000e+04	 -3.6214368729258712e+02	  1.7957068204771195e+02	
  1.7520000000000000e+04	 -3.7530195474001340e+02	  2.1008488369683744e+02	
  1.7550000000000000e+04	 -3.9690363712652362e+02	  2.5191191277372261e+02	
  1.7580000000000000e+04	 -4.1048942555073586e+02	  2.7697745185309157e+02	
  1.7610000000000000e+04	 -4.2536931604639705e+02	  3.0250738582433223e+02	
  1.7640000000000000e+04	 -4.5436302128473841e+02	  3.4107649250893490e+02	
  1.7670000000000000e+04	 -4.7368559973323465e+02	  3.7492644210638542e+02	
  1.7700000000000000e+04	 -4.7853708697259839e+02	  3.4477168619043607e+02	
  1.7730000000000000e+04	 -4.8465268326819120e+02	  2.9839851994755696e+02	
  1.7760000000000000e+04	 -4.9664150306830044e+02	  2.5353525783710947e+02	
  1.7790000000000000e+04	 -5.0841255516531288e+02	  2.1490025182601539e+02	
  1.7820000000000000e+04	 -5.1748056958911275e+02	  1.7879901507729937e+02	
  1.7850000000000000e+04	 -5.2170552336664821e+02	  1.4876300771834127e+02	
  1.7880000000000000e+04	 -5.2972363056753807e+02	  1.2622970297812486e+02	
  1.7910000000000000e+04	 -5.3904136167140337e+02	  1.0605920286320136e+02	
  1.7940000000000000e+04	 -5.4969193389616510e+02	  6.5439905018920285e+01	
  1.7970000000000000e+04	 -5.5939585182900328e+02	  3.3021107003046097e+01	
  1.8000000000000000e+04	 -5.5995176297196781e+02	  1.3689701728781749e+01	
  1.8030000000000000e+04	 -5.6997449702088079e+02	  -3.4800517637255133e+01	
  1.8060000000000000e+04	 -5.2884207818723348e+02	  -6.2550731700630656e+01	
  1.8090000000000000e+04	 -5.0090339049645189e+02	  -8.0412905459877720e+01	
  1.8120000000000000e+04	 -4.6365149161710389e+02	  -1.0177697474657944e+02	
  1.8150000000000000e+04	 -4.2596587065257609e+02	  -1.2575608735875315e+02	
  1.8180000000000000e+04	 -4.0275920217874403e+02	  -1.4722283827213215e+02	
  1.8210000000000000e+04	 -3.7699284747865647e+02	  -1.6719616580894359e+02	
  1.8240000000000000e+04	 -3.3577949802216489e+02	  -1.9397084620074040e+02	
  1.8270000000000000e+04	 -2.9069673073725988e+02	  -2.1868023936921225e+02	
  1.8300000000000000e+04	 -2.7009456707671006e+02	  -2.3656058703502717e+02	
  1.8330000000000000e+04	 -2.5482410070525992e+02	  -2.1269142107196365e+02	
  1.8360000000000000e+04	 -2.3195650142742937e+02	  -1.7723017003179083e+02	
  1.8390000000000000e+04	 -2.1140450781226610e+02	  -1.3628245414909753e+02	
  1.8420000000000000e+04	 -1.8704760726385118e+02	  -1.0378978712474523e+02	
  1.8450000000000000e+04	 -1.7256038324475529e+02	  -7.6409073438431491e+01	
  1.8480000000000000e+04	 -1.6702661096463427e+02	  -5.2533693198384654e+01	
  1.8510000000000000e+04	 -1.5045803634733960e+02	  -2.8016994719986862e+01	
  1.8540000000000000e+04	 -1.3617545836326070e+02	  9.3738045578619449e+00	
  1.8570000000000000e+04	 -1.1933467387760082e+02	  4.6662249661460805e+01	
  1.8600000000000000e+04	 -9.9018099311205788e+01	  7.2313431666918007e+01	
  1.8630000000000000e+04	 -9.1446038663125421e+01	  9.2764802036415801e+01	
  1.8660000000000000e+04	 -7.8520926739985029e+01	  1.2030892439040130e+02	
  1.8690000000000000e+04	 -6.6822282076122391e+01	  1.3618166914116435e+02	
  1.8720000000000000e+04	 -4.3318502495808232e+01	  1.6799414446877043e+02	
  1.8750000000000000e+04	 -3.4920093240580002e+01	  1.9674483238994179e+02	
  1.8780000000000000e+04	 -2.5768770803162695e+01	  2.3724678010961509e+02	
  1.8810000000000000e+04	 -2.6303911106731054e+01	  2.6360281590679824e+02	
  1.8840000000000000e+04	 -2.4289537909182457e+01	  3.0284245727762135e+02	
  1.8870000000000000e+04	 -1.7891532875342183e+01	  3.4165433750962330e+02	
  1.8900000000000000e+04	 -9.1023546772991732e+00	  3.6957888416730083e+02	
  1.8930000000000000e+04	 -1.0147053420909325e+01	  3.9395857358849054e+02	
  1.8960000000000000e+04	 -8.1926431447568699e+00	  4.1182575135688109e+02	
  1.8990000000000000e+04	 1.0648665417358281e+00	  4.4905318859856118e+02	
  1.9020000000000000e+04	 8.0275745388228792e+00	  4.9242734757037823e+02	
  1.9050000000000000e+04	 1.5019045538109289e+01	  5.3224300880149019e+02	
  1.9080000000000000e+04	 1.6130757704275400e+01	  5.4896229589238419e+02	
  1.9110000000000000e+04	 2.0844547448178691e+01	  5.8870445303006170e+02	
  1.9140000000000000e+04	 2.7156185734321667e+01	  6.2503795990305127e+02	
  1.9170000000000000e+04	 3.2263644557482323e+01	  6.6644101794143546e+02	
  1.9200000000000000e+04	 3.2035496200884417e+01	  7.1281617673566677e+02	
  1.9230000000000000e+04	 3.8531753396960340e+01	  6.7261342225673843e+02	
  1.9260000000000000e+04	 4.0685445610224150e+01	  6.5353352485207415e+02	
  1.9290000000000000e+04	 4.1529713796850039e+01	  6.1089369225753740e+02	
  1.9320000000000000e+04	 4.3995672673504579e+01	  5.7543737352741834e+02	
  1.9350000000000000e+04	 4.7478950818613647e+01	  5.5176195642069672e+02	
  1.9380000000000000e+04	 5.2036426343841669e+01	  5.1926805299999126e+02	
  1.9410000000000000e+04	 5.0173153196695708e+01	  4.9981758683018177e+02	
  1.9440000000000000e+04	 5.5771106901609848e+01	  4.7602959646233728e+02	
  1.9470000000000000e+04	 5.4012971316713525e+01	  4.5046549422850524e+02	
  1.9500000000000000e+04	 6.0237672277292781e+01	  4.2898440789080422e+02	
  1.9530000000000000e+04	 5.9157256483504547e+01	  3.8711176656473884e+02	
  1.9560000000000000e+04	 6.2617678278459806e+01	  3.4387977049628915e+02	
  1.9590000000000000e+04	 6.4592541977479243e+01	  3.1011551390855374e+02	
  1.9620000000000000e+04	 6.9453485701735048e+01	  2.7787114079721516e+02	
  1.9650000000000000e+04	 7.6013155160302546e+01	  2.3069986235835344e+02	
  1.9680000000000000e+04	 8.2016547681045253e+01	  2.0374370476996248e+02	
  1.9710000000000000e+04	 8.1988100674893502e+01	  1.6693604234437117e+02	
  1.9740000000000000e+04	 8.7766676209109960e+01	  1.2380360780410155e+02	
  1.9770000000000000e+04	 9.3348047767508760e+01	  7.5088019821027373e+01	
  1.9800000000000000e+04	 9.4100062673376485e+01	  3.0164806752553154e+01	
  1.9830000000000000e+04	 9.2534829400917332e+01	  -1.6123614775822730e+01	
  1.9860000000000000e+04	 9.6037668973197327e+01	  -3.2754284637589414e+01	
  1.9890000000000000e+04	 9.3232077093918022e+01	  -8.1215873613500605e+01	
  1.9920000000000000e+04	 9.6976090278431428e+01	  -1.0719509421421920e+02	
  1.9950000000000000e+04	 1.0000690232268362e+02	  -1.4368305476823187e+02	
  1.9980000000000000e+04	 1.0224013298977903e+02	  -1.7306007849860055e+02	
  2.0010000000000000e+04	 1.0552269602832907e+02	  -2.1258798163957766e+02	
  2.0040000000000000e+04	 1.0146927900353839e+02	  -2.5358832597590870e+02	
  2.0070000000000000e+04	 1.0459881007358987e+02	  -2.9134076529315428e+02	
  2.0100000000000000e+04	 1.0251378014458112e+02	  -3.1384343403276881e+02	
  2.0130000000000000e+04	 1.0517733234180105e+02	  -3.4042907958338537e+02	
  2.0160000000000000e+04	 1.0421756443296304e+02	  -3.4041045709026133e+02	
  2.0190000000000000e+04	 1.0349862053181261e+02	  -3.3843384332042507e+02	
  2.0220000000000000e+04	 1.0471861998366863e+02	  -2.9101442782247545e+02	
  2.0250000000000000e+04	 1.0351843075011377e+02	  -2.5925674841827146e+02	
  2.0280000000000000e+04	 9.6290395986566025e+01	  -2.0772136514675049e+02	
  2.0310000000000000e+04	 1.1267476089766083e+02	  -2.0214658679934914e+02	
  2.0340000000000000e+04	 1.1444284650041034e+02	  -2.0337161567226372e+02	
  2.0370000000000000e+04	 7.6797501934717559e+01	  -1.8509623172688731e+02	
  2.0400000000000000e+04	 5.1554993974056714e+01	  -1.7187470843055107e+02	
  2.0430000000000000e+04	 1.1003742239562214e+01	  -1.5476070446658812e+02	
  2.0460000000000000e+04	 -3.0902058443734383e+01	  -1.3429901842149079e+02	
  2.0490000000000000e+04	 -7.6575680122005892e+01	  -1.2408981107900409e+02	
  2.0520000000000000e+04	 -1.0366706512084495e+02	  -1.1525575728562431e+02	
  2.0550000000000000e+04	 -1.2927843323334460e+02	  -1.0315718496315873e+02	
  2.0580000000000000e+04	 -1.5105916487987977e+02	  -9.7746045054527542e+01	
  2.0610000000000000e+04	 -1.8976375339421574e+02	  -8.5738519723580907e+01	
  2.0640000000000000e+04	 -2.2682781327842224e+02	  -7.5431843201156923e+01	
  2.0670000000000000e+04	 -2.5805207380006016e+02	  -5.8999041857748352e+01	
  2.0700000000000000e+04	 -2.5843037289337309e+02	  -5.8864445521749126e+01	
  2.0730000000000000e+04	 -2.5674170628950111e+02	  -5.8667108160421343e+01	
  2.0760000000000000e+04	 -2.5552716917616004e+02	  -5.7592453136747352e+01	
  2.0790000000000000e+04	 -2.5370654305804163e+02	  -5.6121479259784842e+01	
  2.0820000000000000e+04	 -2.5419548764322238e+02	  -5.5005791365404903e+01	
  2.0850000000000000e+04	 -2.5443058223474679e+02	  -5.4424127278343420e+01	
  2.0880000000000000e+04	 -2.5523585376216374e+02	  -5.2483762368252897e+01	
  2.0910000000000000e+04	 -2.7786326669383425e+02	  -7.2139803736874740e+01	
  2.0940000000000000e+04	 -3.1698525426909202e+02	  -9.5904303303330494e+01	
  2.0970000000000000e+04	 -3.4081156093389643e+02	  -1.0912186010421900e+02	
  2.1000000000000000e+04	 -3.6801141072681423e+02	  -1.2562063397093915e+02	
  2.1030000000000000e+04	 -4.0650946441185596e+02	  -1.4002146299726704e+02	
  2.1060000000000000e+04	 -4.3081150975632193e+02	  -1.4989928793971077e+02	
  2.1090000000000000e+04	 -4.4989277705164187e+02	  -1.5679063403843915e+02	
  2.1120000000000000e+04	 -4.7515473283392737e+02	  -1.6460047187735157e+02	
  2.1150000000000000e+04	 -4.9945773641552353e+02	  -1.8024403693337405e+02	
  2.1180000000000000e+04	 -5.3524821963678164e+02	  -1.9874668032583412e+02	
  2.1210000000000000e+04	 -5.6458895053667322e+02	  -2.1626335095100973e+02	
  2.1240000000000000e+04	 -6.0212378493411700e+02	  -2.4306675901757563e+02	
  2.1270000000000000e+04	 -5.6171356412661760e+02	  -2.5006246552939575e+02	
  2.1300000000000000e+04	 -5.2431284219651695e+02	  -2.5522627814488669e+02	
  2.1330000000000000e+04	 -4.7052283307109053e+02	  -2.6270847515754951e+02	
  2.1360000000000000e+04	 -4.3876534826796126e+02	  -2.7048653918455892e+02	
  2.1390000000000000e+04	 -4.1242051878830523e+02	  -2.7769923980064118e+02	
  2.1420000000000000e+04	 -3.7353333419212203e+02	  -2.8273747072646091e+02	
  2.1450000000000000e+04	 -3.2829755656822863e+02	  -2.8305050325289096e+02	
  2.1480000000000000e+04	 -3.0002347511297251e+02	  -2.8423386408820670e+02	
  2.1510000000000000e+04	 -2.6611362828692506e+02	  -2.9089144562467470e+02	
  2.1540000000000000e+04	 -2.4007856205066929e+02	  -2.9476371375199574e+02	
  2.1570000000000000e+04	 -2.1917584468834076e+02	  -2.9937037346481441e+02	
  2.1600000000000000e+04	 -1.7720734296151804e+02	  -2.9893610931888571e+02	
  2.1630000000000000e+04	 -1.5149099544057776e+02	  -3.0224273562361287e+02	
  2.1660000000000000e+04	 -1.1864834874852851e+02	  -3.0378887066736348e+02	
  2.1690000000000000e+04	 -7.9766637283592729e+01	  -3.1134936632205535e+02	
  2.1720000000000000e+04	 -3.9643472373131139e+01	  -3.1561132611588937e+02	
  2.1750000000000000e+04	 3.2097472858829761e+00	  -3.2001849680482059e+02	
  2.1780000000000000e+04	 3.7692998437933610e+01	  -3.1790611021033061e+02	
  2.1810000000000000e+04	 6.0594028288468337e+01	  -3.2102734274211633e+02	
  2.1840000000000000e+04	 8.0272468589605552e+01	  -3.2422584949579488e+02	
  2.1870000000000000e+04	 1.2919330398641199e+02	  -3.3067272143156998e+02	
  2.1900000000000000e+04	 1.6845436725567583e+02	  -3.3828092117097594e+02	
  2.1930000000000000e+04	 2.0252465828821516e+02	  -3.3630070522862712e+02	
  2.1960000000000000e+04	 2.3628525885449969e+02	  -3.3760306124112674e+02	
  2.1990000000000000e+04	 2.6086765653195255e+02	  -3.4197000974600178e+02	
  2.2020000000000000e+04	 3.0683621260008601e+02	  -3.5057889608211832e+02	
  2.2050000000000000e+04	 3.2413798017713691e+02	  -3.5065116442107245e+02	
  2.2080000000000000e+04	 3.6971341504627566e+02	  -3.5031011533632096e+02	
  2.2110000000000000e+04	 3.9500113682524244e+02	  -3.5697489276497373e+02	
  2.2140000000000000e+04	 4.4528266520797962e+02	  -3.5843524335836634e+02	
  2.2170000000000000e+04	 4.6762201506556454e+02	  -3.6516913847062210e+02	
  2.2200000000000000e+04	 4.3069065106460289e+02	  -3.3374304172202881e+02	
  2.2230000000000000e+04	 4.1646031651539494e+02	  -3.1264232066150481e+02	
  2.2260000000000000e+04	 4.0347664412325923e+02	  -2.9468901374362736e+02	
  2.2290000000000000e+04	 3.6939999133916535e+02	  -2.6676600939203837e+02	
  2.2320000000000000e+04	 3.4005065456457459e+02	  -2.3035634636073027e+02	
  2.2350000000000000e+04	 3.0838371617252471e+02	  -1.9571482039105419e+02	
  2.2380000000000000e+04	 2.6844077403602444e+02	  -1.6124339997102564e+02	
  2.2410000000000000e+04	 2.4334913227163076e+02	  -1.3477379395963243e+02	
  2.2440000000000000e+04	 2.2089185773972028e+02	  -1.1961298301687120e+02	
  2.2470000000000000e+04	 1.8808691179113060e+02	  -8.6000564008117976e+01	
  2.2500000000000000e+04	 1.5897334057884197e+02	  -5.9923119014750313e+01	
  2.2530000000000000e+04	 1.3812753722677897e+02	  -4.0393978902475467e+01	
  2.2560000000000000e+04	 1.1733347517472519e+02	  -1.0988378072093443e+01	
  2.2590000000000000e+04	 8.9834889547660268e+01	  1.3795599366061776e+01	
  2.2620000000000000e+04	 7.5284798466362133e+01	  3.1368102389229197e+01	
  2.2650000000000000e+04	 4.5157167707573450e+01	  6.6134847625941532e+01	
  2.2680000000000000e+04	 1.4071830999372956e+01	  9.7381886088951390e+01	
  2.2710000000000000e+04	 -8.0260538773498808e+00	  1.2353644666211962e+02	
  2.2740000000000000e+04	 -3.2531034451403045e+01	  1.4526714928708620e+02	
  2.2770000000000000e+04	 -5.9360817149241541e+01	  1.7110084262374548e+02	
  2.2800000000000000e+04	 -9.7329257031406968e+01	  1.9804900008026615e+02	
  2.2830000000000000e+04	 -1.2624209307512700e+02	  2.2795194734405652e+02	
  2.2860000000000000e+04	 -1.5397456894830518e+02	  2.5450496459404624e+02	
  2.2890000000000000e+04	 -1.9499909940685944e+02	  2.8339470463084257e+02	
  2.2920000000000000e+04	 -2.1645623375777694e+02	  3.0430102041991017e+02	
  2.2950000000000000e+04	 -2.1538571534580262e+02	  3.0338396946442901e+02	
  2.2980000000000000e+04	 -2.1680640029971798e+02	  3.0219502576847594e+02	
  2.3010000000000000e+04	 -2.1791464804040129e+02	  3.0146322574949909e+02	
  2.3040000000000000e+04	 -2.1611037732222206e+02	  3.0160755763905775e+02	
  2.3070000000000000e+04	 -2.1538463603619667e+02	  3.0108316591439774e+02	
  2.3100000000000000e+04	 -2.1448305709420072e+02	  2.9946273434568309e+02	
  2.3130000000000000e+04	 -2.1387203187766443e+02	  2.9764440677919356e+02	
  2.3160000000000000e+04	 -2.4347350159744028e+02	  2.7120863979245433e+02	
  2.3190000000000000e+04	 -2.6442857434526519e+02	  2.4751748548923820e+02	
  2.3220000000000000e+04	 -2.9311269048088730e+02	  2.1285197016709506e+02	
  2.3250000000000000e+04	 -3.1514047082209709e+02	  1.9120385153230802e+02	
  2.3280000000000000e+04	 -3.4147769283398532e+02	  1.6332913518702458e+02	
  2.3310000000000000e+04	 -3.6353882433889470e+02	  1.4416016266885399e+02	
  2.3340000000000000e+04	 -3.8713309529028044e+02	  1.2209288631669155e+02	
  2.3370000000000000e+04	 -4.1825080361398648e+02	  8.8145371788479750e+01	
  2.3400000000000000e+04	 -4.4345074889748508e+02	  6.0695692269541624e+01	
  2.3430000000000000e+04	 -4.7145399006819940e+02	  3.2828028300313598e+01	
  2.3460000000000000e+04	 -4.8787598804459009e+02	  1.3320898220779533e+01	
  2.3490000000000000e+04	 -5.1355168282394720e+02	  -1.4859222795824959e+01	
  2.3520000000000000e+04	 -5.4079881585510225e+02	  -4.8950191024877199e+01	
  2.3550000000000000e+04	 -5.5804067920053444e+02	  -6.4980808673049239e+01	
  2.3580000000000000e+04	 -5.2543765794728472e+02	  -9.1798640754135334e+01	
  2.3610000000000000e+04	 -5.0363656287351364e+02	  -1.0467072801239603e+02	
  2.3640000000000000e+04	 -4.6720210827415883e+02	  -1.3589828903032938e+02	
  2.3670000000000000e+04	 -4.4446577595101576e+02	  -1.6114000460480543e+02	
  2.3700000000000000e+04	 -4.1668444252300935e+02	  -1.8464620060101188e+02	
  2.3730000000000000e+04	 -4.1770397548628381e+02	  -1.8268492209355762e+02	
  2.3760000000000000e+04	 -4.1780546502167715e+02	  -1.8213579451429669e+02	
  2.3790000000000000e+04	 -3.9975824961293506e+02	  -1.3952999768120623e+02	
  2.3820000000000000e+04	 -3.8720801840814102e+02	  -1.0467362134072229e+02	
  2.3850000000000000e+04	 -3.7244540468563599e+02	  -7.5492585198209014e+01	
  2.3880000000000000e+04	 -3.6266475332456400e+02	  -4.2219985224817954e+01	
  2.3910000000000000e+04	 -3.4952990514806640e+02	  -1.4102002841755130e+01	
  2.3940000000000000e+04	 -3.2832486797903800e+02	  2.9180276315112067e+01	
  2.3970000000000000e+04	 -3.1777443342711780e+02	  7.0871382885193398e+01	
  2.4000000000000000e+04	 -3.0014925180874070e+02	  1.1346656287757736e+02	
  2.4030000000000000e+04	 -2.8890993854152492e+02	  1.6228905243131643e+02	
  2.4060000000000000e+04	 -2.8320216646181348e+02	  1.8111869891193464e+02	
  2.4090000000000000e+04	 -2.6979950939949924e+02	  2.0062046168205978e+02	
  2.4120000000000000e+04	 -2.5663741770198152e+02	  2.2787113499739701e+02	
  2.4150000000000000e+04	 -2.4460758300860277e+02	  2.5352013034769175e+02	
  2.4180000000000000e+04	 -2.3942491509762186e+02	  2.8719132926089662e+02	
  2.4210000000000000e+04	 -2.2571013127694596e+02	  3.1366485931139817e+02	
  2.4240000000000000e+04	 -2.2417927748360850e+02	  3.2421201784857658e+02	
  2.4270000000000000e+04	 -2.2391210632806531e+02	  3.2221813324001135e+02	
  2.4300000000000000e+04	 -2.2485686142999245e+02	  3.2370329191962873e+02	
  2.4330000000000000e+04	 -2.2503504062916795e+02	  3.2285942896586795e+02	
  2.4360000000000000e+04	 -1.8040873404178137e+02	  3.2695489260406646e+02	
  2.4390000000000000e+04	 -1.3544402730695043e+02	  3.3750269840326825e+02	
  2.4420000000000000e+04	 -1.0383440695061411e+02	  3.3933330056283899e+02	
  2.4450000000000000e+04	 -8.6447204482182968e+01	  3.4172418843101599e+02	
  2.4480000000000000e+04	 -6.2201499991301120e+01	  3.4295401062650251e+02	
  2.4510000000000000e+04	 -3.6118599246106797e+01	  3.4562204357563593e+02	
  2.4540000000000000e+04	 -1.3649073317676113e+01	  3.5788180135138236e+02	
  2.4570000000000000e+04	 2.4190298769990349e+01	  3.6888910308565607e+02	
  2.4600000000000000e+04	 6.1037365282256516e+01	  3.7682858305574058e+02	
  2.4630000000000000e+04	 7.9354978367435365e+01	  3.7814955332265976e+02	
  2.4660000000000000e+04	 9.9796162215806774e+01	  3.8722132547558954e+02	
  2.4690000000000000e+04	 9.7995477134667652e+01	  3.8757460328077633e+02	
  2.4720000000000000e+04	 1.1515993805281154e+02	  3.5725647383588426e+02	
  2.4750000000000000e+04	 1.3227797375581119e+02	  3.3785945636082357e+02	
  2.4780000000000000e+04	 1.5724960655157193e+02	  2.9740987174192520e+02	
  2.4810000000000000e+04	 1.8215377575470293e+02	  2.5589526234773973e+02	
  2.4840000000000000e+04	 2.0627764423302347e+02	  2.1971378531394234e+02	
  2.4870000000000000e+04	 2.2128328253379615e+02	  1.9259117447832722e+02	
  2.4900000000000000e+04	 2.4174951936777580e+02	  1.6578651326634792e+02	
  2.4930000000000000e+04	 2.5033269416885685e+02	  1.5023481832165271e+02	
  2.4960000000000000e+04	 2.5996084247880151e+02	  1.2943722529935806e+02	
  2.4990000000000000e+04	 2.7424277532198221e+02	  9.5645529765598042e+01	
  2.5020000000000000e+04	 2.9946748113985421e+02	  6.1574241358507855e+01	
  2.5050000000000000e+04	 3.1071880057460163e+02	  3.5138050751432004e+01	
  2.5080000000000000e+04	 3.3319102591998944e+02	  -6.6294600680330689e+00	
  2.5110000000000000e+04	 3.4509211396828215e+02	  -3.5896407390007830e+01	
  2.5140000000000000e+04	 3.5532669231552882e+02	  -4.8640025074893288e+01	
  2.5170000000000000e+04	 3.5535267697238459e+02	  -5.0282736426743988e+01	
  2.5200000000000000e+04	 3.5363935167744359e+02	  -5.2280047871547687e+01	
  2.5230000000000000e+04	 3.1999746771658215e+02	  -7.1717233186176060e+01	
  2.5260000000000000e+04	 2.8633018112045431e+02	  -8.7546843704794640e+01	
  2.5290000000000000e+04	 2.5657523454492735e+02	  -1.0143657967138363e+02	
  2.5320000000000000e+04	 2.1906167283613598e+02	  -1.1622024034853460e+02	
  2.5350000000000000e+04	 1.9562764143285028e+02	  -1.2802114882287478e+02	
  2.5380000000000000e+04	 1.5897464524524850e+02	  -1.3976085854371277e+02	
  2.5410000000000000e+04	 1.3841604519513987e+02	  -1.5015884763244858e+02	
  2.5440000000000000e+04	 1.0268624746293730e+02	  -1.6699147539431618e+02	
  2.5470000000000000e+04	 6.2705954176644568e+01	  -1.8784128990460803e+02	
  2.5500000000000000e+04	 2.8746981691945521e+01	  -2.0633169768700793e+02	
  2.5530000000000000e+04	 -9.9647052388871415e+00	  -2.2274214233516432e+02	
  2.5560000000000000e+04	 -5.3175556923818029e+01	  -2.4269778296431619e+02	
  2.5590000000000000e+04	 -9.7187597442826515e+01	  -2.6047419815911854e+02	
  2.5620000000000000e+04	 -1.2826890813772289e+02	  -2.6875071758458137e+02	
  2.5650000000000000e+04	 -1.4796859346463680e+02	  -2.7897094426677853e+02	
  2.5680000000000000e+04	 -1.3561279341044636e+02	  -3.2182909193635402e+02	
  2.5710000000000000e+04	 -1.2612730999440049e+02	  -3.4829160171755507e+02	
  2.5740000000000000e+04	 -1.1643633648580843e+02	  -3.7762512109563835e+02	
  2.5770000000000000e+04	 -1.0773345695852913e+02	  -4.0360443536597523e+02	
  2.5800000000000000e+04	 -1.0445902332931936e+02	  -4.2854995158426095e+02	
  2.5830000000000000e+04	 -9.3902521690895583e+01	  -4.4664065404761999e+02	
  2.5860000000000000e+04	 -8.5114377987270686e+01	  -4.1596489308686267e+02	
  2.5890000000000000e+04	 -7.1660860747863808e+01	  -3.8985385861566868e+02	
  2.5920000000000000e+04	 -5.9594842345910180e+01	  -3.4773425087272886e+02	
  2.5950000000000000e+04	 -4.7059786960223882e+01	  -3.2119688644826510e+02	
  2.5980000000000000e+04	 -3.4499331713235634e+01	  -2.9116312075046648e+02	
  2.6010000000000000e+04	 -2.2155720824537369e+01	  -2.5311870457952188e+02	
  2.6040000000000000e+04	 -1.4505068502659713e+01	  -2.1561955399881978e+02	
  2.6070000000000000e+04	 -1.0396132793711288e+01	  -1.9288775073779735e+02	
  2.6100000000000000e+04	 8.5649951782416451e+00	  -1.4501406595979827e+02	
  2.6130000000000000e+04	 2.0787367420617720e+01	  -1.2567412281244950e+02	
  2.6160000000000000e+04	 2.3859030397516694e+01	  -1.0721751046943228e+02	
  2.6190000000000000e+04	 2.9228647245157561e+01	  -8.0136403830372743e+01	
  2.6220000000000000e+04	 3.7835441699012456e+01	  -5.4568827079740728e+01	
  2.6250000000000000e+04	 4.8419159947674565e+01	  -2.8232721282716021e+01	
  2.6280000000000000e+04	 6.8482805461391962e+01	  1.9801063697741206e+01	
  2.6310000000000000e+04	 8.2724223600362990e+01	  5.9539509078383510e+01	
  2.6340000000000000e+04	 9.5741519453742740e+01	  9.1223379451232887e+01	
  2.6370000000000000e+04	 1.0149927195259207e+02	  1.2135605125295146e+02	
  2.6400000000000000e+04	 1.0755026434010865e+02	  1.5184935352823300e+02	
  2.6430000000000000e+04	 1.2229363210155461e+02	  1.8234516003584696e+02	
  2.6460000000000000e+04	 1.2681804303305805e+02	  2.2955751227185306e+02	
  2.6490000000000000e+04	 1.2506195121416079e+02	  2.6263960609836982e+02	
  2.6520000000000000e+04	 1.3063340927666769e+02	  3.1497240387360148e+02	
  2.6550000000000000e+04	 1.3453566988984247e+02	  3.5657484770540145e+02	
  2.6580000000000000e+04	 1.3407917524238468e+02	  3.9694371372464946e+02	
  2.6610000000000000e+04	 1.3548685213625185e+02	  4.1650238581633641e+02	
  2.6640000000000000e+04	 1.2951821687929680e+02	  4.2566430082469333e+02	
  2.6670000000000000e+04	 1.3101199627738882e+02	  4.2541593776974793e+02	
  2.6700000000000000e+04	 1.2991762940340644e+02	  4.2392305570096278e+02	
  2.6730000000000000e+04	 1.2873259161729945e+02	  4.2339327119568992e+02	
  2.6760000000000000e+04	 1.6127053856904180e+02	  4.4219639013546976e+02	
  2.6790000000000000e+04	 1.9725762554927374e+02	  4.6353993670585896e+02	
  2.6820000000000000e+04	 2.1197150297912893e+02	  4.7653549398585187e+02	
  2.6850000000000000e+04	 2.4298021815231473e+02	  4.9817134188151630e+02	
  2.6880000000000000e+04	 2.6183861090814554e+02	  5.1478806805141210e+02	
  2.6910000000000000e+04	 2.6914098282162036e+02	  5.2065628304388326e+02	
  2.6940000000000000e+04	 2.6799898776343031e+02	  5.1882716750418024e+02	
  2.6970000000000000e+04	 2.6893284562069709e+02	  5.1783919468992224e+02	
  2.7000000000000000e+04	 2.6718717406329336e+02	  5.1720944849504463e+02	
  2.7030000000000000e+04	 2.5412444053510040e+02	  4.9422736608478971e+02	
  2.7060000000000000e+04	 2.4095221157722520e+02	  4.7149070655689371e+02	
  2.7090000000000000e+04	 2.1728153708854754e+02	  4.3551315088908439e+02	
  2.7120000000000000e+04	 1.9932889831720956e+02	  4.0839647792627073e+02	
  2.7150000000000000e+04	 1.8983695612097696e+02	  3.8959558739577136e+02	
  2.7180000000000000e+04	 1.7934813222510326e+02	  3.7467891278906120e+02	
  2.7210000000000000e+04	 1.6502551105497511e+02	  3.4593908203809747e+02	
  2.7240000000000000e+04	 1.4780719353696958e+02	  3.1091543314372217e+02	
  2.7270000000000000e+04	 1.3599697818128504e+02	  2.8662479271140495e+02	
  2.7300000000000000e+04	 1.2184391923685145e+02	  2.4441655618037984e+02	
  2.7330000000000000e+04	 1.0877162839086932e+02	  2.2304345227606817e+02	
  2.7360000000000000e+04	 8.6668371636050807e+01	  1.7557046358455312e+02	
  2.7390000000000000e+04	 7.8763771015845663e+01	  1.5918112742991750e+02	
  2.7420000000000000e+04	 5.4148457574936394e+01	  1.1974845348257088e+02	
  2.7450000000000000e+04	 5.0666181620551207e+01	  1.4910967117236814e+02	
  2.7480000000000000e+04	 4.7862960894572190e+01	  1.7202740870728442e+02	
  2.7510000000000000e+04	 4.3098218069264433e+01	  2.0355127792696004e+02	
  2.7540000000000000e+04	 4.1909309957045707e+01	  2.2725646013507674e+02	
  2.7570000000000000e+04	 4.1048229820117768e+01	  2.6164068544992938e+02	
  2.7600000000000000e+04	 3.2192464327332360e+01	  3.0565238853719200e+02	
  2.7630000000000000e+04	 3.0179897123771614e+01	  3.5051903422377700e+02	
  2.7660000000000000e+04	 2.5566204778429231e+01	  3.7792629080934569e+02	
  2.7690000000000000e+04	 2.5523274904077820e+01	  4.2601460925041425e+02	
  2.7720000000000000e+04	 2.3608032225632837e+01	  4.6761929652541863e+02	
  2.7750000000000000e+04	 2.1084777848518556e+01	  5.1405964821256794e+02	
  2.7780000000000000e+04	 1.5132667873143266e+01	  5.4261036094156543e+02	
  2.7810000000000000e+04	 4.7837403567210348e+00	  5.8683280438442239e+02	
  2.7840000000000000e+04	 -3.0446693973880903e+00	  6.2511537868884795e+02	
  2.7870000000000000e+04	 -2.6737648325537120e+00	  6.5605051073651305e+02	
  2.7900000000000000e+04	 -1.1905923422478182e+01	  7.0173143672784443e+02	
  2.7930000000000000e+04	 -9.3949526897890792e+00	  7.2305027056879203e+02	
  2.7960000000000000e+04	 -1.0021536021637905e+01	  7.2272575769714820e+02	
  2.7990000000000000e+04	 -1.1467149554225868e+01	  7.2411715139407772e+02	
  2.8020000000000000e+04	 -1.1702873463728004e+01	  7.2610783918584059e+02	
  2.8050000000000000e+04	 -1.2679112163129423e+01	  7.2723227348644525e+02	
  2.8080000000000000e+04	 -1.1407666440335607e+01	  7.2665124913119212e+02	
  2.8110000000000000e+04	 -1.3092806772730405e+01	  7.2781318997940446e+02	
  2.8140000000000000e+04	 -1.1205064671169252e+01	  7.2768253465131784e+02	
  2.8170000000000000e+04	 -2.5822525734557949e+01	  7.0712998522700491e+02	
  2.8200000000000000e+04	 -4.3719548748941023e+01	  6.6935294373142597e+02	
  2.8230000000000000e+04	 -6.4863513637474000e+01	  6.2380384550506028e+02	
  2.8260000000000000e+04	 -8.0601467094633648e+01	  6.0498101423001140e+02	
  2.8290000000000000e+04	 -8.8909534034609067e+01	  5.8025017879804977e+02	
  2.8320000000000000e+04	 -1.0588799173508913e+02	  5.5610401663640482e+02	
  2.8350000000000000e+04	 -1.2110885292212254e+02	  5.1387720475292213e+02	
  2.8380000000000000e+04	 -1.4156451124067593e+02	  4.7300941041906157e+02	
  2.8410000000000000e+04	 -1.5391583486248641e+02	  4.4478986385598182e+02	
  2.8440000000000000e+04	 -1.6490449259590454e+02	  4.1932555700224003e+02	
  2.8470000000000000e+04	 -1.8792976002082327e+02	  3.8115218409449022e+02	
  2.8500000000000000e+04	 -2.0478954780308527e+02	  3.5735757048795978e+02	
  2.8530000000000000e+04	 -2.1607268907027481e+02	  3.2248417918880301e+02	
  2.8560000000000000e+04	 -2.2481204249348167e+02	  3.1110665912296076e+02	
  2.8590000000000000e+04	 -2.2603904458409764e+02	  3.1037751663626244e+02	
  2.8620000000000000e+04	 -2.2653333994796452e+02	  3.0871433530214443e+02	
  2.8650000000000000e+04	 -2.2821238022301455e+02	  3.0803002841181728e+02	
  2.8680000000000000e+04	 -2.0312462037455802e+02	  3.0176444350379387e+02	
  2.8710000000000000e+04	 -1.5899332549731369e+02	  2.8853968966934076e+02	
  2.8740000000000000e+04	 -1.2301132473130161e+02	  2.7953886102379710e+02	
  2.8770000000000000e+04	 -7.3634152094267591e+01	  2.6966440127718528e+02	
  2.8800000000000000e+04	 -4.3145384497756581e+01	  2.6523805199468194e+02	
  2.8830000000000000e+04	 -2.1176203025246004e+01	  2.6327247753779574e+02	
  2.8860000000000000e+04	 1.4682933417994398e+01	  2.5589884375794912e+02	
  2.8890000000000000e+04	 3.7411364643760962e+01	  2.5222182439933687e+02	
  2.8920000000000000e+04	 7.4467545057595572e+01	  2.4339047486924306e+02	
  2.8950000000000000e+04	 9.4858037146857868e+01	  2.3281528080670711e+02	
  2.8980000000000000e+04	 1.3327215435759223e+02	  2.1959564285586009e+02	
  2.9010000000000000e+04	 1.6799566732641750e+02	  2.1298290832782459e+02	
  2.9040000000000000e+04	 2.1492718517167140e+02	  1.9900765637616553e+02	
  2.9070000000000000e+04	 2.5446499912957538e+02	  1.8323385483101103e+02	
  2.9100000000000000e+04	 2.3099437797638282e+02	  1.9503025835772547e+02	
  2.9130000000000000e+04	 1.9929129953769643e+02	  2.1090706289754419e+02	
  2.9160000000000000e+04	 1.6940049278708523e+02	  2.2434364347966454e+02	
  2.9190000000000000e+04	 1.4548344088873540e+02	  2.3099292573774125e+02	
  2.9220000000000000e+04	 1.0331894329790563e+02	  2.5228297510435223e+02	
  2.9250000000000000e+04	 6.6937336013343000e+01	  2.6211206656044817e+02	
  2.9280000000000000e+04	 2.3445901235587542e+01	  2.8401452035895744e+02	
  2.9310000000000000e+04	 3.9160149780305176e-01	  2.8997480187420632e+02	
  2.9340000000000000e+04	 -3.0914339594563025e+01	  2.9717943004526359e+02	
  2.9370000000000000e+04	 -5.2436909471336079e+01	  3.0361620405469392e+02	
  2.9400000000000000e+04	 -9.9513193297674874e+01	  3.2152699612893332e+02	
  2.9430000000000000e+04	 -1.1954569633504384e+02	  3.3445999966887467e+02	
  2.9460000000000000e+04	 -1.4365585573144136e+02	  3.4811986995927612e+02	
  2.9490000000000000e+04	 -1.8607585297365134e+02	  3.6688400253434105e+02	
  2.9520000000000000e+04	 -2.0571216638933041e+02	  3.7557615466845022e+02	
  2.9550000000000000e+04	 -2.3733672913461749e+02	  3.8262681752044369e+02	
  2.9580000000000000e+04	 -2.6982424184169543e+02	  3.9282787204150230e+02	
  2.9610000000000000e+04	 -2.8896575104852246e+02	  3.9622030838390725e+02	
  2.9640000000000000e+04	 -3.0502588271721100e+02	  4.0013489139741171e+02	
  2.9670000000000000e+04	 -3.4756473168981489e+02	  4.1674449378203229e+02	
  2.9700000000000000e+04	 -3.6515518132628506e+02	  4.2646776051484460e+02	
  2.9730000000000000e+04	 -3.5570945289621824e+02	  3.8584792099138105e+02	
  2.9760000000000000e+04	 -3.5274522057282303e+02	  3.6154413577150001e+02	
  2.9790000000000000e+04	 -3.4591204801137360e+02	  3.1249650950264254e+02	
  2.9820000000000000e+04	 -3.4046871762040178e+02	  2.7465363140512642e+02	
  2.9850000000000000e+04	 -3.3854984629350446e+02	  2.4382923120327527e+02	
  2.9880000000000000e+04	 -3.5251738566979566e+02	  2.0722707701308389e+02	
  2.9910000000000000e+04	 -3.3101903252535277e+02	  1.9882832984915535e+02	
  2.9940000000000000e+04	 -2.9383214081225350e+02	  1.8767302039758329e+02	
  2.9970000000000000e+04	 -2.7240353233955022e+02	  1.7725930547879710e+02	
  3.0000000000000000e+04	 -2.3499839505885853e+02	  1.5979075980246984e+02	
  3.0030000000000000e+04	 -1.9240039750224378e+02	  1.4793476203413127e+02	
  3.0060000000000000e+04	 -1.5144653120446372e+02	  1.3249529325057779e+02	
  3.0090000000000000e+04	 -1.1651747673621847e+02	  1.2339874273725185e+02	
  3.0120000000000000e+04	 -8.8149091138382673e+01	  1.1519736785955456e+02	
  3.0150000000000000e+04	 -4.1402267006349753e+01	  1.0289161085310300e+02	
  3.0180000000000000e+04	 -1.5708047894895810e+01	  9.2981162560820579e+01	
  3.0210000000000000e+04	 1.3000360588354415e+01	  8.2274811391246217e+01	
  3.0240000000000000e+04	 5.0402185478011191e+01	  7.3212551623642611e+01	
  3.0270000000000000e+04	 9.0867501945920395e+01	  6.1209757973493296e+01	
  3.0300000000000000e+04	 1.1947932503921119e+02	  5.6373607804913448e+01	
  3.0330000000000000e+04	 1.6282558044294706e+02	  3.5157107388896833e+01	
  3.0360000000000000e+04	 1.8270018169112456e+02	  2.8644083871352898e+01	
  3.0390000000000000e+04	 2.1018605942328844e+02	  1.9027066434611488e+01	
  3.0420000000000000e+04	 2.4374749496866389e+02	  7.5338805881343625e+00	
  3.0450000000000000e+04	 2.6968623266540129e+02	  -6.1476156998976350e-01	
  3.0480000000000000e+04	 2.9286851777593142e+02	  -5.8840594382486113e+00	
  3.0510000000000000e+04	 3.1879204035013578e+02	  -1.7945425086428862e+01	
  3.0540000000000000e+04	 3.4169541004666928e+02	  -2.9370511950679713e+01	
  3.0570000000000000e+04	 3.8181251125700533e+02	  -4.1833978503417654e+01	
  3.0600000000000000e+04	 4.1542782742481745e+02	  -5.3628816067863291e+01	
  3.0630000000000000e+04	 4.5622517824184706e+02	  -6.9333148641492087e+01	
  3.0660000000000000e+04	 4.2814605223939463e+02	  -4.6739225220183954e+01	
  3.0690000000000000e+04	 4.0197929762422058e+02	  -2.1113736713620000e+01	
  3.0720000000000000e+04	 3.7186540960738455e+02	  3.6307087019317663e+00	
  3.0750000000000000e+04	 3.3797078689353447e+02	  2.9569938337573355e+01	
  3.0780000000000000e+04	 3.1523560486450003e+02	  4.4435516537116015e+01	
  3.0810000000000000e+04	 2.8945994736479014e+02	  6.0032510082030157e+01	
  3.0840000000000000e+04	 2.6345900059721123e+02	  8.2002393554060802e+01	
  3.0870000000000000e+04	 2.3858616741865430e+02	  1.0376498958042845e+02	
  3.0900000000000000e+04	 2.1994775706442923e+02	  1.2252674224882819e+02	
  3.0930000000000000e+04	 1.9743441599524573e+02	  1.4141959762562826e+02	
  3.0960000000000000e+04	 1.6177324231463757e+02	  1.7114097493678494e+02	
  3.0990000000000000e+04	 1.2330107734498202e+02	  1.9911404998834237e+02	
  3.1020000000000000e+04	 8.4385700021466761e+01	  2.2432922193797623e+02	
  3.1050000000000000e+04	 5.7586866304084666e+01	  2.4937577686915841e+02	
  3.1080000000000000e+04	 2.8719113885208301e+01	  2.7332243116681963e+02	
  3.1110000000000000e+04	 1.5771375690055068e+01	  2.8476373904433109e+02	
  3.1140000000000000e+04	 -3.9973116626206160e+00	  3.0217670488944577e+02	
  3.1170000000000000e+04	 -2.5887217221536908e+01	  3.1652090527217973e+02	
  3.1200000000000000e+04	 -5.5892426594274461e+01	  3.3473092462810536e+02	
  3.1230000000000000e+04	 -7.8107297582503151e+01	  3.4452502541076825e+02	
  3.1260000000000000e+04	 -1.0849530211848767e+02	  3.6504817936710060e+02	
  3.1290000000000000e+04	 -1.3015922626615918e+02	  3.7506799171641859e+02	
  3.1320000000000000e+04	 -1.5038443732771782e+02	  3.9191048351315624e+02	
  3.1350000000000000e+04	 -1.8372188096930597e+02	  4.2550999571046896e+02	
  3.1380000000000000e+04	 -2.0034211674235797e+02	  4.3934548248028545e+02	
  3.1410000000000000e+04	 -2.3148885294577059e+02	  4.5686238636517464e+02	
  3.1440000000000000e+04	 -2.6602517434277229e+02	  4.8785897883315761e+02	
  3.1470000000000000e+04	 -2.8744597659070939e+02	  5.0449444569398588e+02	
  3.1500000000000000e+04	 -2.9875060818097313e+02	  5.1018654482786178e+02	
  3.1530000000000000e+04	 -2.9801182938745035e+02	  5.1047093531130292e+02	
  3.1560000000000000e+04	 -2.9973010899009859e+02	  5.0978800152903807e+02	
  3.1590000000000000e+04	 -2.9831208509217606e+02	  5.1127610297139898e+02	
  3.1620000000000000e+04	 -2.9949074763356396e+02	  5.0990295585453634e+02	
  3.1650000000000000e+04	 -2.7667100429311250e+02	  5.0699967092478039e+02	
  3.1680000000000000e+04	 -2.3034095702489515e+02	  4.8695270149491461e+02	
  3.1710000000000000e+04	 -1.9736981767023190e+02	  4.7322251757327649e+02	
  3.1740000000000000e+04	 -1.6571343733167373e+02	  4.5742224155384980e+02	
  3.1770000000000000e+04	 -1.2596077623972880e+02	  4.3941148308415723e+02	
  3.1800000000000000e+04	 -9.7889375522130123e+01	  4.3424380434846267e+02	
  3.1830000000000000e+04	 -6.5356507887349579e+01	  4.2296314128394363e+02	
  3.1860000000000000e+04	 -2.9966949055794686e+01	  4.0768962182124295e+02	
  3.1890000000000000e+04	 -4.4276487380071927e+00	  3.9816781803261790e+02	
  3.1920000000000000e+04	 2.0539486262761567e+01	  3.8935466702694350e+02	
  3.1950000000000000e+04	 5.5223494856937023e+01	  3.7999094424412846e+02	
  3.1980000000000000e+04	 7.6642114715729178e+01	  3.6751544595296832e+02	
  3.2010000000000000e+04	 1.0726627101978247e+02	  3.5605087548096816e+02	
  3.2040000000000000e+04	 1.3082220900089735e+02	  3.5256124449111269e+02	
  3.2070000000000000e+04	 1.5693525470162925e+02	  3.4578895363540590e+02	
  3.2100000000000000e+04	 1.9551946721295479e+02	  3.3099319802995160e+02	
  3.2130000000000000e+04	 2.1854472233901575e+02	  3.2196556688197603e+02	
  3.2160000000000000e+04	 2.4696478260863967e+02	  3.0668215606983523e+02	
  3.2190000000000000e+04	 2.8355521195386035e+02	  2.9817448388350977e+02	
  3.2220000000000000e+04	 3.2324772740604175e+02	  2.8112684097864150e+02	
  3.2250000000000000e+04	 3.7069584577876827e+02	  2.6077484423611702e+02	
  3.2280000000000000e+04	 3.3355849139517733e+02	  2.7712981257817347e+02	
  3.2310000000000000e+04	 3.0829085210691738e+02	  2.8096257076636238e+02	
  3.2340000000000000e+04	 2.6175245705210358e+02	  2.9366651493099613e+02	
  3.2370000000000000e+04	 2.3919356915714155e+02	  3.0538509211085130e+02	
  3.2400000000000000e+04	 2.0889561264186153e+02	  3.1105052450902753e+02	
  3.2430000000000000e+04	 1.6855225230958848e+02	  3.2058022014041666e+02	
  3.2460000000000000e+04	 1.2996806350310618e+02	  3.3249910439805774e+02	
  3.2490000000000000e+04	 9.9018264430952840e+01	  3.4248742222203958e+02	
  3.2520000000000000e+04	 6.2930493212562588e+01	  3.5218533811111001e+02	
  3.2550000000000000e+04	 3.5507915346582735e+01	  3.6233590849167132e+02	
  3.2580000000000000e+04	 2.6540791424409420e+00	  3.7565267024787840e+02	
  3.2610000000000000e+04	 -2.9787887445648970e+01	  3.8911568344586226e+02	
  3.2640000000000000e+04	 -6.6963883968373636e+01	  4.0155131218962015e+02	
  3.2670000000000000e+04	 -9.6937367432872136e+01	  4.1243472281738167e+02	
  3.2700000000000000e+04	 -1.1792089308903678e+02	  4.1893937824964382e+02	
  3.2730000000000000e+04	 -1.6015790402510902e+02	  4.2748635498933777e+02	
  3.2760000000000000e+04	 -1.8803868179561621e+02	  4.4390903817268145e+02	
  3.2790000000000000e+04	 -2.1741427508256058e+02	  4.5308311206780917e+02	
  3.2820000000000000e+04	 -2.3445751078620270e+02	  4.6068258321338436e+02	
  3.2850000000000000e+04	 -2.7278605661829988e+02	  4.7032821529096503e+02	
  3.2880000000000000e+04	 -3.0110868503357420e+02	  4.7668774709020022e+02	
  3.2910000000000000e+04	 -3.0990334643437831e+02	  4.8144321718601981e+02	
  3.2940000000000000e+04	 -3.0792479974456148e+02	  4.8091292402013198e+02	
  3.2970000000000000e+04	 -3.1493322999338358e+02	  4.6102501106432476e+02	
  3.3000000000000000e+04	 -3.2777231836189645e+02	  4.3423809087325128e+02	
  3.3030000000000000e+04	 -3.4146307595101240e+02	  4.0152958706499641e+02	
  3.3060000000000000e+04	 -3.4939023565467312e+02	  3.8785464978319357e+02	
  3.3090000000000000e+04	 -3.7279782128038875e+02	  3.5790765584682629e+02	
  3.3120000000000000e+04	 -3.9642925541208314e+02	  3.1826182835843053e+02	
  3.3150000000000000e+04	 -4.2863319830946068e+02	  2.8113969800164870e+02	
  3.3180000000000000e+04	 -4.4411734605166504e+02	  2.6274517844395945e+02	
  3.3210000000000000e+04	 -4.6527691120721556e+02	  2.4584547278350311e+02	
  3.3240000000000000e+04	 -4.9564026054283482e+02	  2.0718888914246716e+02	
  3.3270000000000000e+04	 -4.7727002421263853e+02	  1.8804503286937603e+02	
  3.3300000000000000e+04	 -4.4237588991755092e+02	  1.6145087273314994e+02	
  3.3330000000000000e+04	 -4.0174704808398707e+02	  1.3841412023118983e+02	
  3.3360000000000000e+04	 -3.7164257875899762e+02	  1.1880693839600616e+02	
  3.3390000000000000e+04	 -3.4450755803092744e+02	  9.8691443275424717e+01	
