  0.0000000000000000e+00	 2.1748489451428418e+02	  5.1574615584070330e+02	
  3.0000000000000000e+01	 2.4550699472937015e+02	  4.9223844419074271e+02	
  6.0000000000000000e+01	 2.7201994904880570e+02	  4.6815610689906282e+02	
  9.0000000000000000e+01	 3.1584282357045652e+02	  4.4003675320946252e+02	
  1.2000000000000000e+02	 3.3354132160246070e+02	  4.2366865617628451e+02	
  1.5000000000000000e+02	 3.5891244617443880e+02	  4.0878013173929281e+02	
  1.8000000000000000e+02	 3.9327315989326183e+02	  3.8536750004541955e+02	
  2.1000000000000000e+02	 4.2760560819588801e+02	  3.5055616166355315e+02	
  2.4000000000000000e+02	 4.5980574431055322e+02	  3.3293681516507195e+02	
  2.7000000000000000e+02	 4.7158137311618623e+02	  3.2162809353520106e+02	
  3.0000000000000000e+02	 4.7312660884177131e+02	  3.2062149044162578e+02	
  3.3000000000000000e+02	 4.7478964057060716e+02	  3.2155685839903691e+02	
  3.6000000000000000e+02	 4.7406464741734590e+02	  3.2069369084796949e+02	
  3.9000000000000000e+02	 4.7372744984822555e+02	  3.2225710145686799e+02	
  4.2000000000000000e+02	 4.4675412594538403e+02	  3.2207239879513639e+02	
  4.5000000000000000e+02	 4.0342997031143983e+02	  3.1589801892138985e+02	
  4.8000000000000000e+02	 3.5650256925945450e+02	  3.0826994842759132e+02	
  5.1000000000000000e+02	 3.1987549085081218e+02	  3.0446081349524576e+02	
  5.4000000000000000e+02	 2.8286133151568049e+02	  3.0140932195152453e+02	
  5.7000000000000000e+02	 2.4728733961382051e+02	  2.9522115635823889e+02	
  6.0000000000000000e+02	 2.0858489001877041e+02	  2.9597983937734710e+02	
  6.3000000000000000e+02	 1.6120342041809698e+02	  2.8693406672555426e+02	
  6.6000000000000000e+02	 1.2787629807383236e+02	  2.8699922191813499e+02	
  6.9000000000000000e+02	 8.5482068080162776e+01	  2.7978436605060739e+02	
  7.2000000000000000e+02	 6.2468643900796430e+01	  2.7213684341839490e+02	
  7.5000000000000000e+02	 1.2907575439188953e+01	  2.6918493941029260e+02	
  7.8000000000000000e+02	 -8.3151990382725671e+00	  2.6519829704255699e+02	
  8.1000000000000000e+02	 -8.2897947892911414e+00	  2.6666621917324102e+02	
  8.4000000000000000e+02	 -1.0147691433726235e+01	  2.6798375533208133e+02	
  8.7000000000000000e+02	 -8.9084596630257860e+00	  2.6856875374866399e+02	
  9.0000000000000000e+02	 -7.3124172221220300e+00	  2.6658858766674916e+02	
  9.3000000000000000e+02	 -6.4494557215486177e+00	  2.6523606912088530e+02	
  9.6000000000000000e+02	 -5.9503713645229821e+00	  2.6571395842793726e+02	
  9.9000000000000000e+02	 -6.8699603403805476e+00	  2.6705111747445892e+02	
  1.0200000000000000e+03	 -3.7335753648454528e+01	  2.5296853050030975e+02	
  1.0500000000000000e+03	 -5.5237109011427485e+01	  2.3568011860138910e+02	
  1.0800000000000000e+03	 -8.3887526275083900e+01	  2.2155698679756961e+02	
  1.1100000000000000e+03	 -1.1200901166375081e+02	  2.0469826118713650e+02	
  1.1400000000000000e+03	 -1.5450388737261974e+02	  1.8019150902408393e+02	
  1.1700000000000000e+03	 -1.9442000472490525e+02	  1.5240593040954889e+02	
  1.2000000000000000e+03	 -2.1981044768261398e+02	  1.3204678775887504e+02	
  1.2300000000000000e+03	 -2.3815681668752580e+02	  1.1368566562576420e+02	
  1.2600000000000000e+03	 -2.6937640041985139e+02	  9.8596191938246562e+01	
  1.2900000000000000e+03	 -3.0412842116800897e+02	  7.8546448757623793e+01	
  1.3200000000000000e+03	 -3.2601979229400769e+02	  6.6738824454033676e+01	
  1.3500000000000000e+03	 -3.4989965112846187e+02	  5.5202765085032183e+01	
  1.3800000000000000e+03	 -3.7972193868596673e+02	  4.3365865635343098e+01	
  1.4100000000000000e+03	 -4.0533368757926684e+02	  2.7821006883981681e+01	
  1.4400000000000000e+03	 -4.2242264444759508e+02	  1.2536561145149424e+01	
  1.4700000000000000e+03	 -4.5457554652409976e+02	  -7.5858071758361767e+00	
  1.5000000000000000e+03	 -4.8669551366429243e+02	  -2.9758024491001596e+01	
  1.5300000000000000e+03	 -5.2575950995005599e+02	  -5.5043272865195135e+01	
  1.5600000000000000e+03	 -5.6511825332536489e+02	  -7.2744734844431818e+01	
  1.5900000000000000e+03	 -5.9918369736356090e+02	  -9.1540651021181048e+01	
  1.6200000000000000e+03	 -6.0647542883246081e+02	  -1.0080197167590494e+02	
  1.6500000000000000e+03	 -6.0710364711520879e+02	  -9.9141660379082438e+01	
  1.6800000000000000e+03	 -6.0718477757728874e+02	  -1.0026213111202799e+02	
  1.7100000000000000e+03	 -6.0658232882424579e+02	  -9.8958078337260673e+01	
  1.7400000000000000e+03	 -6.0699946716280999e+02	  -9.8332331907083940e+01	
  1.7700000000000000e+03	 -5.6636186767763536e+02	  -8.9558998816945376e+01	
  1.8000000000000000e+03	 -5.3113134513547232e+02	  -8.2717986961032111e+01	
  1.8300000000000000e+03	 -4.9841775132971514e+02	  -8.0688475436303889e+01	
  1.8600000000000000e+03	 -4.4727642938277268e+02	  -6.7292781541631982e+01	
  1.8900000000000000e+03	 -4.0342645853875473e+02	  -5.5110953649081118e+01	
  1.9200000000000000e+03	 -3.7592658620701559e+02	  -4.3906861174589451e+01	
  1.9500000000000000e+03	 -3.4815044890161607e+02	  -3.8584878943570288e+01	
  1.9800000000000000e+03	 -3.1284771442809557e+02	  -2.6529657957238435e+01	
  2.0100000000000000e+03	 -2.8186804927391569e+02	  -1.8652119330678016e+01	
  2.0400000000000000e+03	 -2.4009266337411677e+02	  -6.6697746068073549e+00	
  2.0700000000000000e+03	 -1.9494540474168957e+02	  2.7594335003229631e+00	
  2.1000000000000000e+03	 -1.6943877401816468e+02	  1.2625560167032443e+01	
  2.1300000000000000e+03	 -1.3507873429881226e+02	  2.2796160045627733e+01	
  2.1600000000000000e+03	 -1.1264431697574898e+02	  2.9226025223115879e+01	
  2.1900000000000000e+03	 -6.7493242460377814e+01	  4.0239511041238202e+01	
  2.2200000000000000e+03	 -3.9315682906387735e+01	  4.6100836293974965e+01	
  2.2500000000000000e+03	 -8.7143300902287351e+00	  5.4055718481259760e+01	
  2.2800000000000000e+03	 6.5938227246602494e+00	  5.5087510548694709e+01	
  2.3100000000000000e+03	 4.9821873523823371e+01	  6.1910948327045489e+01	
  2.3400000000000000e+03	 8.8325951425109579e+01	  7.2602866227594177e+01	
  2.3700000000000000e+03	 1.4133925066663684e+02	  7.6549820384033637e+01	
  2.4000000000000000e+03	 1.8157494567481572e+02	  8.8625603382305897e+01	
  2.4300000000000000e+03	 2.1821598148482033e+02	  9.3073271161185573e+01	
  2.4600000000000000e+03	 2.5029380252678084e+02	  9.9660424639684550e+01	
  2.4900000000000000e+03	 2.9152906556425006e+02	  1.1233003595799987e+02	
  2.5200000000000000e+03	 3.3178338082491877e+02	  1.2234434737282531e+02	
  2.5500000000000000e+03	 3.7592004035540913e+02	  1.3133431861711807e+02	
  2.5800000000000000e+03	 4.1225897104742654e+02	  1.3187841394041382e+02	
  2.6100000000000000e+03	 4.1966057923728914e+02	  1.0897094962210465e+02	
  2.6400000000000000e+03	 4.2687080419914554e+02	  8.0778464017627442e+01	
  2.6700000000000000e+03	 4.4506771115010230e+02	  5.1621370718530855e+01	
  2.7000000000000000e+03	 4.5313179954053061e+02	  2.5386331682966340e+01	
  2.7300000000000000e+03	 4.6521803885189200e+02	  -1.5390507510103877e+01	
  2.7600000000000000e+03	 4.8217283336348669e+02	  -5.6884216660996401e+01	
  2.7900000000000000e+03	 4.9963998867845260e+02	  -9.0769944493120661e+01	
  2.8200000000000000e+03	 5.0814734232072738e+02	  -1.1738296847763709e+02	
  2.8500000000000000e+03	 5.1944996044780078e+02	  -1.4268305736403926e+02	
  2.8800000000000000e+03	 5.3907710922559795e+02	  -1.8613257214757331e+02	
  2.9100000000000000e+03	 5.4784039094871332e+02	  -2.1557550205706568e+02	
  2.9400000000000000e+03	 5.5991588002784977e+02	  -2.3370895462622246e+02	
  2.9700000000000000e+03	 5.7252106481968985e+02	  -2.5841310963756513e+02	
  3.0000000000000000e+03	 5.8569287514058487e+02	  -3.0454120094407813e+02	
  3.0300000000000000e+03	 6.0230737492893991e+02	  -3.5477020751180203e+02	
  3.0600000000000000e+03	 6.2175801554400687e+02	  -3.9702134580412024e+02	
  3.0900000000000000e+03	 6.4164825509685977e+02	  -4.3755751348516588e+02	
  3.1200000000000000e+03	 6.5875493247248392e+02	  -4.8083391364080785e+02	
  3.1500000000000000e+03	 6.6602249275240820e+02	  -5.0121383920566785e+02	
  3.1800000000000000e+03	 6.4299206633894107e+02	  -4.8499498701895408e+02	
  3.2100000000000000e+03	 6.2069632136283315e+02	  -4.7038150515161402e+02	
  3.2400000000000000e+03	 5.8325534094339389e+02	  -4.5303899224572825e+02	
  3.2700000000000000e+03	 5.5910572429289959e+02	  -4.3867527237504032e+02	
  3.3000000000000000e+03	 5.2603040335197079e+02	  -4.2549257254071881e+02	
  3.3300000000000000e+03	 5.0285897027224689e+02	  -4.1968268633567442e+02	
  3.3600000000000000e+03	 4.6398327039771260e+02	  -3.9770638709035291e+02	
  3.3900000000000000e+03	 4.2723924027306418e+02	  -3.8246857612717656e+02	
  3.4200000000000000e+03	 4.1266182443486093e+02	  -3.7433193302650750e+02	
  3.4500000000000000e+03	 3.7453942658505167e+02	  -3.5258616502470994e+02	
  3.4800000000000000e+03	 3.5277193201125482e+02	  -3.4192470631387425e+02	
  3.5100000000000000e+03	 3.2090200521966892e+02	  -3.2849510636684101e+02	
  3.5400000000000000e+03	 2.9624784694551653e+02	  -3.1972842890458963e+02	
  3.5700000000000000e+03	 2.7310827496717116e+02	  -3.0106815629473596e+02	
  3.6000000000000000e+03	 2.3575038434579696e+02	  -2.8403123685931718e+02	
  3.6300000000000000e+03	 1.9794997755035916e+02	  -2.6529534909945494e+02	
  3.6600000000000000e+03	 1.6873945280768532e+02	  -2.4746730214232636e+02	
  3.6900000000000000e+03	 1.3229522984185314e+02	  -2.2463555907312565e+02	
  3.7200000000000000e+03	 1.0997905278617998e+02	  -2.1497448564187954e+02	
  3.7500000000000000e+03	 8.5332073496245968e+01	  -1.9882420055653543e+02	
  3.7800000000000000e+03	 5.8236128056648958e+01	  -1.7850722103464335e+02	
  3.8100000000000000e+03	 3.6007320450260842e+01	  -1.6650733549431843e+02	
  3.8400000000000000e+03	 1.3144652732406875e+01	  -1.5243150148098778e+02	
  3.8700000000000000e+03	 -1.2868767403909388e+01	  -1.3996120693381135e+02	
  3.9000000000000000e+03	 -2.8964790650036008e+01	  -1.3339463841102400e+02	
  3.9300000000000000e+03	 -7.4221765510053103e+01	  -1.1317508377906057e+02	
  3.9600000000000000e+03	 -1.1141495663567099e+02	  -8.8858922510924089e+01	
  3.9900000000000000e+03	 -1.3774662757689643e+02	  -7.2893098810240957e+01	
  4.0200000000000000e+03	 -1.7569581994528639e+02	  -5.4484274454979591e+01	
  4.0500000000000000e+03	 -1.9866888512087192e+02	  -3.7994429167225682e+01	
  4.0800000000000000e+03	 -2.2192966170119871e+02	  -2.3306994714264164e+01	
  4.1100000000000000e+03	 -2.0058235993210286e+02	  -3.0515787169515171e+01	
  4.1400000000000000e+03	 -1.6445146537611788e+02	  -3.6046031097055945e+01	
  4.1700000000000000e+03	 -1.3017143719913884e+02	  -4.1224648314102296e+01	
  4.2000000000000000e+03	 -8.3672047198894631e+01	  -5.3028938627442230e+01	
  4.2300000000000000e+03	 -5.2134101120732232e+01	  -5.7576612345794487e+01	
  4.2600000000000000e+03	 -2.3355042971947654e+01	  -6.4345970277616189e+01	
  4.2900000000000000e+03	 6.4967732144332579e+00	  -7.7293768421893631e+01	
  4.3200000000000000e+03	 4.7090486139481854e+01	  -9.0763538534279391e+01	
  4.3500000000000000e+03	 8.3218980762918264e+01	  -1.0114493904937594e+02	
  4.3800000000000000e+03	 1.1391651174922967e+02	  -1.0440851996098471e+02	
  4.4100000000000000e+03	 1.3795631251394855e+02	  -1.1390266184428236e+02	
  4.4400000000000000e+03	 1.6605774833976545e+02	  -1.1903803482597365e+02	
  4.4700000000000000e+03	 2.0831305792493376e+02	  -1.2961209795674250e+02	
  4.5000000000000000e+03	 2.3020645525657346e+02	  -1.3546872528613159e+02	
  4.5300000000000000e+03	 2.6512460327041748e+02	  -1.4297587347876086e+02	
  4.5600000000000000e+03	 2.9044467927433237e+02	  -1.4555378058624200e+02	
  4.5900000000000000e+03	 3.1389850876377403e+02	  -1.4705622398576605e+02	
  4.6200000000000000e+03	 3.4938209891453579e+02	  -1.5738009298812329e+02	
  4.6500000000000000e+03	 3.9137263269052545e+02	  -1.6695468354599026e+02	
  4.6800000000000000e+03	 4.3639978270354976e+02	  -1.7832467862928519e+02	
  4.7100000000000000e+03	 4.7332048541109538e+02	  -1.8466336144331041e+02	
  4.7400000000000000e+03	 5.1266869179739217e+02	  -1.9506582863200794e+02	
  4.7700000000000000e+03	 5.3456084990830470e+02	  -1.9585631446314707e+02	
  4.8000000000000000e+03	 5.8369176536713258e+02	  -2.1070670981151935e+02	
  4.8300000000000000e+03	 6.3218062319295927e+02	  -2.2593259115609860e+02	
  4.8600000000000000e+03	 6.7676333373537193e+02	  -2.3496994114831571e+02	
  4.8900000000000000e+03	 7.1370023987549916e+02	  -2.4010678542025960e+02	
  4.9200000000000000e+03	 7.1292446005732245e+02	  -2.4143520661135145e+02	
  4.9500000000000000e+03	 7.1371524376657749e+02	  -2.4205005934386853e+02	
  4.9800000000000000e+03	 7.1174130072755213e+02	  -2.4340271586034794e+02	
  5.0100000000000000e+03	 6.8176464573292856e+02	  -2.2559550785133263e+02	
  5.0400000000000000e+03	 6.5664131547643228e+02	  -2.1218566682855320e+02	
  5.0700000000000000e+03	 6.2756045116899338e+02	  -1.8798038175187497e+02	
  5.1000000000000000e+03	 6.0368431360382397e+02	  -1.7326147397825989e+02	
  5.1300000000000000e+03	 5.6563087930163772e+02	  -1.4390935830150238e+02	
  5.1600000000000000e+03	 5.2513428946924648e+02	  -1.1571456317291674e+02	
  5.1900000000000000e+03	 4.8761740401079589e+02	  -9.1188983256568775e+01	
  5.2200000000000000e+03	 4.5995708115680372e+02	  -7.2873399434856054e+01	
  5.2500000000000000e+03	 4.3648058630007529e+02	  -5.3409013893483305e+01	
  5.2800000000000000e+03	 3.9955374590743111e+02	  -2.6838875742249833e+01	
  5.3100000000000000e+03	 3.7362015328487075e+02	  -9.4622162768915175e+00	
  5.3400000000000000e+03	 3.4531666821564454e+02	  1.7796459679819563e+01	
  5.3700000000000000e+03	 3.1011345840779870e+02	  4.6689842519313288e+01	
  5.4000000000000000e+03	 2.9112690595259920e+02	  6.4487056243208883e+01	
  5.4300000000000000e+03	 2.5632588106065987e+02	  9.2201159208966487e+01	
  5.4600000000000000e+03	 2.2659612373215793e+02	  1.1215109880867219e+02	
  5.4900000000000000e+03	 1.9540195765510305e+02	  1.3474165569436607e+02	
  5.5200000000000000e+03	 1.6361617547087218e+02	  1.6059923235544599e+02	
  5.5500000000000000e+03	 1.2678471551345399e+02	  1.9357033814955699e+02	
  5.5800000000000000e+03	 9.2446866981933837e+01	  2.2162514310432852e+02	
  5.6100000000000000e+03	 6.0732442821955431e+01	  2.4298469543331902e+02	
  5.6400000000000000e+03	 3.6363439276585737e+01	  2.6803550535396766e+02	
  5.6700000000000000e+03	 4.8973352495577913e+00	  2.8477615267997828e+02	
  5.7000000000000000e+03	 -1.8110476393408810e+01	  3.0654546933156234e+02	
  5.7300000000000000e+03	 -3.8311649397762352e+01	  3.2040515578278161e+02	
  5.7600000000000000e+03	 -7.7748991256350081e+01	  3.5065527407756679e+02	
  5.7900000000000000e+03	 -1.0493094643429797e+02	  3.7207261904766699e+02	
  5.8200000000000000e+03	 -1.2876346632101092e+02	  3.8660107874128812e+02	
  5.8500000000000000e+03	 -1.6149426245168490e+02	  4.0412539367922909e+02	
  5.8800000000000000e+03	 -1.9572229947613505e+02	  4.3362789640801202e+02	
  5.9100000000000000e+03	 -2.1695101210804214e+02	  4.5087930644065221e+02	
  5.9400000000000000e+03	 -2.3705662861117892e+02	  4.6895428457642254e+02	
  5.9700000000000000e+03	 -2.6724834475612516e+02	  4.9259214179192713e+02	
  6.0000000000000000e+03	 -2.7345372850036796e+02	  4.8951281156094058e+02	
  6.0300000000000000e+03	 -2.7241807005579034e+02	  4.8818264806823470e+02	
  6.0600000000000000e+03	 -2.7100074577689810e+02	  4.8955357992774026e+02	
  6.0900000000000000e+03	 -2.7060913919108464e+02	  4.8845201501855178e+02	
  6.1200000000000000e+03	 -2.7064970321964165e+02	  4.8913100920075055e+02	
  6.1500000000000000e+03	 -2.2764388641782961e+02	  5.0376209697363038e+02	
  6.1800000000000000e+03	 -2.0749312700373309e+02	  5.1118908607934833e+02	
  6.2100000000000000e+03	 -1.8185012441834039e+02	  5.1952550179418120e+02	
  6.2400000000000000e+03	 -1.4893429614974428e+02	  5.2699964593344305e+02	
  6.2700000000000000e+03	 -1.0985906625644131e+02	  5.4158547998749157e+02	
  6.3000000000000000e+03	 -9.1923854730207637e+01	  5.5013780179912396e+02	
  6.3300000000000000e+03	 -5.1244978144481387e+01	  5.5930552026311409e+02	
  6.3600000000000000e+03	 -1.0132774798637094e+01	  5.7042313856301905e+02	
  6.3900000000000000e+03	 2.7906118809201807e+01	  5.7860864677182747e+02	
  6.4200000000000000e+03	 6.1177896651843334e+01	  5.8809986557150694e+02	
  6.4500000000000000e+03	 9.3488684667544319e+01	  5.9702660476805306e+02	
  6.4800000000000000e+03	 1.2055235207900321e+02	  6.0811219094986313e+02	
  6.5100000000000000e+03	 1.5859224436607855e+02	  6.2141885288547201e+02	
  6.5400000000000000e+03	 1.8612706400894956e+02	  6.3590711628348538e+02	
  6.5700000000000000e+03	 2.2933825162877866e+02	  6.5199123390381806e+02	
  6.6000000000000000e+03	 2.6516839380324916e+02	  6.6225697630950515e+02	
  6.6300000000000000e+03	 2.9939201140899900e+02	  6.7392329801494441e+02	
  6.6600000000000000e+03	 3.2875751137526726e+02	  6.8834727583445965e+02	
  6.6900000000000000e+03	 3.7291791850450318e+02	  7.0556614501811350e+02	
  6.7200000000000000e+03	 3.9502761299581152e+02	  7.1860630970051238e+02	
  6.7500000000000000e+03	 4.3253535991779103e+02	  7.3363191387398592e+02	
  6.7800000000000000e+03	 3.8252881569730658e+02	  7.1901864617963179e+02	
  6.8100000000000000e+03	 3.3560542160763794e+02	  7.0301491513066435e+02	
  6.8400000000000000e+03	 2.9758298050679718e+02	  6.8368905421458646e+02	
  6.8700000000000000e+03	 2.6905102314255902e+02	  6.7007347681192994e+02	
  6.9000000000000000e+03	 2.4318552092763366e+02	  6.5375242238284363e+02	
  6.9300000000000000e+03	 2.0842330204842941e+02	  6.4065432441566406e+02	
  6.9600000000000000e+03	 1.7123170666798626e+02	  6.2363879218829868e+02	
  6.9900000000000000e+03	 1.3102878926924217e+02	  6.0976502514305798e+02	
  7.0200000000000000e+03	 1.0926051370245762e+02	  5.9558621642824335e+02	
  7.0500000000000000e+03	 8.1589103853412198e+01	  5.8540912386568732e+02	
  7.0800000000000000e+03	 5.5588871604606126e+01	  5.7223847812155282e+02	
  7.1100000000000000e+03	 2.9142443962222750e+01	  5.6097973968459985e+02	
  7.1400000000000000e+03	 -1.8937384610951682e+00	  5.4329757351296780e+02	
  7.1700000000000000e+03	 -5.1477241409468704e+01	  5.2434634778136456e+02	
  7.2000000000000000e+03	 -7.7769675943047616e+01	  5.1987682873538756e+02	
  7.2300000000000000e+03	 -1.0099725712040956e+02	  5.0690745409592637e+02	
  7.2600000000000000e+03	 -1.3682387552691654e+02	  4.9408411560439907e+02	
  7.2900000000000000e+03	 -1.7736476588341975e+02	  4.8106400124903683e+02	
  7.3200000000000000e+03	 -2.0591687730817409e+02	  4.6617905066738285e+02	
  7.3500000000000000e+03	 -2.3062847244717054e+02	  4.5377835357931690e+02	
  7.3800000000000000e+03	 -2.6280029231421946e+02	  4.4128633545790615e+02	
  7.4100000000000000e+03	 -3.0417308464920438e+02	  4.2049094402417757e+02	
  7.4400000000000000e+03	 -3.2703827679737560e+02	  4.1086210708757403e+02	
  7.4700000000000000e+03	 -3.5936203720306293e+02	  3.9596145767484768e+02	
  7.5000000000000000e+03	 -3.9760178869200746e+02	  3.7758756291034069e+02	
  7.5300000000000000e+03	 -4.2721169069218354e+02	  3.6588106343733182e+02	
  7.5600000000000000e+03	 -4.6375874557832151e+02	  3.4950595637261068e+02	
  7.5900000000000000e+03	 -4.9786005175288420e+02	  3.3464654346594000e+02	
  7.6200000000000000e+03	 -5.3438109272811323e+02	  3.1641994960773229e+02	
  7.6500000000000000e+03	 -5.2419588779840581e+02	  2.9870181746077031e+02	
  7.6800000000000000e+03	 -5.0494639186830506e+02	  2.7252735782892944e+02	
  7.7100000000000000e+03	 -4.8165185907032492e+02	  2.3837147771924143e+02	
  7.7400000000000000e+03	 -4.6138931313729768e+02	  2.1415106001150397e+02	
  7.7700000000000000e+03	 -4.4578655254267915e+02	  1.9244544687688690e+02	
  7.8000000000000000e+03	 -4.1711760930797107e+02	  1.5584838343485654e+02	
  7.8300000000000000e+03	 -3.8504206848784730e+02	  1.2808951580850459e+02	
  7.8600000000000000e+03	 -3.5752055796095470e+02	  9.0596716852538677e+01	
  7.8900000000000000e+03	 -3.3737554117367597e+02	  6.7727852596480332e+01	
  7.9200000000000000e+03	 -3.3182980144485032e+02	  6.2253667860028600e+01	
  7.9500000000000000e+03	 -3.3245959180727567e+02	  6.2928933702321636e+01	
  7.9800000000000000e+03	 -3.3231184502969160e+02	  6.2003234739737863e+01	
  8.0100000000000000e+03	 -3.3110775268128418e+02	  6.1372694797213036e+01	
  8.0400000000000000e+03	 -3.3163985367259841e+02	  6.2379703148572489e+01	
  8.0700000000000000e+03	 -3.2987945249235969e+02	  6.1418351389746370e+01	
  8.1000000000000000e+03	 -3.3164474722612891e+02	  6.0855843369709902e+01	
  8.1300000000000000e+03	 -3.3067862775414159e+02	  6.0954615999052344e+01	
  8.1600000000000000e+03	 -2.9256456006930182e+02	  4.4839802766683199e+01	
  8.1900000000000000e+03	 -2.6714537845972745e+02	  2.7970427320860445e+01	
  8.2200000000000000e+03	 -2.3056216358315453e+02	  6.8958996006292850e+00	
  8.2500000000000000e+03	 -1.9198968247652914e+02	  -8.4520335730995910e+00	
  8.2800000000000000e+03	 -1.7460473316501091e+02	  -2.1386288492861318e+01	
  8.3100000000000000e+03	 -1.3915107882857913e+02	  -4.0292991215005216e+01	
  8.3400000000000000e+03	 -1.0335205256472656e+02	  -6.0020640017630342e+01	
  8.3700000000000000e+03	 -7.6395475008562656e+01	  -7.3312664678894862e+01	
  8.4000000000000000e+03	 -5.2582888073445432e+01	  -8.6497862053940224e+01	
  8.4300000000000000e+03	 -2.6904865351570063e+01	  -9.7290988966795766e+01	
  8.4600000000000000e+03	 -1.2687516348486909e+00	  -1.0648450242025930e+02	
  8.4900000000000000e+03	 2.2282282285604150e+01	  -1.1792625999459828e+02	
  8.5200000000000000e+03	 4.9809241024173332e+01	  -1.3360369624867084e+02	
  8.5500000000000000e+03	 7.4280744719291221e+01	  -1.3997460461356764e+02	
  8.5800000000000000e+03	 9.0846675177010027e+01	  -1.4577740514367824e+02	
  8.6100000000000000e+03	 1.3322904168183481e+02	  -1.6710668466859576e+02	
  8.6400000000000000e+03	 1.8122013544958770e+02	  -1.8758707795977205e+02	
  8.6700000000000000e+03	 2.1866712264131763e+02	  -2.0277268489372659e+02	
  8.7000000000000000e+03	 2.5311295611737151e+02	  -2.1981792576611528e+02	
  8.7300000000000000e+03	 2.9992131651422454e+02	  -2.4250024163256981e+02	
  8.7600000000000000e+03	 3.4114134539221311e+02	  -2.6025649531256352e+02	
  8.7900000000000000e+03	 3.7436145968770734e+02	  -2.7473411986380813e+02	
  8.8200000000000000e+03	 3.9572734570088238e+02	  -2.8941010568905790e+02	
  8.8500000000000000e+03	 4.1882641870032887e+02	  -3.0541859641494483e+02	
  8.8800000000000000e+03	 4.4328046674770638e+02	  -3.1610965824079392e+02	
  8.9100000000000000e+03	 4.8455001706379772e+02	  -3.3011320413457861e+02	
  8.9400000000000000e+03	 5.0444094407696235e+02	  -3.3686027462195102e+02	
  8.9700000000000000e+03	 5.3030175480208391e+02	  -3.4937180911030674e+02	
  9.0000000000000000e+03	 5.5256888770140779e+02	  -3.6059105430819727e+02	
  9.0300000000000000e+03	 5.7867814617415536e+02	  -3.7591289004956599e+02	
  9.0600000000000000e+03	 5.8800877168157365e+02	  -3.7923652466834506e+02	
  9.0900000000000000e+03	 5.8914328600356373e+02	  -3.7740048468433349e+02	
  9.1200000000000000e+03	 5.8872704282009272e+02	  -3.7875575802087695e+02	
  9.1500000000000000e+03	 5.8859881136615979e+02	  -3.7968915794856690e+02	
  9.1800000000000000e+03	 5.9013334954743868e+02	  -3.8144237251812439e+02	
  9.2100000000000000e+03	 5.9192513821901741e+02	  -3.8238454909563848e+02	
  9.2400000000000000e+03	 5.9146722706102310e+02	  -3.8423409523837347e+02	
  9.2700000000000000e+03	 5.9018130774685415e+02	  -3.8250493756303780e+02	
  9.3000000000000000e+03	 5.8827008205041841e+02	  -3.8429049156311828e+02	
  9.3300000000000000e+03	 5.6283725719448489e+02	  -3.6601584571180473e+02	
  9.3600000000000000e+03	 5.3513898452113131e+02	  -3.4791913861713448e+02	
  9.3900000000000000e+03	 5.1579196766791188e+02	  -3.3158482142595153e+02	
  9.4200000000000000e+03	 4.9176531435885369e+02	  -3.0907129280211228e+02	
  9.4500000000000000e+03	 4.5584896510865224e+02	  -2.8485583894226625e+02	
  9.4800000000000000e+03	 4.2991487710903203e+02	  -2.7509062471989313e+02	
  9.5100000000000000e+03	 3.9640607161305428e+02	  -2.5722263269136067e+02	
  9.5400000000000000e+03	 3.7320716377929585e+02	  -2.4140975205974416e+02	
  9.5700000000000000e+03	 3.2910991746280695e+02	  -2.1227290133939556e+02	
  9.6000000000000000e+03	 3.1060685519314859e+02	  -2.0362129927742663e+02	
  9.6300000000000000e+03	 2.9049261598600077e+02	  -1.8880368640623087e+02	
  9.6600000000000000e+03	 2.5406692312411363e+02	  -1.6422071747685220e+02	
  9.6900000000000000e+03	 2.3717463576853831e+02	  -1.5331702934207505e+02	
  9.7200000000000000e+03	 2.1399553815079247e+02	  -1.3712062486441235e+02	
  9.7500000000000000e+03	 1.9247412956197670e+02	  -1.1758660637767986e+02	
  9.7800000000000000e+03	 1.6891926109578569e+02	  -1.0082060577623878e+02	
  9.8100000000000000e+03	 1.3334516630377101e+02	  -7.5708642857393926e+01	
  9.8400000000000000e+03	 1.0965714461725379e+02	  -5.1457197873988555e+01	
  9.8700000000000000e+03	 8.4546557106382750e+01	  -3.9563339617893362e+01	
  9.9000000000000000e+03	 4.6240136833631283e+01	  -1.6432622181694349e+01	
  9.9300000000000000e+03	 1.3794723369903586e+01	  3.4856653857285984e+00	
  9.9600000000000000e+03	 -1.2382776891734128e+01	  2.1371277536345751e+01	
  9.9900000000000000e+03	 -3.5159328917857991e+01	  4.0068626675915297e+01	
  1.0020000000000000e+04	 -7.9476365696061322e+01	  6.9933872155991622e+01	
  1.0050000000000000e+04	 -1.1147925893037696e+02	  9.6179603137140091e+01	
  1.0080000000000000e+04	 -1.3544279228983171e+02	  1.1027560707463432e+02	
  1.0110000000000000e+04	 -1.5659149303054468e+02	  1.2040690426477705e+02	
  1.0140000000000000e+04	 -1.8365847303008832e+02	  1.4026833515513448e+02	
  1.0170000000000000e+04	 -2.2301384292880022e+02	  1.6791298051100824e+02	
  1.0200000000000000e+04	 -2.6100048416521037e+02	  1.9621794516756799e+02	
  1.0230000000000000e+04	 -2.9700137138114638e+02	  2.2120525317430651e+02	
  1.0260000000000000e+04	 -3.3537082443679520e+02	  2.5366649002446397e+02	
  1.0290000000000000e+04	 -3.5857650464116500e+02	  2.6652395213454429e+02	
  1.0320000000000000e+04	 -3.9026963497714445e+02	  2.9023826910973804e+02	
  1.0350000000000000e+04	 -4.1898020894645771e+02	  3.1175777635981234e+02	
  1.0380000000000000e+04	 -4.4925987493667293e+02	  3.3143247540686491e+02	
  1.0410000000000000e+04	 -4.7796130654647999e+02	  3.4791343438732406e+02	
  1.0440000000000000e+04	 -5.0393518477200939e+02	  3.5733031690555350e+02	
  1.0470000000000000e+04	 -5.2369872843787289e+02	  3.7311149950796926e+02	
  1.0500000000000000e+04	 -5.2499346945085551e+02	  3.7473470203808370e+02	
  1.0530000000000000e+04	 -5.0960418547972836e+02	  3.5870968860200287e+02	
  1.0560000000000000e+04	 -4.7128725432654085e+02	  3.2381132630692730e+02	
  1.0590000000000000e+04	 -4.4640573573948899e+02	  3.0718039917337978e+02	
  1.0620000000000000e+04	 -4.1169982676453822e+02	  2.7893873119765800e+02	
  1.0650000000000000e+04	 -3.8852625224541362e+02	  2.5789849936389118e+02	
  1.0680000000000000e+04	 -3.5737061818628439e+02	  2.3742657638214655e+02	
  1.0710000000000000e+04	 -3.2625642726121146e+02	  2.0888241713179090e+02	
  1.0740000000000000e+04	 -2.9553771930892884e+02	  1.8173277478834765e+02	
  1.0770000000000000e+04	 -2.6195004865792714e+02	  1.5865816778426731e+02	
  1.0800000000000000e+04	 -2.3909594677238130e+02	  1.4111657474160563e+02	
  1.0830000000000000e+04	 -2.1892444295209486e+02	  1.3143270315655496e+02	
  1.0860000000000000e+04	 -1.8588870365407973e+02	  1.0072692553271976e+02	
  1.0890000000000000e+04	 -1.6395054156302066e+02	  7.9801184827448708e+01	
  1.0920000000000000e+04	 -1.4562693367639949e+02	  6.2256919747982316e+01	
  1.0950000000000000e+04	 -1.0358929303871508e+02	  3.3688500834668659e+01	
  1.0980000000000000e+04	 -7.7303368572280803e+01	  1.2760065167351232e+01	
  1.1010000000000000e+04	 -4.6611643619092476e+01	  -1.5390326541585811e+01	
  1.1040000000000000e+04	 -2.7503731150912213e+01	  -3.2258837748001845e+01	
  1.1070000000000000e+04	 -2.9110249933754488e+00	  -5.9487968013097422e+01	
  1.1100000000000000e+04	 1.9046608079919071e+01	  -8.1977053939897317e+01	
  1.1130000000000000e+04	 4.8648540211002981e+01	  -1.0282314971317683e+02	
  1.1160000000000000e+04	 7.2384666028513664e+01	  -1.2046158292606610e+02	
  1.1190000000000000e+04	 9.8882119458283171e+01	  -1.3867672418278914e+02	
  1.1220000000000000e+04	 1.3005720415985246e+02	  -1.5969672805464668e+02	
  1.1250000000000000e+04	 1.6641656834964508e+02	  -1.9596473326914867e+02	
  1.1280000000000000e+04	 1.8509718587324286e+02	  -2.2263955970118187e+02	
  1.1310000000000000e+04	 2.2108170252241993e+02	  -2.5549024332874279e+02	
  1.1340000000000000e+04	 2.4953063735090532e+02	  -2.7877658974567953e+02	
  1.1370000000000000e+04	 2.7658657399841559e+02	  -3.0355422249635819e+02	
  1.1400000000000000e+04	 2.9734390957012761e+02	  -3.1663992849758097e+02	
  1.1430000000000000e+04	 3.3157622017936319e+02	  -3.4290065377810600e+02	
  1.1460000000000000e+04	 3.3612672028371162e+02	  -3.5462215433544861e+02	
  1.1490000000000000e+04	 3.3514411694718677e+02	  -3.5570064731763301e+02	
  1.1520000000000000e+04	 3.3417272444674660e+02	  -3.5391560039459642e+02	
  1.1550000000000000e+04	 3.3264319887496174e+02	  -3.5365371193093625e+02	
  1.1580000000000000e+04	 3.2894779232197419e+02	  -3.3213224347615466e+02	
  1.1610000000000000e+04	 3.1863273394151429e+02	  -2.8228796314960113e+02	
  1.1640000000000000e+04	 3.0750360267620073e+02	  -2.4456512121977008e+02	
  1.1670000000000000e+04	 3.0307813536778457e+02	  -2.1552515293807596e+02	
  1.1700000000000000e+04	 2.9152293864735196e+02	  -1.8223412103485146e+02	
  1.1730000000000000e+04	 2.7983296426415563e+02	  -1.3986357518237890e+02	
  1.1760000000000000e+04	 2.7298610318075578e+02	  -1.2250061362538727e+02	
  1.1790000000000000e+04	 2.6435023277260535e+02	  -9.1596580928639327e+01	
  1.1820000000000000e+04	 2.5199983045459851e+02	  -5.9943864914282550e+01	
  1.1850000000000000e+04	 2.4819103886602917e+02	  -3.4996519933154573e+01	
  1.1880000000000000e+04	 2.4361732961560449e+02	  -1.0890676685788542e+01	
  1.1910000000000000e+04	 2.3346882805785782e+02	  2.5168632483607766e+01	
  1.1940000000000000e+04	 2.1839473225895802e+02	  6.2332663308726964e+01	
  1.1970000000000000e+04	 2.0660970967315825e+02	  1.0860713559032654e+02	
  1.2000000000000000e+04	 2.0201711896259502e+02	  1.3134011567205920e+02	
  1.2030000000000000e+04	 1.9387485739485825e+02	  1.5737372763245875e+02	
  1.2060000000000000e+04	 1.9067350623552224e+02	  1.7748913232749391e+02	
  1.2090000000000000e+04	 1.8688460522687052e+02	  2.0052267324930057e+02	
  1.2120000000000000e+04	 1.7806243931162365e+02	  2.2515136754266439e+02	
  1.2150000000000000e+04	 1.5970740942539993e+02	  2.6568805485170117e+02	
  1.2180000000000000e+04	 1.5161859762433818e+02	  2.9355823107325756e+02	
  1.2210000000000000e+04	 1.3917635850535774e+02	  3.3681824282656191e+02	
  1.2240000000000000e+04	 1.2545015579544237e+02	  3.7967921352002247e+02	
  1.2270000000000000e+04	 1.0548660381166971e+02	  4.2742906086298933e+02	
  1.2300000000000000e+04	 9.2081670158572763e+01	  4.7392686626521879e+02	
  1.2330000000000000e+04	 8.4222138989530166e+01	  5.0327109128955698e+02	
  1.2360000000000000e+04	 7.1899457909949589e+01	  5.2695856524003887e+02	
  1.2390000000000000e+04	 6.1461053727367194e+01	  5.5712026607697328e+02	
  1.2420000000000000e+04	 5.3612966958811114e+01	  5.8224434297196012e+02	
  1.2450000000000000e+04	 3.5578708145643347e+01	  6.1024829755336918e+02	
  1.2480000000000000e+04	 2.7408410175444324e+01	  6.2436246834800818e+02	
  1.2510000000000000e+04	 2.8076946792994494e+01	  6.2593325918686685e+02	
  1.2540000000000000e+04	 -1.3719573357010475e+00	  5.9061409570779915e+02	
  1.2570000000000000e+04	 -2.8691761887125384e+01	  5.5787196776452993e+02	
  1.2600000000000000e+04	 -4.1561555158453444e+01	  5.3968986750892861e+02	
  1.2630000000000000e+04	 -5.6344697246351082e+01	  5.1736017030331823e+02	
  1.2660000000000000e+04	 -8.6147184268204825e+01	  4.8293586647520840e+02	
  1.2690000000000000e+04	 -1.0693734155847540e+02	  4.6592732104791691e+02	
  1.2720000000000000e+04	 -1.3050176547916962e+02	  4.3541244503544959e+02	
  1.2750000000000000e+04	 -1.5938034855900210e+02	  4.0539471826962608e+02	
  1.2780000000000000e+04	 -1.8400368403053812e+02	  3.8511180180257145e+02	
  1.2810000000000000e+04	 -1.9835281652260420e+02	  3.6907687485402420e+02	
  1.2840000000000000e+04	 -2.2173397634436552e+02	  3.3664050908009136e+02	
  1.2870000000000000e+04	 -2.4118395549996040e+02	  3.1558726409853023e+02	
  1.2900000000000000e+04	 -2.5448544662587099e+02	  2.9446004149663349e+02	
  1.2930000000000000e+04	 -2.7144665871038529e+02	  2.7757652208849163e+02	
  1.2960000000000000e+04	 -3.0151478105678081e+02	  2.4852827177031850e+02	
  1.2990000000000000e+04	 -3.1445707985383029e+02	  2.2695940040516516e+02	
  1.3020000000000000e+04	 -3.3783401633749031e+02	  2.0119079738080467e+02	
  1.3050000000000000e+04	 -3.5803492099900518e+02	  1.7418856791925634e+02	
  1.3080000000000000e+04	 -3.5967612862129153e+02	  1.7502989568143963e+02	
  1.3110000000000000e+04	 -3.6144685068659203e+02	  1.7675057066007750e+02	
  1.3140000000000000e+04	 -3.2346859320492001e+02	  1.9104325834003180e+02	
  1.3170000000000000e+04	 -2.8608958630449422e+02	  2.1010296403552024e+02	
  1.3200000000000000e+04	 -2.6713769405975307e+02	  2.1706054107104671e+02	
  1.3230000000000000e+04	 -2.2242389192165314e+02	  2.3706767025418324e+02	
  1.3260000000000000e+04	 -1.9592602570739609e+02	  2.5068758083885999e+02	
  1.3290000000000000e+04	 -1.6814201338888384e+02	  2.6854170584379830e+02	
  1.3320000000000000e+04	 -1.2593032123033549e+02	  2.8684101396871080e+02	
  1.3350000000000000e+04	 -9.6019841913206974e+01	  3.0570685057869957e+02	
  1.3380000000000000e+04	 -5.6654507450038217e+01	  3.2715382873580273e+02	
  1.3410000000000000e+04	 -2.8945327279445117e+01	  3.3930048102723021e+02	
  1.3440000000000000e+04	 4.0458962978572401e+00	  3.5807862448806731e+02	
  1.3470000000000000e+04	 3.5655665112518868e+01	  3.7366762515726714e+02	
  1.3500000000000000e+04	 5.4561976839275971e+01	  3.9089034002893038e+02	
  1.3530000000000000e+04	 9.8263129693732182e+01	  4.1083149443509143e+02	
  1.3560000000000000e+04	 1.2218570983100236e+02	  3.6995929802595219e+02	
  1.3590000000000000e+04	 1.4550333153059353e+02	  3.2209906049895159e+02	
  1.3620000000000000e+04	 1.6666782272855349e+02	  2.7378800956266235e+02	
  1.3650000000000000e+04	 1.8063550695498444e+02	  2.4316247830787873e+02	
  1.3680000000000000e+04	 1.9585001256907918e+02	  2.0826626821408450e+02	
  1.3710000000000000e+04	 2.0515053008202898e+02	  1.8186493229196768e+02	
  1.3740000000000000e+04	 2.1842602303924468e+02	  1.4776149772325473e+02	
  1.3770000000000000e+04	 2.2270306489982340e+02	  1.2330010999785910e+02	
  1.3800000000000000e+04	 2.3427949400890839e+02	  1.0454374724974333e+02	
  1.3830000000000000e+04	 2.4855597425231147e+02	  7.8508045839089959e+01	
  1.3860000000000000e+04	 2.6623758403500375e+02	  4.9334481488354612e+01	
  1.3890000000000000e+04	 2.6586255035110207e+02	  4.6240182348441977e+01	
  1.3920000000000000e+04	 2.6741287174441129e+02	  4.5742726355667571e+01	
  1.3950000000000000e+04	 2.6758087155578801e+02	  4.5852501053829428e+01	
  1.3980000000000000e+04	 2.6646957488874159e+02	  4.5542363988410344e+01	
  1.4010000000000000e+04	 2.2507014077501469e+02	  3.8104707027982563e+01	
  1.4040000000000000e+04	 2.0053087362825954e+02	  4.0061624945008411e+01	
  1.4070000000000000e+04	 1.5825289479060987e+02	  3.8203773728754548e+01	
  1.4100000000000000e+04	 1.0484891247083044e+02	  2.9272657509521053e+01	
  1.4130000000000000e+04	 5.5514922890744927e+01	  2.8301773941777270e+01	
  1.4160000000000000e+04	 2.7488988988929677e+01	  2.9689910336326491e+01	
  1.4190000000000000e+04	 1.0346626596595154e+01	  2.6021520168198599e+01	
  1.4220000000000000e+04	 4.6613986338209230e+00	  2.3543149641031100e+01	
  1.4250000000000000e+04	 4.0348445448009427e+00	  2.2032122093730788e+01	
  1.4280000000000000e+04	 1.1756373140118539e+00	  5.8890671159763627e+01	
  1.4310000000000000e+04	 3.4285078928538288e+00	  9.7848612689444494e+01	
  1.4340000000000000e+04	 5.8454155253118216e+00	  1.2021479110192671e+02	
  1.4370000000000000e+04	 7.8222457424460412e+00	  1.6159015447122658e+02	
  1.4400000000000000e+04	 5.1871715837982579e+00	  2.1549079101359882e+02	
  1.4430000000000000e+04	 6.3104138198047082e+00	  2.3493192137310461e+02	
  1.4460000000000000e+04	 7.0255928633113154e+00	  2.7443509387478139e+02	
  1.4490000000000000e+04	 2.8284404261743035e-01	  3.2363031680589762e+02	
  1.4520000000000000e+04	 -5.3375382811925229e+00	  3.5316287155898976e+02	
  1.4550000000000000e+04	 -6.7638203990438459e+00	  3.7449274065804559e+02	
  1.4580000000000000e+04	 -1.4164122669660776e+01	  4.1889290808097786e+02	
  1.4610000000000000e+04	 -1.7498694407752083e+01	  4.4246842691409017e+02	
  1.4640000000000000e+04	 -1.7219635584863870e+01	  4.7943967211177130e+02	
  1.4670000000000000e+04	 -4.7826891079389448e+01	  4.9493709982769849e+02	
  1.4700000000000000e+04	 -6.6148854854368665e+01	  5.0574502004393679e+02	
  1.4730000000000000e+04	 -1.0693895814335002e+02	  5.1969810872767891e+02	
  1.4760000000000000e+04	 -1.3293140919452412e+02	  5.3261604596566519e+02	
  1.4790000000000000e+04	 -1.5626841295028419e+02	  5.4333768729705457e+02	
  1.4820000000000000e+04	 -1.7532106397343748e+02	  5.4979177379356497e+02	
  1.4850000000000000e+04	 -2.0371592623612793e+02	  5.5626073174251110e+02	
  1.4880000000000000e+04	 -2.4560157006411265e+02	  5.7512786646731831e+02	
  1.4910000000000000e+04	 -2.6578039199018701e+02	  5.8593172086325444e+02	
  1.4940000000000000e+04	 -2.2779850294553194e+02	  5.6792761618726377e+02	
  1.4970000000000000e+04	 -1.9255411994283440e+02	  5.4697447597870882e+02	
  1.5000000000000000e+04	 -1.5168650934447177e+02	  5.2008032355946557e+02	
  1.5030000000000000e+04	 -1.3110490835052698e+02	  5.0724245654058507e+02	
  1.5060000000000000e+04	 -9.5444621067320512e+01	  4.8546776530499841e+02	
  1.5090000000000000e+04	 -5.8873215845436739e+01	  4.6780876443226111e+02	
  1.5120000000000000e+04	 -2.8734479184357383e+01	  4.4559365943064779e+02	
  1.5150000000000000e+04	 1.8373654061389999e+00	  4.3070019497828292e+02	
  1.5180000000000000e+04	 4.8102243034980731e+01	  4.0741920646385188e+02	
  1.5210000000000000e+04	 7.9865551749519554e+01	  3.9316181505557131e+02	
  1.5240000000000000e+04	 1.0328445544769239e+02	  3.8622429882725731e+02	
  1.5270000000000000e+04	 1.4062281971533383e+02	  3.6422509394393279e+02	
  1.5300000000000000e+04	 1.6663801704264509e+02	  3.4634556739643841e+02	
  1.5330000000000000e+04	 1.9293703008802987e+02	  3.3474632156170821e+02	
  1.5360000000000000e+04	 2.1372920458020087e+02	  3.0985117351469410e+02	
  1.5390000000000000e+04	 2.3199907427810999e+02	  2.8723366598650085e+02	
  1.5420000000000000e+04	 2.4277136335225049e+02	  2.6935482431301739e+02	
  1.5450000000000000e+04	 2.5858020778725319e+02	  2.4125637035920670e+02	
  1.5480000000000000e+04	 2.4312204989609864e+02	  2.5901469263364828e+02	
  1.5510000000000000e+04	 2.1757832530880600e+02	  2.7721967278386774e+02	
  1.5540000000000000e+04	 1.9805353164836953e+02	  2.9189509975555666e+02	
  1.5570000000000000e+04	 1.5884780775760768e+02	  3.2746776937954132e+02	
  1.5600000000000000e+04	 1.3849395483869446e+02	  3.4987387445655372e+02	
  1.5630000000000000e+04	 1.1356538744843456e+02	  3.7483638129908286e+02	
  1.5660000000000000e+04	 8.3138261735259960e+01	  4.0875537549982363e+02	
  1.5690000000000000e+04	 6.2356588993851709e+01	  4.3199394181242019e+02	
  1.5720000000000000e+04	 4.1398414545885466e+01	  4.4506580450464264e+02	
  1.5750000000000000e+04	 8.5830353793224816e+00	  4.8269643743932653e+02	
  1.5780000000000000e+04	 -1.7385006539694707e+01	  5.0155943923177006e+02	
  1.5810000000000000e+04	 -4.3961919369691373e+01	  5.2982744392770064e+02	
  1.5840000000000000e+04	 -6.9428839720446490e+01	  5.4807990993870555e+02	
  1.5870000000000000e+04	 -9.7289674397937958e+01	  5.7937397627257394e+02	
  1.5900000000000000e+04	 -1.1751843427148691e+02	  5.9692393823951170e+02	
  1.5930000000000000e+04	 -1.1512632502773813e+02	  5.7089585931078420e+02	
  1.5960000000000000e+04	 -1.0188279292926498e+02	  5.2901804900058573e+02	
  1.5990000000000000e+04	 -8.8792882917340407e+01	  4.9256181581337182e+02	
  1.6020000000000000e+04	 -7.3617342331536349e+01	  4.4607601494693245e+02	
  1.6050000000000000e+04	 -3.8930198229011999e+01	  4.5578098529518797e+02	
  1.6080000000000000e+04	 -7.2649434364915422e+00	  4.6922065275341765e+02	
  1.6110000000000000e+04	 9.7363421131021823e+00	  4.7941426460117549e+02	
  1.6140000000000000e+04	 5.0757692738547476e+01	  4.9534167766639837e+02	
  1.6170000000000000e+04	 7.5154763030751724e+01	  5.0906245424529374e+02	
  1.6200000000000000e+04	 1.1404681706507449e+02	  5.2322329882278189e+02	
  1.6230000000000000e+04	 1.3239736782297553e+02	  5.3358143784642493e+02	
  1.6260000000000000e+04	 1.6370675779732341e+02	  5.3753273892409095e+02	
  1.6290000000000000e+04	 1.9088321866614228e+02	  5.4891431363024924e+02	
  1.6320000000000000e+04	 2.1906308050700125e+02	  5.6156830679770940e+02	
  1.6350000000000000e+04	 2.3973183480073322e+02	  5.6283685964024107e+02	
  1.6380000000000000e+04	 2.8348631336859893e+02	  5.7412218956751747e+02	
  1.6410000000000000e+04	 3.0973754085244582e+02	  5.8219796538348044e+02	
  1.6440000000000000e+04	 3.4763417879971337e+02	  5.9427285863797943e+02	
  1.6470000000000000e+04	 3.0423034473062131e+02	  6.1073557063872454e+02	
  1.6500000000000000e+04	 2.7832609836195974e+02	  6.2400157468296288e+02	
  1.6530000000000000e+04	 2.5941954660126544e+02	  6.2751016006263399e+02	
  1.6560000000000000e+04	 2.3485792439038468e+02	  6.3775722419699412e+02	
  1.6590000000000000e+04	 2.1775147212581720e+02	  6.4859633760707516e+02	
  1.6620000000000000e+04	 1.9186887662533405e+02	  6.5853827224703900e+02	
  1.6650000000000000e+04	 1.5765418774876636e+02	  6.6670187820461649e+02	
  1.6680000000000000e+04	 1.1355359633546129e+02	  6.7826751758141893e+02	
  1.6710000000000000e+04	 8.5202927659332516e+01	  6.8860984962072723e+02	
  1.6740000000000000e+04	 4.7683860288476168e+01	  7.0051548211471356e+02	
  1.6770000000000000e+04	 5.0594378043482422e+00	  7.1076610278107228e+02	
  1.6800000000000000e+04	 -4.3497070798568522e+01	  7.3096804578886781e+02	
  1.6830000000000000e+04	 -4.8900161856164324e+01	  7.0770662286295783e+02	
  1.6860000000000000e+04	 -5.7053018341292457e+01	  6.8201360788170166e+02	
  1.6890000000000000e+04	 -7.5182474942392219e+01	  6.3900254809279022e+02	
  1.6920000000000000e+04	 -8.7373097530674414e+01	  6.0148665185867549e+02	
  1.6950000000000000e+04	 -9.7299770715250546e+01	  5.5564030850917140e+02	
  1.6980000000000000e+04	 -1.0767669013378423e+02	  5.1841106242950639e+02	
  1.7010000000000000e+04	 -1.1736168041813939e+02	  4.9497842539624088e+02	
  1.7040000000000000e+04	 -1.2784987535504446e+02	  4.5940482572012388e+02	
  1.7070000000000000e+04	 -1.3861447879326195e+02	  4.3525655941269451e+02	
  1.7100000000000000e+04	 -1.5294916645369082e+02	  3.9971035407231682e+02	
  1.7130000000000000e+04	 -1.6049708817014101e+02	  3.6847893437329998e+02	
  1.7160000000000000e+04	 -1.6736891818651375e+02	  3.4065408206436598e+02	
  1.7190000000000000e+04	 -1.7418411391924343e+02	  3.1920076036565098e+02	
  1.7220000000000000e+04	 -1.7695841212273558e+02	  2.9060079792048651e+02	
  1.7250000000000000e+04	 -1.9232839302132189e+02	  2.5837977573448558e+02	
  1.7280000000000000e+04	 -1.9757624979894590e+02	  2.2806853385692955e+02	
  1.7310000000000000e+04	 -2.1257670322853926e+02	  1.8064088305390993e+02	
  1.7340000000000000e+04	 -2.2418976765897290e+02	  1.4800580636015320e+02	
  1.7370000000000000e+04	 -2.3555908364386144e+02	  1.0985134198764905e+02	
  1.7400000000000000e+04	 -2.4465936800021649e+02	  8.7430444926171717e+01	
  1.7430000000000000e+04	 -2.5559410461997754e+02	  3.7816774599755711e+01	
  1.7460000000000000e+04	 -2.6742032314421988e+02	  -3.6705884033793907e+00	
  1.7490000000000000e+04	 -2.7916463590263555e+02	  -4.1055800329981693e+01	
  1.7520000000000000e+04	 -2.9963368356170128e+02	  -8.0879124214406104e+01	
  1.7550000000000000e+04	 -3.0986943987476792e+02	  -1.2205341740386308e+02	
  1.7580000000000000e+04	 -3.2625723089018425e+02	  -1.6493314846673672e+02	
  1.7610000000000000e+04	 -3.3709282944424615e+02	  -2.0661428481468860e+02	
  1.7640000000000000e+04	 -3.4079852487753857e+02	  -2.2512598224245500e+02	
  1.7670000000000000e+04	 -3.5727088816013543e+02	  -2.5475941947729896e+02	
  1.7700000000000000e+04	 -3.6535502876684194e+02	  -2.8935449400066813e+02	
  1.7730000000000000e+04	 -3.4239302886507159e+02	  -2.6244171355964681e+02	
  1.7760000000000000e+04	 -3.1193269634182496e+02	  -2.2194799510557067e+02	
  1.7790000000000000e+04	 -2.8523506063321088e+02	  -1.8255024494464379e+02	
  1.7820000000000000e+04	 -2.6148993329833809e+02	  -1.4794421606707948e+02	
  1.7850000000000000e+04	 -2.3706810316123489e+02	  -1.2124720264999632e+02	
  1.7880000000000000e+04	 -2.2855580323644335e+02	  -1.0307607197569629e+02	
  1.7910000000000000e+04	 -2.0950523087112083e+02	  -6.8326840675334424e+01	
  1.7940000000000000e+04	 -1.9684096487781531e+02	  -4.8322670634551550e+01	
  1.7970000000000000e+04	 -1.7052171959572914e+02	  -4.2372064683080524e+00	
  1.8000000000000000e+04	 -1.4559288218075395e+02	  2.4628456678401406e+01	
  1.8030000000000000e+04	 -1.2815367626878086e+02	  5.2552365626585605e+01	
  1.8060000000000000e+04	 -1.0466587597447001e+02	  7.9117314788679991e+01	
  1.8090000000000000e+04	 -8.6670156356284039e+01	  1.1641189481721423e+02	
  1.8120000000000000e+04	 -6.3748462582519899e+01	  1.5203616075538051e+02	
  1.8150000000000000e+04	 -4.8721663068227159e+01	  1.7660272006992255e+02	
  1.8180000000000000e+04	 -2.7578784095787196e+01	  2.1450638586112194e+02	
  1.8210000000000000e+04	 -9.8094613306959708e+00	  2.3896333170232936e+02	
  1.8240000000000000e+04	 1.4433636298589914e+01	  2.7285329541730886e+02	
  1.8270000000000000e+04	 2.7650893906016016e+01	  2.9808400992885623e+02	
  1.8300000000000000e+04	 5.6246018236188959e+01	  3.3458352690123661e+02	
  1.8330000000000000e+04	 6.9658389793236864e+01	  3.5075255475947972e+02	
  1.8360000000000000e+04	 8.1951321829513802e+01	  3.7310583249244377e+02	
  1.8390000000000000e+04	 9.0333970121238679e+01	  3.9058401378248709e+02	
  1.8420000000000000e+04	 9.0670760125068881e+01	  3.9166870709750634e+02	
  1.8450000000000000e+04	 8.9437074152254510e+01	  3.9276712656996835e+02	
  1.8480000000000000e+04	 8.7930348522458814e+01	  3.9333078619511707e+02	
  1.8510000000000000e+04	 8.6518936876824313e+01	  3.9136561616940418e+02	
  1.8540000000000000e+04	 8.6946359183341812e+01	  3.9178162589913109e+02	
  1.8570000000000000e+04	 8.7288687845112420e+01	  3.9129561887360632e+02	
  1.8600000000000000e+04	 8.5635138847467431e+01	  3.9188280684990576e+02	
  1.8630000000000000e+04	 8.5983914943792101e+01	  3.9384626164559853e+02	
  1.8660000000000000e+04	 1.2488772470916210e+02	  3.7050376368778620e+02	
  1.8690000000000000e+04	 1.4399491387592954e+02	  3.5556169118396707e+02	
  1.8720000000000000e+04	 1.7817460863130549e+02	  3.3487560596791724e+02	
  1.8750000000000000e+04	 2.1866433546961386e+02	  3.0822400981835506e+02	
  1.8780000000000000e+04	 2.6438213446978432e+02	  2.8254539413790940e+02	
  1.8810000000000000e+04	 2.8644404655572743e+02	  2.6506760155781308e+02	
  1.8840000000000000e+04	 3.1879631507007559e+02	  2.4535222096978995e+02	
  1.8870000000000000e+04	 3.3802415971507958e+02	  2.3102358636040751e+02	
  1.8900000000000000e+04	 3.6226923078682665e+02	  2.1779453521843527e+02	
  1.8930000000000000e+04	 3.8231189805924271e+02	  2.0045242043637941e+02	
  1.8960000000000000e+04	 4.1470772441454403e+02	  1.8125318891448370e+02	
  1.8990000000000000e+04	 4.4115146518708377e+02	  1.7434967770034132e+02	
  1.9020000000000000e+04	 4.3932409932114842e+02	  1.7492075294664187e+02	
  1.9050000000000000e+04	 4.3901411596234567e+02	  1.7336731121127340e+02	
  1.9080000000000000e+04	 4.3876751430559244e+02	  1.7182474746116040e+02	
  1.9110000000000000e+04	 4.4035146781389892e+02	  1.7242189604521840e+02	
  1.9140000000000000e+04	 3.9580773247461468e+02	  1.8449547603063817e+02	
  1.9170000000000000e+04	 3.6005396001576605e+02	  1.9201810775135320e+02	
  1.9200000000000000e+04	 3.3099984787064182e+02	  2.0155070567047053e+02	
  1.9230000000000000e+04	 2.9458449040789367e+02	  2.1119635133648737e+02	
  1.9260000000000000e+04	 2.6828132835442273e+02	  2.1821793419200594e+02	
  1.9290000000000000e+04	 2.4581457359105337e+02	  2.2117648285981062e+02	
  1.9320000000000000e+04	 2.0404991265505910e+02	  2.2231128248754615e+02	
  1.9350000000000000e+04	 1.7276708231368679e+02	  2.3137336470959269e+02	
  1.9380000000000000e+04	 1.2288556072788735e+02	  2.4079446064396942e+02	
  1.9410000000000000e+04	 6.9436391728125244e+01	  2.5322853834227391e+02	
  1.9440000000000000e+04	 4.8422677918048059e+01	  2.5562612404628464e+02	
  1.9470000000000000e+04	 1.7568054926032218e+01	  2.6064671320747425e+02	
  1.9500000000000000e+04	 -2.2620146852101762e+01	  2.7010870826156241e+02	
  1.9530000000000000e+04	 -6.2474643342966679e+01	  2.7267111637328298e+02	
  1.9560000000000000e+04	 -9.1805667362795418e+01	  2.7494369372836161e+02	
  1.9590000000000000e+04	 -1.1372690663359718e+02	  2.8048043082382634e+02	
  1.9620000000000000e+04	 -1.5132576774927603e+02	  2.8010111812054157e+02	
  1.9650000000000000e+04	 -1.9704575392862375e+02	  2.8720985007880080e+02	
  1.9680000000000000e+04	 -2.1869787990714886e+02	  2.8374749789787847e+02	
  1.9710000000000000e+04	 -2.1801578734432056e+02	  2.8303254697013898e+02	
  1.9740000000000000e+04	 -2.1951351524788060e+02	  2.8381958203780994e+02	
  1.9770000000000000e+04	 -2.2096845038806896e+02	  2.8479880493711408e+02	
  1.9800000000000000e+04	 -2.1912369571335699e+02	  2.8374116471738870e+02	
  1.9830000000000000e+04	 -2.1971079816878253e+02	  2.8364695296970319e+02	
  1.9860000000000000e+04	 -2.1991467552994831e+02	  2.8216496425147454e+02	
  1.9890000000000000e+04	 -2.2070863387196644e+02	  2.8167005307619604e+02	
  1.9920000000000000e+04	 -2.1980728199805159e+02	  2.8150190719681638e+02	
  1.9950000000000000e+04	 -2.0290913797621633e+02	  2.8303240814363232e+02	
  1.9980000000000000e+04	 -1.6654012600526522e+02	  2.7814532580237210e+02	
  2.0010000000000000e+04	 -1.4219612384832834e+02	  2.7233420305185416e+02	
  2.0040000000000000e+04	 -9.8729107980955717e+01	  2.6852653535299271e+02	
  2.0070000000000000e+04	 -7.3679111961031452e+01	  2.6897485899984576e+02	
  2.0100000000000000e+04	 -3.5136703050238509e+01	  2.6590562756675746e+02	
  2.0130000000000000e+04	 -5.3728823059303608e+00	  2.6504197462938993e+02	
  2.0160000000000000e+04	 1.1859220429591502e+01	  2.6565030952307211e+02	
  2.0190000000000000e+04	 4.6116545674149961e+01	  2.5419182803695730e+02	
  2.0220000000000000e+04	 9.0783733308693769e+01	  2.4327665696183038e+02	
  2.0250000000000000e+04	 1.1987395199834199e+02	  2.4089879880397288e+02	
  2.0280000000000000e+04	 1.5935371968937929e+02	  2.3393845696289534e+02	
  2.0310000000000000e+04	 1.8643346315063405e+02	  2.2503612252864306e+02	
  2.0340000000000000e+04	 2.1793019092394519e+02	  2.2275466552456163e+02	
  2.0370000000000000e+04	 2.4481153766341163e+02	  2.1909936970868048e+02	
  2.0400000000000000e+04	 2.6950225433232964e+02	  2.1506546809714234e+02	
  2.0430000000000000e+04	 3.1108398014335836e+02	  2.0790445839974788e+02	
  2.0460000000000000e+04	 3.3463064021267246e+02	  2.0149543336263079e+02	
  2.0490000000000000e+04	 3.6851160945130698e+02	  1.9110239740321848e+02	
  2.0520000000000000e+04	 3.9544358083658102e+02	  1.8476817527334859e+02	
  2.0550000000000000e+04	 4.2392158119645080e+02	  1.8182644809742703e+02	
  2.0580000000000000e+04	 4.5716478137798759e+02	  1.7385765499095692e+02	
  2.0610000000000000e+04	 4.7959382663093430e+02	  1.6715129524302355e+02	
  2.0640000000000000e+04	 4.7879323487911716e+02	  1.6517791107641295e+02	
  2.0670000000000000e+04	 4.7985344260536453e+02	  1.6475196683313777e+02	
  2.0700000000000000e+04	 4.8176775686070852e+02	  1.6620337250718703e+02	
  2.0730000000000000e+04	 4.8140578272657649e+02	  1.6505908328215284e+02	
  2.0760000000000000e+04	 4.8273089398500315e+02	  1.6482157249276725e+02	
  2.0790000000000000e+04	 4.8355103096921488e+02	  1.6606343765053893e+02	
  2.0820000000000000e+04	 4.8176358294123469e+02	  1.6760509068512388e+02	
  2.0850000000000000e+04	 5.0075362265593753e+02	  1.9718151444820384e+02	
  2.0880000000000000e+04	 5.1694296473736222e+02	  2.3206605701655241e+02	
  2.0910000000000000e+04	 4.7521424691949278e+02	  2.4835542784018313e+02	
  2.0940000000000000e+04	 4.4003941993257257e+02	  2.5711881281898161e+02	
  2.0970000000000000e+04	 3.9958755605192482e+02	  2.7073517250730526e+02	
  2.1000000000000000e+04	 3.6657148829323194e+02	  2.8234868266066451e+02	
  2.1030000000000000e+04	 3.4355711469306834e+02	  2.8866310515084069e+02	
  2.1060000000000000e+04	 3.0670645823581430e+02	  3.0801509588994031e+02	
  2.1090000000000000e+04	 2.6674816418091342e+02	  3.2607525921388981e+02	
  2.1120000000000000e+04	 2.3600496769355027e+02	  3.3741650118276539e+02	
  2.1150000000000000e+04	 1.9158475077572280e+02	  3.4853147613563158e+02	
  2.1180000000000000e+04	 1.4746974241155675e+02	  3.4895473252323785e+02	
  2.1210000000000000e+04	 1.2248121543272396e+02	  3.4755864388229242e+02	
  2.1240000000000000e+04	 7.7764866034138663e+01	  3.4932572616897272e+02	
  2.1270000000000000e+04	 2.7462040476722144e+01	  3.5597527915628257e+02	
  2.1300000000000000e+04	 -1.1451136434295222e+01	  3.5566531468390571e+02	
  2.1330000000000000e+04	 -4.8351278458595360e+01	  3.6258368690412198e+02	
  2.1360000000000000e+04	 -8.7838279979088213e+01	  3.7109857322137640e+02	
  2.1390000000000000e+04	 -1.0984908421633367e+02	  3.7701140365516392e+02	
  2.1420000000000000e+04	 -1.4929560932343995e+02	  3.7596877861234452e+02	
  2.1450000000000000e+04	 -1.7532388797124631e+02	  3.7684406510383070e+02	
  2.1480000000000000e+04	 -2.2586504395334094e+02	  3.8535357542635165e+02	
  2.1510000000000000e+04	 -2.6013620942012182e+02	  3.8519225826504015e+02	
  2.1540000000000000e+04	 -3.0634847265551093e+02	  3.8307532235721334e+02	
  2.1570000000000000e+04	 -3.5913058219734177e+02	  3.8781099059155997e+02	
  2.1600000000000000e+04	 -3.8262606059941328e+02	  3.9056354901459520e+02	
  2.1630000000000000e+04	 -4.2536940425664960e+02	  3.9855041334779941e+02	
  2.1660000000000000e+04	 -4.4745970730244693e+02	  3.9939407196305370e+02	
  2.1690000000000000e+04	 -4.8665780689262300e+02	  4.0494788602868607e+02	
  2.1720000000000000e+04	 -5.0326483613284358e+02	  4.0165556248926345e+02	
  2.1750000000000000e+04	 -5.0410680086149250e+02	  4.0213886226997408e+02	
  2.1780000000000000e+04	 -5.0568337386985309e+02	  4.0229673915626267e+02	
  2.1810000000000000e+04	 -5.0734037138867711e+02	  4.0292914575060610e+02	
  2.1840000000000000e+04	 -4.8299443153618915e+02	  3.8945388622085051e+02	
  2.1870000000000000e+04	 -4.6052396533420244e+02	  3.7125732435309578e+02	
  2.1900000000000000e+04	 -4.3980820036548050e+02	  3.5614576031852113e+02	
  2.1930000000000000e+04	 -4.0908602590350449e+02	  3.3700927548326945e+02	
  2.1960000000000000e+04	 -3.7634917552323515e+02	  3.1420917723319224e+02	
  2.1990000000000000e+04	 -3.5980370660594127e+02	  3.0001513671146182e+02	
  2.2020000000000000e+04	 -3.3381269881466358e+02	  2.8416026385758420e+02	
  2.2050000000000000e+04	 -3.1253135512468896e+02	  2.7278834194554065e+02	
  2.2080000000000000e+04	 -2.9361060133775493e+02	  2.6092798099021451e+02	
  2.2110000000000000e+04	 -2.7673626284953889e+02	  2.4775092187225769e+02	
  2.2140000000000000e+04	 -2.5220276038354405e+02	  2.3316123335298877e+02	
  2.2170000000000000e+04	 -2.3447528742341945e+02	  2.1951056640177447e+02	
  2.2200000000000000e+04	 -2.1043747716549353e+02	  2.0029448324127901e+02	
  2.2230000000000000e+04	 -1.7850525833613347e+02	  1.7189725407979432e+02	
  2.2260000000000000e+04	 -1.5653340847690572e+02	  1.5332398585406219e+02	
  2.2290000000000000e+04	 -1.3074108138066512e+02	  1.3799820010087734e+02	
  2.2320000000000000e+04	 -8.8259221457112318e+01	  1.0628550062324216e+02	
  2.2350000000000000e+04	 -6.1140845986409332e+01	  8.7757729643115709e+01	
  2.2380000000000000e+04	 -3.2696231473300244e+01	  7.3565584659764184e+01	
  2.2410000000000000e+04	 6.0831875794632708e+00	  5.0516459831630627e+01	
  2.2440000000000000e+04	 4.8111440187456097e+01	  1.8338452886161619e+01	
  2.2470000000000000e+04	 8.3232657482438213e+01	  -9.9866233722627804e+00	
  2.2500000000000000e+04	 1.0743585628304963e+02	  -2.7583276431264057e+01	
  2.2530000000000000e+04	 1.4874207311419940e+02	  -5.8059369228723533e+01	
  2.2560000000000000e+04	 1.7751510959320103e+02	  -8.2598001658464057e+01	
  2.2590000000000000e+04	 1.9832747076065883e+02	  -9.8826332701880389e+01	
  2.2620000000000000e+04	 2.2114684839983266e+02	  -1.0876306986218033e+02	
  2.2650000000000000e+04	 2.6230848008823841e+02	  -1.3698436828583843e+02	
  2.2680000000000000e+04	 2.8523378765301169e+02	  -1.5125650569157233e+02	
  2.2710000000000000e+04	 3.1355389981798174e+02	  -1.7274220008159259e+02	
  2.2740000000000000e+04	 3.5083349248169066e+02	  -1.9751584610597325e+02	
  2.2770000000000000e+04	 3.3630316588071742e+02	  -1.8052576735909778e+02	
  2.2800000000000000e+04	 3.1538820328527288e+02	  -1.5329169622960768e+02	
  2.2830000000000000e+04	 2.9903139343307367e+02	  -1.3305591563045559e+02	
  2.2860000000000000e+04	 2.6942340989916687e+02	  -9.3839634374771975e+01	
  2.2890000000000000e+04	 2.5204636609995003e+02	  -6.2829940455634492e+01	
  2.2920000000000000e+04	 2.2824133344538799e+02	  -3.1464419817142492e+01	
  2.2950000000000000e+04	 2.1312360936086941e+02	  -1.7918319202064492e+01	
  2.2980000000000000e+04	 1.8434956923089834e+02	  2.0182038545820067e+01	
  2.3010000000000000e+04	 1.6584842638635925e+02	  3.5411773492146253e+01	
  2.3040000000000000e+04	 1.4762148767164481e+02	  6.1183916543736821e+01	
  2.3070000000000000e+04	 1.2650205046851545e+02	  8.7932357397330605e+01	
  2.3100000000000000e+04	 1.1559216137815973e+02	  1.0517161344785511e+02	
  2.3130000000000000e+04	 9.7070768403348239e+01	  1.3079503800410683e+02	
  2.3160000000000000e+04	 7.9620906810958957e+01	  1.4818665292460940e+02	
  2.3190000000000000e+04	 6.6398752901835195e+01	  1.6969488400817761e+02	
  2.3220000000000000e+04	 5.2557095798264086e+01	  1.8912122501955582e+02	
  2.3250000000000000e+04	 1.7419565283702006e+01	  2.2727384412866064e+02	
  2.3280000000000000e+04	 3.2010679611497004e+00	  2.5018562956323186e+02	
  2.3310000000000000e+04	 -2.0668773252002602e+01	  2.8727719774730491e+02	
  2.3340000000000000e+04	 -4.9277156953814341e+01	  3.2533457279166913e+02	
  2.3370000000000000e+04	 -7.6353605032137509e+01	  3.5559662330163735e+02	
  2.3400000000000000e+04	 -9.7474123634294656e+01	  3.8699496886295941e+02	
  2.3430000000000000e+04	 -1.2627866311956456e+02	  4.2578095503401732e+02	
  2.3460000000000000e+04	 -1.6759872234782171e+02	  4.6382562608578201e+02	
  2.3490000000000000e+04	 -1.8664540984235671e+02	  4.8634541966283899e+02	
  2.3520000000000000e+04	 -2.1147233844448698e+02	  5.0273294313050843e+02	
  2.3550000000000000e+04	 -2.2476662938094023e+02	  5.1867069354578916e+02	
  2.3580000000000000e+04	 -2.2380545396520262e+02	  5.1792076576197144e+02	
  2.3610000000000000e+04	 -2.2386415876663773e+02	  5.1902409796198720e+02	
  2.3640000000000000e+04	 -2.2404070519093207e+02	  5.1837907083870061e+02	
  2.3670000000000000e+04	 -1.8429750829382337e+02	  5.3771264144394729e+02	
  2.3700000000000000e+04	 -1.3826509042059385e+02	  5.5849379797839174e+02	
  2.3730000000000000e+04	 -1.1377706157665915e+02	  5.6711730484592340e+02	
  2.3760000000000000e+04	 -9.2663882554329788e+01	  5.7792297049686761e+02	
  2.3790000000000000e+04	 -6.8225179668949011e+01	  5.8826255040575768e+02	
  2.3820000000000000e+04	 -5.0485580830708251e+01	  6.0289200816668824e+02	
  2.3850000000000000e+04	 -1.1515901792750228e+01	  6.1712580960217281e+02	
  2.3880000000000000e+04	 1.5675933654435575e+01	  6.3087618935655826e+02	
  2.3910000000000000e+04	 3.6796849589093853e+01	  6.4481242636648733e+02	
  2.3940000000000000e+04	 4.2979434034956761e+01	  6.0003941475061652e+02	
  2.3970000000000000e+04	 4.2728930493004697e+01	  5.6437818796668603e+02	
  2.4000000000000000e+04	 4.5646345253350525e+01	  5.1689062664301503e+02	
  2.4030000000000000e+04	 4.5442407559360461e+01	  5.0035609121513880e+02	
  2.4060000000000000e+04	 5.4475043585944327e+01	  4.5935170863279842e+02	
  2.4090000000000000e+04	 6.0051169216794342e+01	  4.3814688159907479e+02	
  2.4120000000000000e+04	 6.6207110500840443e+01	  4.1585419293154598e+02	
  2.4150000000000000e+04	 7.3327415067779242e+01	  3.8488998819078171e+02	
  2.4180000000000000e+04	 7.2730450169042868e+01	  3.5267347175518012e+02	
  2.4210000000000000e+04	 8.1762169144830509e+01	  3.2401569154566749e+02	
  2.4240000000000000e+04	 9.0518026601409233e+01	  2.7546593941918366e+02	
  2.4270000000000000e+04	 9.8595731538061244e+01	  2.3587642974665695e+02	
  2.4300000000000000e+04	 1.0006271031001192e+02	  2.0646098404148930e+02	
  2.4330000000000000e+04	 1.0643565231372880e+02	  1.6172150824155699e+02	
  2.4360000000000000e+04	 1.1400344088100449e+02	  1.2564859808867701e+02	
  2.4390000000000000e+04	 1.2084479595706617e+02	  8.6391950327371759e+01	
  2.4420000000000000e+04	 1.2344538699871441e+02	  5.8333779567036615e+01	
  2.4450000000000000e+04	 1.2845117604314930e+02	  1.0111436417180798e+01	
  2.4480000000000000e+04	 1.3618297221144752e+02	  -2.3871191230655903e+01	
  2.4510000000000000e+04	 1.4132764791278805e+02	  -6.5375786169745879e+01	
  2.4540000000000000e+04	 1.4327615411845764e+02	  -8.7748786567843482e+01	
  2.4570000000000000e+04	 1.4766048953783036e+02	  -1.0332014823981478e+02	
  2.4600000000000000e+04	 1.5423193131173247e+02	  -1.2057785985575785e+02	
  2.4630000000000000e+04	 1.5529551866046637e+02	  -1.4708283671396575e+02	
  2.4660000000000000e+04	 1.5579386362634904e+02	  -1.7229130707911099e+02	
  2.4690000000000000e+04	 1.5767610986023251e+02	  -2.2253779647608997e+02	
  2.4720000000000000e+04	 1.3002634695838256e+02	  -2.0273271814844779e+02	
  2.4750000000000000e+04	 1.0830136888405013e+02	  -1.7660021512698478e+02	
  2.4780000000000000e+04	 8.3806912996859992e+01	  -1.5486481522142304e+02	
  2.4810000000000000e+04	 6.7959016329023399e+01	  -1.3531028770835394e+02	
  2.4840000000000000e+04	 4.2000580227822880e+01	  -1.1687577272512385e+02	
  2.4870000000000000e+04	 2.7239660183275213e+01	  -1.0695352355468118e+02	
  2.4900000000000000e+04	 3.0942272054612801e+00	  -8.4490041664788066e+01	
  2.4930000000000000e+04	 -3.3488235280231045e+01	  -5.6921313187966234e+01	
  2.4960000000000000e+04	 -4.6801339744893653e+01	  -4.5074383018211080e+01	
  2.4990000000000000e+04	 -6.8246764511308811e+01	  -2.7557211711993162e+01	
  2.5020000000000000e+04	 -1.0116458097278043e+02	  -3.8602672187304705e+00	
  2.5050000000000000e+04	 -1.3715499158324170e+02	  2.5154650012674171e+01	
  2.5080000000000000e+04	 -1.6741487020867075e+02	  5.5565761765798612e+01	
  2.5110000000000000e+04	 -1.9923727447732404e+02	  8.4568868436389536e+01	
  2.5140000000000000e+04	 -2.2644652516031820e+02	  9.8683187033986371e+01	
  2.5170000000000000e+04	 -2.5932540186073521e+02	  1.2292268241576677e+02	
  2.5200000000000000e+04	 -2.7994872336304707e+02	  1.4091741299766466e+02	
  2.5230000000000000e+04	 -3.1562134917662792e+02	  1.7011594958108870e+02	
  2.5260000000000000e+04	 -3.4226273134282104e+02	  1.9356349177782099e+02	
  2.5290000000000000e+04	 -3.4451046466279644e+02	  1.9985994897452102e+02	
  2.5320000000000000e+04	 -3.4597208363374392e+02	  1.9948026735144919e+02	
  2.5350000000000000e+04	 -3.4793646723637426e+02	  1.9826448351111131e+02	
  2.5380000000000000e+04	 -3.4794512791280653e+02	  1.9706454086668694e+02	
  2.5410000000000000e+04	 -3.4842979527921790e+02	  1.9569754856351508e+02	
  2.5440000000000000e+04	 -3.4923516745207939e+02	  1.9587166631604583e+02	
  2.5470000000000000e+04	 -3.5109858212450365e+02	  1.9519393321859425e+02	
  2.5500000000000000e+04	 -3.5731518038239818e+02	  1.7150205717649919e+02	
  2.5530000000000000e+04	 -3.6055189561547814e+02	  1.4587285154648973e+02	
  2.5560000000000000e+04	 -3.6323293455923391e+02	  9.7478986989854832e+01	
  2.5590000000000000e+04	 -3.6852209665382537e+02	  5.9866569700918042e+01	
  2.5620000000000000e+04	 -3.6780250629089477e+02	  3.3728352540519190e+01	
  2.5650000000000000e+04	 -3.7047467644564921e+02	  -1.0595908909808152e+01	
  2.5680000000000000e+04	 -3.7156603904678906e+02	  -3.8583681654158596e+01	
  2.5710000000000000e+04	 -3.7892522510350460e+02	  -5.7325391773222243e+01	
  2.5740000000000000e+04	 -3.8576327513917198e+02	  -7.8962153213276949e+01	
  2.5770000000000000e+04	 -3.9325011816334973e+02	  -1.0407399202797788e+02	
  2.5800000000000000e+04	 -3.9888628912410456e+02	  -1.4015510258128310e+02	
  2.5830000000000000e+04	 -3.9649151969036933e+02	  -1.7145533972344089e+02	
  2.5860000000000000e+04	 -3.9579030506141521e+02	  -1.7113302789011806e+02	
  2.5890000000000000e+04	 -3.9418422279131505e+02	  -1.7288533355158305e+02	
  2.5920000000000000e+04	 -3.6137556657976370e+02	  -1.9924960697111149e+02	
  2.5950000000000000e+04	 -3.4077380523638237e+02	  -2.1156764205759075e+02	
  2.5980000000000000e+04	 -3.0944895931703462e+02	  -2.3785970278034134e+02	
  2.6010000000000000e+04	 -2.7561701111282997e+02	  -2.5914411544906358e+02	
  2.6040000000000000e+04	 -2.5647106921951217e+02	  -2.7220608765226922e+02	
  2.6070000000000000e+04	 -2.3719471148082036e+02	  -2.8679619462812656e+02	
  2.6100000000000000e+04	 -2.1528369721386306e+02	  -3.0550023884851498e+02	
  2.6130000000000000e+04	 -1.7485764242942761e+02	  -3.2572078214087850e+02	
  2.6160000000000000e+04	 -1.4531277885985116e+02	  -3.4514679102893797e+02	
  2.6190000000000000e+04	 -1.1713112183046860e+02	  -3.5691122425532569e+02	
  2.6220000000000000e+04	 -1.0073007963170610e+02	  -3.6799826525721176e+02	
  2.6250000000000000e+04	 -7.9548906946395789e+01	  -3.8032921966296493e+02	
  2.6280000000000000e+04	 -3.6385727947296651e+01	  -4.0578163917118036e+02	
  2.6310000000000000e+04	 1.9334635047512450e-01	  -4.2852570930909843e+02	
  2.6340000000000000e+04	 3.5464326035140935e+01	  -4.4645915970955173e+02	
  2.6370000000000000e+04	 6.3004130895653645e+01	  -4.6136297464979339e+02	
  2.6400000000000000e+04	 9.4637920191367670e+01	  -4.9237640826171003e+02	
  2.6430000000000000e+04	 1.1661245520461641e+02	  -5.0477008607763571e+02	
  2.6460000000000000e+04	 1.3634427812177859e+02	  -5.2455649482274691e+02	
  2.6490000000000000e+04	 1.4358326975052273e+02	  -5.2781555303902383e+02	
  2.6520000000000000e+04	 1.4313670168156335e+02	  -5.2772755135255738e+02	
  2.6550000000000000e+04	 1.4304606939059531e+02	  -5.2628381236462940e+02	
  2.6580000000000000e+04	 1.0010614483829445e+02	  -5.0404678492581644e+02	
  2.6610000000000000e+04	 6.6877619330839366e+01	  -4.8989640395745101e+02	
  2.6640000000000000e+04	 4.1308049106129872e+01	  -4.7304118797795161e+02	
  2.6670000000000000e+04	 3.7548067287226701e+00	  -4.5391612127501583e+02	
  2.6700000000000000e+04	 -3.1379169486953501e+01	  -4.2849480335455934e+02	
  2.6730000000000000e+04	 -6.6187178751287703e+01	  -4.0871152188734146e+02	
  2.6760000000000000e+04	 -8.6653902891085394e+01	  -3.9462782848902066e+02	
  2.6790000000000000e+04	 -1.0937108843852923e+02	  -3.8735890047621916e+02	
  2.6820000000000000e+04	 -1.2902442128530470e+02	  -3.7844138023103386e+02	
  2.6850000000000000e+04	 -1.5143413298905776e+02	  -3.6132334322361214e+02	
  2.6880000000000000e+04	 -1.9355680785213062e+02	  -3.3826973797748565e+02	
  2.6910000000000000e+04	 -2.2734271959993401e+02	  -3.2238390800453448e+02	
  2.6940000000000000e+04	 -2.6779252437961316e+02	  -3.0276621360489452e+02	
  2.6970000000000000e+04	 -3.1274526031898449e+02	  -2.7792044963466407e+02	
  2.7000000000000000e+04	 -3.5210178524202655e+02	  -2.5186067830490686e+02	
  2.7030000000000000e+04	 -3.9857130257125777e+02	  -2.2329067627522448e+02	
  2.7060000000000000e+04	 -4.2523968937729830e+02	  -2.1126198520683963e+02	
  2.7090000000000000e+04	 -4.6491525330934303e+02	  -1.8791244478623068e+02	
  2.7120000000000000e+04	 -5.0438640246727022e+02	  -1.6275318368297428e+02	
  2.7150000000000000e+04	 -5.3409457521896070e+02	  -1.4124505567801560e+02	
  2.7180000000000000e+04	 -5.7260282107644957e+02	  -1.1373479445687875e+02	
  2.7210000000000000e+04	 -6.0141896323375329e+02	  -9.4818062019425668e+01	
  2.7240000000000000e+04	 -6.2574460291898242e+02	  -8.6128651087161813e+01	
  2.7270000000000000e+04	 -6.2747051091103845e+02	  -8.7719992733838069e+01	
  2.7300000000000000e+04	 -6.2776290492243197e+02	  -8.9253134785694996e+01	
  2.7330000000000000e+04	 -6.2778485353981318e+02	  -8.9143456992392473e+01	
  2.7360000000000000e+04	 -6.2828899809264567e+02	  -9.1017970829097379e+01	
  2.7390000000000000e+04	 -6.2931609617663446e+02	  -9.2858483982815898e+01	
  2.7420000000000000e+04	 -6.2845633619929220e+02	  -9.4498497906059200e+01	
  2.7450000000000000e+04	 -6.2740882227459213e+02	  -9.2683641886884999e+01	
  2.7480000000000000e+04	 -6.2937723910208501e+02	  -9.3079851270596961e+01	
  2.7510000000000000e+04	 -5.8459290876354396e+02	  -7.5572430859339960e+01	
  2.7540000000000000e+04	 -5.3734894123384356e+02	  -5.7283034038046452e+01	
  2.7570000000000000e+04	 -4.9924025828382037e+02	  -4.7939533929145625e+01	
  2.7600000000000000e+04	 -4.6328053020478313e+02	  -3.9641833932873709e+01	
  2.7630000000000000e+04	 -4.1637829486645666e+02	  -2.3901115101446525e+01	
  2.7660000000000000e+04	 -3.9173647614315507e+02	  -1.1674394046302158e+01	
  2.7690000000000000e+04	 -3.4474704670371875e+02	  6.1292240720497766e+00	
  2.7720000000000000e+04	 -3.1304080189358655e+02	  1.1522815841679719e+01	
  2.7750000000000000e+04	 -2.7149519659291320e+02	  2.6121451644193126e+01	
  2.7780000000000000e+04	 -2.2982850705213369e+02	  3.8171373676265631e+01	
  2.7810000000000000e+04	 -2.1155729333453348e+02	  4.2591768575277605e+01	
  2.7840000000000000e+04	 -1.8695106016075772e+02	  4.4680160897467339e+01	
  2.7870000000000000e+04	 -1.4361309670268335e+02	  5.9881866099302471e+01	
  2.7900000000000000e+04	 -9.5910227432278717e+01	  7.4328297946466989e+01	
  2.7930000000000000e+04	 -6.7282041818666016e+01	  8.0659960742793942e+01	
  2.7960000000000000e+04	 -6.7592738707673988e+01	  8.1913470765848459e+01	
  2.7990000000000000e+04	 -6.5761438058241822e+01	  8.3769857894921756e+01	
  2.8020000000000000e+04	 -6.5396723287633705e+01	  8.3842888111568982e+01	
  2.8050000000000000e+04	 -6.4246158249751517e+01	  8.4075695998426141e+01	
  2.8080000000000000e+04	 -6.5888705862979961e+01	  8.2085672234941001e+01	
  2.8110000000000000e+04	 -6.5838409221173009e+01	  8.0162586634873307e+01	
  2.8140000000000000e+04	 -4.4337952311516858e+01	  6.0718758124862035e+01	
  2.8170000000000000e+04	 -1.8529548355128291e+01	  4.5616277769582915e+01	
  2.8200000000000000e+04	 2.7213629849048196e+01	  1.5119003811894181e+01	
  2.8230000000000000e+04	 6.5671297933708331e+01	  -4.5040290518853077e+00	
  2.8260000000000000e+04	 8.5109860187318020e+01	  -2.0898198260862788e+01	
  2.8290000000000000e+04	 1.1950701793985250e+02	  -3.8834281407369900e+01	
  2.8320000000000000e+04	 1.3819328486107460e+02	  -4.5744222899321429e+01	
  2.8350000000000000e+04	 1.5138806334608159e+02	  -5.9429309284986061e+01	
  2.8380000000000000e+04	 1.8426634711674026e+02	  -8.1690054402619751e+01	
  2.8410000000000000e+04	 2.1895960157459268e+02	  -1.0848150248442867e+02	
  2.8440000000000000e+04	 2.6298923846103060e+02	  -1.3163777853441098e+02	
  2.8470000000000000e+04	 3.0292100110780530e+02	  -1.5366818421610554e+02	
  2.8500000000000000e+04	 3.3414481860066246e+02	  -1.7782204824114146e+02	
  2.8530000000000000e+04	 3.6410551564417568e+02	  -1.9430394006573781e+02	
  2.8560000000000000e+04	 3.9304347401038308e+02	  -2.1011682940551046e+02	
  2.8590000000000000e+04	 4.0622325323004850e+02	  -2.1923573430018342e+02	
  2.8620000000000000e+04	 4.2447473818015453e+02	  -2.2721758078052179e+02	
  2.8650000000000000e+04	 4.4832881336543295e+02	  -2.4200948196168736e+02	
  2.8680000000000000e+04	 4.6554706817485243e+02	  -2.5252614304718810e+02	
  2.8710000000000000e+04	 4.8312698607132887e+02	  -2.6906043257535231e+02	
  2.8740000000000000e+04	 4.9829128799815720e+02	  -2.8448666136631687e+02	
  2.8770000000000000e+04	 5.4056777116855585e+02	  -3.0911609354892965e+02	
  2.8800000000000000e+04	 5.2207152358272333e+02	  -2.9294786838669035e+02	
  2.8830000000000000e+04	 4.7941981226899600e+02	  -2.7021145093154718e+02	
  2.8860000000000000e+04	 4.3693365566442986e+02	  -2.4841054549177267e+02	
  2.8890000000000000e+04	 3.9618358359122095e+02	  -2.2882158853106623e+02	
  2.8920000000000000e+04	 3.6076590693651099e+02	  -2.1145334231862037e+02	
  2.8950000000000000e+04	 3.2033241072039135e+02	  -1.9135172018336658e+02	
  2.8980000000000000e+04	 3.0471996418055733e+02	  -1.8269100062120322e+02	
  2.9010000000000000e+04	 2.6707236335752742e+02	  -1.5682369503182429e+02	
  2.9040000000000000e+04	 2.2901856338884727e+02	  -1.3374272241277015e+02	
  2.9070000000000000e+04	 2.0435969219192873e+02	  -1.1946788950845807e+02	
  2.9100000000000000e+04	 1.8190578703881283e+02	  -1.0238058252149546e+02	
  2.9130000000000000e+04	 1.5640988318769550e+02	  -8.6507211475240311e+01	
  2.9160000000000000e+04	 1.1637838460486614e+02	  -6.8703373565090743e+01	
  2.9190000000000000e+04	 7.3319098737275567e+01	  -4.0990068024841115e+01	
  2.9220000000000000e+04	 5.8142222070219781e+01	  -3.3572102772328691e+01	
  2.9250000000000000e+04	 3.0844677367595953e+01	  -2.3181332098432552e+01	
  2.9280000000000000e+04	 1.1044893863561978e+01	  -9.2492475073311162e+00	
  2.9310000000000000e+04	 -2.5251323228024734e+01	  7.8406710924246461e+00	
  2.9340000000000000e+04	 -5.5073313870680039e+01	  1.9069789546167449e+01	
  2.9370000000000000e+04	 -8.6835176498492416e+01	  3.7053825711485246e+01	
  2.9400000000000000e+04	 -1.2038907621115887e+02	  5.6777877948336368e+01	
  2.9430000000000000e+04	 -1.5849197394133398e+02	  8.6699477074268373e+01	
  2.9460000000000000e+04	 -1.8725261585409672e+02	  1.0507322351013073e+02	
  2.9490000000000000e+04	 -2.3022514253009763e+02	  1.2362995263928968e+02	
  2.9520000000000000e+04	 -2.4979933626582942e+02	  1.3009465236730392e+02	
  2.9550000000000000e+04	 -2.7572626317628323e+02	  1.5022211569646191e+02	
  2.9580000000000000e+04	 -3.0681617858664436e+02	  1.7070308781614929e+02	
  2.9610000000000000e+04	 -3.4414265199168148e+02	  1.9001046192322571e+02	
  2.9640000000000000e+04	 -3.6875098849467594e+02	  2.0901306012315248e+02	
  2.9670000000000000e+04	 -3.7058202443989427e+02	  2.0975819612269547e+02	
  2.9700000000000000e+04	 -3.6960518289516796e+02	  2.1115110837453864e+02	
  2.9730000000000000e+04	 -3.7060527287441130e+02	  2.1216703504581668e+02	
  2.9760000000000000e+04	 -3.7025823563495936e+02	  2.1219736522780698e+02	
  2.9790000000000000e+04	 -3.6981039223788861e+02	  2.1230101208762889e+02	
  2.9820000000000000e+04	 -3.7004401476930076e+02	  2.1100061513995107e+02	
  2.9850000000000000e+04	 -3.6901670041146355e+02	  2.1163148883277094e+02	
  2.9880000000000000e+04	 -3.4477795398929248e+02	  2.1663795219193224e+02	
  2.9910000000000000e+04	 -3.1077304898040666e+02	  2.1998660786857374e+02	
  2.9940000000000000e+04	 -2.7360980839095464e+02	  2.2432479143681135e+02	
  2.9970000000000000e+04	 -2.3601319471677024e+02	  2.3279585423567869e+02	
  3.0000000000000000e+04	 -2.0660621964705501e+02	  2.3016480994574948e+02	
  3.0030000000000000e+04	 -1.7490281470235945e+02	  2.3404836114288798e+02	
  3.0060000000000000e+04	 -1.3776370534568707e+02	  2.3505695780257128e+02	
  3.0090000000000000e+04	 -1.0198094960225454e+02	  2.3446158526613493e+02	
  3.0120000000000000e+04	 -5.5729126410969194e+01	  2.4179687371098245e+02	
  3.0150000000000000e+04	 -2.6471261995203129e+01	  2.4724002593925243e+02	
  3.0180000000000000e+04	 1.5780622965621220e+01	  2.5240884178245597e+02	
  3.0210000000000000e+04	 3.8501066109629420e+01	  2.5239112878523829e+02	
  3.0240000000000000e+04	 8.3941818714877954e+01	  2.5908754616864189e+02	
  3.0270000000000000e+04	 1.0905972263294487e+02	  2.5677820988247129e+02	
  3.0300000000000000e+04	 1.2949519876611544e+02	  2.5513216496083916e+02	
  3.0330000000000000e+04	 1.7213660153162380e+02	  2.6283453125896807e+02	
  3.0360000000000000e+04	 2.0464684668376833e+02	  2.6814773494119856e+02	
  3.0390000000000000e+04	 2.3772580651640209e+02	  2.6721132470539078e+02	
  3.0420000000000000e+04	 2.7609229765000572e+02	  2.7743938700341477e+02	
  3.0450000000000000e+04	 2.8937217727382756e+02	  2.7564531001209963e+02	
  3.0480000000000000e+04	 2.8941356189980104e+02	  2.7735214924972166e+02	
  3.0510000000000000e+04	 2.8824806519148382e+02	  2.7704366633975343e+02	
  3.0540000000000000e+04	 2.8646963371745449e+02	  2.7646542868387257e+02	
  3.0570000000000000e+04	 2.8677016407430841e+02	  2.7551254433916409e+02	
  3.0600000000000000e+04	 2.8770652310969723e+02	  2.7607575573246243e+02	
  3.0630000000000000e+04	 2.8664482010506845e+02	  2.7697469276667169e+02	
  3.0660000000000000e+04	 2.8637008810415335e+02	  2.7529312061471416e+02	
  3.0690000000000000e+04	 2.8070039655320460e+02	  3.1265670003331411e+02	
  3.0720000000000000e+04	 2.7981704887715608e+02	  3.4010047842731518e+02	
  3.0750000000000000e+04	 2.6938237240629553e+02	  3.7265748058483325e+02	
  3.0780000000000000e+04	 2.6108414847515814e+02	  4.1517554422655218e+02	
  3.0810000000000000e+04	 2.5930716824657804e+02	  4.3480691988995522e+02	
  3.0840000000000000e+04	 2.4842165392314524e+02	  4.8131879942608344e+02	
  3.0870000000000000e+04	 2.3972147246501879e+02	  5.0485276752746262e+02	
  3.0900000000000000e+04	 2.1706717288151822e+02	  4.9292663973797232e+02	
  3.0930000000000000e+04	 1.8857341831641841e+02	  4.6973086973846466e+02	
  3.0960000000000000e+04	 1.6239398228227671e+02	  4.4517890914406775e+02	
  3.0990000000000000e+04	 1.3085549482099765e+02	  4.1643366139138652e+02	
  3.1020000000000000e+04	 1.5292165776971922e+02	  4.0014049265397267e+02	
  3.1050000000000000e+04	 1.7535427551512623e+02	  3.8516221515074625e+02	
  3.1080000000000000e+04	 2.1567657023543052e+02	  3.6172705508730911e+02	
  3.1110000000000000e+04	 2.5620541720292601e+02	  3.3823102466181729e+02	
  3.1140000000000000e+04	 2.9018888673678981e+02	  3.1859882551811739e+02	
  3.1170000000000000e+04	 3.3846218549371071e+02	  2.9521582786149207e+02	
  3.1200000000000000e+04	 3.8375629484981766e+02	  2.7779741934641072e+02	
  3.1230000000000000e+04	 4.1564784954912994e+02	  2.5689785624514019e+02	
  3.1260000000000000e+04	 4.5996663516722464e+02	  2.3867018367298115e+02	
  3.1290000000000000e+04	 4.9489520975639994e+02	  2.1863380667530319e+02	
  3.1320000000000000e+04	 5.1908093711127162e+02	  2.1187551917808923e+02	
  3.1350000000000000e+04	 5.3726939195783541e+02	  1.9811749117830837e+02	
  3.1380000000000000e+04	 5.6350598597947396e+02	  1.8981251108079007e+02	
  3.1410000000000000e+04	 5.9801927870385646e+02	  1.6913721907664097e+02	
  3.1440000000000000e+04	 6.2913099926097698e+02	  1.5126197175261839e+02	
  3.1470000000000000e+04	 6.6433558744191441e+02	  1.3260919280382458e+02	
  3.1500000000000000e+04	 7.0712110343390475e+02	  1.1686697509705562e+02	
  3.1530000000000000e+04	 7.2153210647743572e+02	  1.1289530917007437e+02	
  3.1560000000000000e+04	 7.1986239850099446e+02	  1.1294701966821124e+02	
  3.1590000000000000e+04	 7.2167296216676471e+02	  1.1371149408331047e+02	
  3.1620000000000000e+04	 7.2344887497855655e+02	  1.1474887083436418e+02	
  3.1650000000000000e+04	 7.2527416468410274e+02	  1.1403220845137056e+02	
  3.1680000000000000e+04	 7.2443110293283303e+02	  1.1368831580941513e+02	
  3.1710000000000000e+04	 7.2285701493198621e+02	  1.1332906647315083e+02	
  3.1740000000000000e+04	 6.8590656545098602e+02	  8.6676958999318515e+01	
  3.1770000000000000e+04	 6.6364889977027462e+02	  7.3566840861195914e+01	
  3.1800000000000000e+04	 6.4201663360641987e+02	  5.4902160100631136e+01	
  3.1830000000000000e+04	 6.0245718729799773e+02	  3.4680072598363601e+01	
  3.1860000000000000e+04	 5.6720818815555685e+02	  8.4856409475516017e+00	
  3.1890000000000000e+04	 5.3936120761962684e+02	  -9.7674342922838946e+00	
  3.1920000000000000e+04	 5.1742952717644164e+02	  -3.0780832468221629e+01	
  3.1950000000000000e+04	 5.0214345885812855e+02	  -3.9361915864855128e+01	
  3.1980000000000000e+04	 4.6884774925565819e+02	  -6.1027350823239090e+01	
  3.2010000000000000e+04	 4.4202513634875669e+02	  -7.2010089450611602e+01	
  3.2040000000000000e+04	 4.1561239975138784e+02	  -9.3477419681192842e+01	
  3.2070000000000000e+04	 3.8177260969942796e+02	  -1.1251742396320543e+02	
  3.2100000000000000e+04	 3.7889142949630781e+02	  -1.1682451055027292e+02	
  3.2130000000000000e+04	 3.7955222352849898e+02	  -1.1771815206285777e+02	
  3.2160000000000000e+04	 3.8041862398475871e+02	  -1.1889128379878029e+02	
  3.2190000000000000e+04	 3.8185645789180046e+02	  -1.1804170086556665e+02	
  3.2220000000000000e+04	 3.8043205936303815e+02	  -1.1816058889557597e+02	
  3.2250000000000000e+04	 3.8049952079114939e+02	  -1.1810442013550117e+02	
  3.2280000000000000e+04	 3.3050453058024516e+02	  -1.2255306600812249e+02	
  3.2310000000000000e+04	 2.9935856943118995e+02	  -1.2445786960990006e+02	
  3.2340000000000000e+04	 2.5684733854104240e+02	  -1.2792070836542854e+02	
  3.2370000000000000e+04	 2.3079993277970868e+02	  -1.2647337510114171e+02	
  3.2400000000000000e+04	 1.9041833164239577e+02	  -1.2948739620968081e+02	
  3.2430000000000000e+04	 1.6212448384490432e+02	  -1.3147081092906646e+02	
  3.2460000000000000e+04	 1.4126228415735952e+02	  -1.2616928574851710e+02	
  3.2490000000000000e+04	 9.3740722762309815e+01	  -1.2846425544563610e+02	
  3.2520000000000000e+04	 5.8934327190971921e+01	  -1.2968516280910958e+02	
  3.2550000000000000e+04	 3.4320281995857215e+01	  -1.3007254031338132e+02	
  3.2580000000000000e+04	 3.2436407280793773e+00	  -1.2905604957582693e+02	
  3.2610000000000000e+04	 -2.5521075454616238e+01	  -1.2526586014127982e+02	
  3.2640000000000000e+04	 -5.9711853308140590e+01	  -1.2877336300924210e+02	
  3.2670000000000000e+04	 -8.9821740617727016e+01	  -1.2434573467925027e+02	
  3.2700000000000000e+04	 -1.2528913768218554e+02	  -1.2591308584884644e+02	
  3.2730000000000000e+04	 -1.7327345715422678e+02	  -1.2497180399176750e+02	
  3.2760000000000000e+04	 -2.1757165667693164e+02	  -1.1866367438791424e+02	
  3.2790000000000000e+04	 -2.4289818068900965e+02	  -1.1319669739866185e+02	
  3.2820000000000000e+04	 -2.7149130095250024e+02	  -1.1498717018985614e+02	
  3.2850000000000000e+04	 -3.2006121773256848e+02	  -1.1844579311223718e+02	
  3.2880000000000000e+04	 -3.6182195383316133e+02	  -1.1331097521385367e+02	
  3.2910000000000000e+04	 -3.3221836912177764e+02	  -6.9198983986209015e+01	
  3.2940000000000000e+04	 -3.2135803513996382e+02	  -5.1823220878913759e+01	
  3.2970000000000000e+04	 -3.0259306419351850e+02	  -2.3358026796800029e+01	
  3.3000000000000000e+04	 -2.8652986076202490e+02	  2.7029350396189287e+00	
  3.3030000000000000e+04	 -2.6359887653018251e+02	  3.5485285748516311e+01	
  3.3060000000000000e+04	 -2.4822272667639064e+02	  6.1924800621312940e+01	
  3.3090000000000000e+04	 -2.2437026552445550e+02	  1.0064949086170346e+02	
  3.3120000000000000e+04	 -2.0113416447675928e+02	  1.2930108000458173e+02	
  3.3150000000000000e+04	 -1.9099611743008967e+02	  1.4894736071642899e+02	
  3.3180000000000000e+04	 -1.6237842019921376e+02	  1.8666407366722774e+02	
  3.3210000000000000e+04	 -1.3548657343512477e+02	  2.2800153948495458e+02	
  3.3240000000000000e+04	 -1.0376366561264990e+02	  2.6552556204610602e+02	
  3.3270000000000000e+04	 -8.7556126818860591e+01	  2.8763482598303546e+02	
  3.3300000000000000e+04	 -7.2798552274327292e+01	  3.1203192107021385e+02	
  3.3330000000000000e+04	 -5.3714690897716437e+01	  3.3437973326666690e+02	
  3.3360000000000000e+04	 -2.5090408097880502e+01	  3.6838298045669711e+02	
  3.3390000000000000e+04	 -5.3067344258650060e+00	  3.9887014251211451e+02	
  3.3420000000000000e+04	 8.6158189731886115e+00	  4.2297602506386357e+02	
  3.3450000000000000e+04	 2.9706468357352506e+01	  4.4558044255598628e+02	
  3.3480000000000000e+04	 5.5484236586244123e+01	  4.7983981407464381e+02	
  3.3510000000000000e+04	 6.7533346466167700e+01	  4.9319521786557334e+02	
  3.3540000000000000e+04	 6.7616285590339004e+01	  4.9424694884077280e+02	
  3.3570000000000000e+04	 6.6317372856706953e+01	  4.9470349225240744e+02	
  3.3600000000000000e+04	 6.7673254193049090e+01	  4.9608209104580453e+02	
  3.3630000000000000e+04	 6.5966227556838263e+01	  4.9418958988141679e+02	
  3.3660000000000000e+04	 6.6801487919258236e+01	  4.9436868283106810e+02	
  3.3690000000000000e+04	 6.6704898388299938e+01	  4.9445388636320325e+02	
  3.3720000000000000e+04	 9.2168131477175251e+01	  4.6874689441159205e+02	
  3.3750000000000000e+04	 1.0262904862648051e+02	  4.5404135074489329e+02	
  3.3780000000000000e+04	 1.2093071096157431e+02	  4.4143136442229718e+02	
  3.3810000000000000e+04	 1.3844840195692603e+02	  4.2855694391373936e+02	
  3.3840000000000000e+04	 1.7519096898185009e+02	  3.9377857491369878e+02	
  3.3870000000000000e+04	 1.8781403556128799e+02	  3.7721278344258189e+02	
  3.3900000000000000e+04	 2.0566532602407227e+02	  3.6615467570176202e+02	
