  0.0000000000000000e+00	 1.2278580572480749e+02	  4.4514579574463392e+02	
  3.0000000000000000e+01	 1.5078165452440973e+02	  4.5771250544280713e+02	
  6.0000000000000000e+01	 1.7913601325906083e+02	  4.6464679634391217e+02	
  9.0000000000000000e+01	 2.2056879933485237e+02	  4.8362317339431917e+02	
  1.2000000000000000e+02	 2.4274854546102151e+02	  4.5691562136632285e+02	
  1.5000000000000000e+02	 2.6813114501555799e+02	  4.2372291237539093e+02	
  1.8000000000000000e+02	 2.8437521931771414e+02	  3.9894555861744720e+02	
  2.1000000000000000e+02	 3.0066217957811853e+02	  3.7580919532357154e+02	
  2.4000000000000000e+02	 3.2787756599653551e+02	  3.4363884604465892e+02	
  2.7000000000000000e+02	 3.5099876295428237e+02	  3.0704994811407374e+02	
  3.0000000000000000e+02	 3.6411378398002392e+02	  2.9562275760210548e+02	
  3.3000000000000000e+02	 3.9070704933371792e+02	  2.5615570807227664e+02	
  3.6000000000000000e+02	 4.1048488646700719e+02	  2.3646100389606525e+02	
  3.9000000000000000e+02	 4.4004456939004450e+02	  1.9837328527783376e+02	
  4.2000000000000000e+02	 4.7043956157858241e+02	  1.6070791176446434e+02	
  4.5000000000000000e+02	 4.8675154232739249e+02	  1.3910938861297603e+02	
  4.8000000000000000e+02	 5.0966139865396644e+02	  1.0230005190795887e+02	
  5.1000000000000000e+02	 5.1991953051209043e+02	  8.2755944969160183e+01	
  5.4000000000000000e+02	 5.4971169213377937e+02	  4.6903802890967242e+01	
  5.7000000000000000e+02	 5.6509070187377438e+02	  2.0781137393512296e+01	
  6.0000000000000000e+02	 5.8204145676770895e+02	  -7.3392638632113183e+00	
  6.3000000000000000e+02	 6.0160235971091242e+02	  -4.2747324263985931e+01	
  6.6000000000000000e+02	 6.2531039424513892e+02	  -7.6973794337729558e+01	
  6.9000000000000000e+02	 6.5245457762414458e+02	  -1.1695615185558773e+02	
  7.2000000000000000e+02	 6.6807962346718955e+02	  -1.3788963988828095e+02	
  7.5000000000000000e+02	 6.7739519499186667e+02	  -1.5198213056091720e+02	
  7.8000000000000000e+02	 6.5266209414407979e+02	  -1.6606372102179992e+02	
  8.1000000000000000e+02	 6.1554824738475804e+02	  -1.8838210466710498e+02	
  8.4000000000000000e+02	 5.9901357006966043e+02	  -1.9508623986103262e+02	
  8.7000000000000000e+02	 5.7492984555818612e+02	  -2.0736825576547889e+02	
  9.0000000000000000e+02	 5.3754771970115178e+02	  -2.2261404994197900e+02	
  9.3000000000000000e+02	 5.0325239432150545e+02	  -2.3489614271742568e+02	
  9.6000000000000000e+02	 4.6367325833032396e+02	  -2.5828989414474268e+02	
  9.9000000000000000e+02	 4.2836935026300307e+02	  -2.7493473451162811e+02	
  1.0200000000000000e+03	 4.0681940318029706e+02	  -2.8466056606283342e+02	
  1.0500000000000000e+03	 3.7425231142053565e+02	  -3.0504417748687848e+02	
  1.0800000000000000e+03	 3.4024398500281620e+02	  -3.2912696476806099e+02	
  1.1100000000000000e+03	 3.1575218900223535e+02	  -3.3763801449054330e+02	
  1.1400000000000000e+03	 2.8384770716476862e+02	  -3.5292808767777143e+02	
  1.1700000000000000e+03	 2.5019074807085076e+02	  -3.6870971752052355e+02	
  1.2000000000000000e+03	 2.1341614096608609e+02	  -3.9049177798093007e+02	
  1.2300000000000000e+03	 1.8627827556285075e+02	  -4.0038251411786553e+02	
  1.2600000000000000e+03	 1.5256908650547143e+02	  -3.9161044194235632e+02	
  1.2900000000000000e+03	 1.0361635876258498e+02	  -3.7876483087041839e+02	
  1.3200000000000000e+03	 8.1379678770766645e+01	  -3.7783999391512515e+02	
  1.3500000000000000e+03	 4.7699232071817839e+01	  -3.6965570812502608e+02	
  1.3800000000000000e+03	 1.0099120761683267e+00	  -3.5397306839673433e+02	
  1.4100000000000000e+03	 -2.8934412413662187e+01	  -3.4438225795401729e+02	
  1.4400000000000000e+03	 -5.4554916397883808e+01	  -3.3956065249428212e+02	
  1.4700000000000000e+03	 -9.0634863709806808e+01	  -3.2607250329624515e+02	
  1.5000000000000000e+03	 -1.3208933168556663e+02	  -3.1264035623216353e+02	
  1.5300000000000000e+03	 -9.6243391788749662e+01	  -3.3598080978485029e+02	
  1.5600000000000000e+03	 -6.7763717375505962e+01	  -3.5408606271350220e+02	
  1.5900000000000000e+03	 -4.9034385628653013e+01	  -3.7155660164630677e+02	
  1.6200000000000000e+03	 -2.7106785299611023e+01	  -3.8901510318973834e+02	
  1.6500000000000000e+03	 4.6598503733651597e-02	  -4.0428950163877823e+02	
  1.6800000000000000e+03	 3.2229666011414480e+01	  -4.3497427007357379e+02	
  1.7100000000000000e+03	 6.0160900251804250e+01	  -4.5380559039222783e+02	
  1.7400000000000000e+03	 7.8942425023908470e+01	  -4.6903974062014350e+02	
  1.7700000000000000e+03	 1.2224025902876156e+02	  -4.9490496356405566e+02	
  1.8000000000000000e+03	 1.4383314794444479e+02	  -5.0421341231892967e+02	
  1.8300000000000000e+03	 1.6951407924566419e+02	  -5.1876544835740583e+02	
  1.8600000000000000e+03	 1.9976018272459356e+02	  -5.3973034652282274e+02	
  1.8900000000000000e+03	 1.9301496613582245e+02	  -4.9543464588645242e+02	
  1.9200000000000000e+03	 1.8814924524545552e+02	  -4.6847238903578005e+02	
  1.9500000000000000e+03	 1.8716748146562529e+02	  -4.3584382013046934e+02	
  1.9800000000000000e+03	 1.8452893810271470e+02	  -4.1004372638900833e+02	
  2.0100000000000000e+03	 1.7360741398414865e+02	  -3.6458901088303514e+02	
  2.0400000000000000e+03	 1.7356914491377188e+02	  -3.4436841602120842e+02	
  2.0700000000000000e+03	 1.6998570575472965e+02	  -3.1945049393606064e+02	
  2.1000000000000000e+03	 1.6712946709647906e+02	  -2.9664898253155809e+02	
  2.1300000000000000e+03	 1.6314512582926642e+02	  -2.6765024200924387e+02	
  2.1600000000000000e+03	 1.5641944602134967e+02	  -2.4290339687503112e+02	
  2.1900000000000000e+03	 1.5083188943717124e+02	  -1.9138478384614331e+02	
  2.2200000000000000e+03	 1.4762819091343033e+02	  -1.6549136956051683e+02	
  2.2500000000000000e+03	 1.4130158260907712e+02	  -1.3509312243342967e+02	
  2.2800000000000000e+03	 1.3377957485056467e+02	  -8.6738543499063979e+01	
  2.3100000000000000e+03	 1.2873467051843068e+02	  -5.5168472928290413e+01	
  2.3400000000000000e+03	 1.2631078072344633e+02	  -3.3316509973267856e+01	
  2.3700000000000000e+03	 1.2343889314646894e+02	  -1.1045011120172177e-01	
  2.4000000000000000e+03	 1.1212728631815017e+02	  3.5302733014470554e+01	
  2.4300000000000000e+03	 1.0950897090924414e+02	  8.2883580650436159e+01	
  2.4600000000000000e+03	 1.0497359925959313e+02	  1.2766522190602990e+02	
  2.4900000000000000e+03	 9.8160821926077233e+01	  1.5986882890969278e+02	
  2.5200000000000000e+03	 8.6296282356278695e+01	  2.0168931326472477e+02	
  2.5500000000000000e+03	 8.1081603371944908e+01	  2.2688162185708694e+02	
  2.5800000000000000e+03	 7.0186085596113571e+01	  2.6650773325457772e+02	
  2.6100000000000000e+03	 6.4943402092509970e+01	  3.0517929026550615e+02	
  2.6400000000000000e+03	 6.5378780913399027e+01	  3.3122634569839374e+02	
  2.6700000000000000e+03	 9.1649400624841235e+01	  2.9552118736644042e+02	
  2.7000000000000000e+03	 1.0727624259363920e+02	  2.6594029142509191e+02	
  2.7300000000000000e+03	 1.3190760944079531e+02	  2.3402051886559943e+02	
  2.7600000000000000e+03	 1.4365100877316274e+02	  2.1763761927963208e+02	
  2.7900000000000000e+03	 1.6950711295919649e+02	  1.8335791858333963e+02	
  2.8200000000000000e+03	 1.9993616048408234e+02	  1.4481487183845897e+02	
  2.8500000000000000e+03	 2.1455298628933303e+02	  1.2225050652038026e+02	
  2.8800000000000000e+03	 2.3257236363399770e+02	  9.1305689906239095e+01	
  2.9100000000000000e+03	 2.6313801753751301e+02	  5.4993054670843570e+01	
  2.9400000000000000e+03	 2.8057587313877605e+02	  3.6843777794341641e+01	
  2.9700000000000000e+03	 2.9580535350216729e+02	  1.4173853621390030e+01	
  3.0000000000000000e+03	 3.1449158051771053e+02	  -1.8818918234376895e+01	
  3.0300000000000000e+03	 3.3861315743395869e+02	  -4.2921214199864139e+01	
  3.0600000000000000e+03	 3.4799219993791883e+02	  -5.9732137755021377e+01	
  3.0900000000000000e+03	 3.7146586379935439e+02	  -9.4268266536723075e+01	
  3.1200000000000000e+03	 3.8997021571070644e+02	  -1.1729024958730653e+02	
  3.1500000000000000e+03	 4.1523044084467011e+02	  -1.4868097225949850e+02	
  3.1800000000000000e+03	 4.2449106941904165e+02	  -1.6914519953399284e+02	
  3.2100000000000000e+03	 4.4189381895872447e+02	  -1.8942820794655734e+02	
  3.2400000000000000e+03	 4.5559975191108458e+02	  -2.1085375145035397e+02	
  3.2700000000000000e+03	 4.8288230307349602e+02	  -2.5132811774544152e+02	
  3.3000000000000000e+03	 4.9194074381729274e+02	  -2.6747324262828596e+02	
  3.3300000000000000e+03	 5.1129822803081009e+02	  -2.9285826930513821e+02	
  3.3600000000000000e+03	 5.2688791451975089e+02	  -3.1688311764139081e+02	
  3.3900000000000000e+03	 5.5766721806354076e+02	  -3.4491152285375415e+02	
  3.4200000000000000e+03	 5.7959498991815724e+02	  -3.6918575941130689e+02	
  3.4500000000000000e+03	 6.0123719505878012e+02	  -4.0317730150866089e+02	
  3.4800000000000000e+03	 6.1789161761928835e+02	  -4.1746305956066050e+02	
  3.5100000000000000e+03	 6.1597697373251492e+02	  -4.1915461596804153e+02	
  3.5400000000000000e+03	 6.1630134014373868e+02	  -4.2060230785937745e+02	
  3.5700000000000000e+03	 6.1456549959105905e+02	  -4.2052656180027321e+02	
  3.6000000000000000e+03	 6.1345361383340423e+02	  -4.2095083925843227e+02	
  3.6300000000000000e+03	 6.1260922800145045e+02	  -4.2165563397944510e+02	
  3.6600000000000000e+03	 6.1084920844162059e+02	  -4.2085410254141158e+02	
  3.6900000000000000e+03	 6.0338365515523640e+02	  -4.0463882640851006e+02	
  3.7200000000000000e+03	 5.7635800484229253e+02	  -3.5680353394348617e+02	
  3.7500000000000000e+03	 5.6235650527386838e+02	  -3.3361319192043555e+02	
  3.7800000000000000e+03	 5.5033739317631910e+02	  -3.1492552823136742e+02	
  3.8100000000000000e+03	 5.3199565706442070e+02	  -2.9037167938780618e+02	
  3.8400000000000000e+03	 5.0536170542726904e+02	  -2.5097414080166948e+02	
  3.8700000000000000e+03	 4.9033846940726937e+02	  -2.2915471450874495e+02	
  3.9000000000000000e+03	 4.7614495538452110e+02	  -1.9984188030235941e+02	
  3.9300000000000000e+03	 4.6288736330368818e+02	  -1.8355187968518754e+02	
  3.9600000000000000e+03	 4.5010269520165781e+02	  -1.5719781224886523e+02	
  3.9900000000000000e+03	 4.4030272308670885e+02	  -1.3587661093785610e+02	
  4.0200000000000000e+03	 4.1563245408805147e+02	  -9.4017259385056988e+01	
  4.0500000000000000e+03	 3.9620229646144145e+02	  -5.0952313450865631e+01	
  4.0800000000000000e+03	 3.6760075172100971e+02	  -5.6019298086913878e+00	
  4.1100000000000000e+03	 3.5258779949370944e+02	  2.4494919821488644e+01	
  4.1400000000000000e+03	 3.3358978746504573e+02	  6.2432613078297059e+01	
  4.1700000000000000e+03	 3.0673602488767074e+02	  1.0395915650461977e+02	
  4.2000000000000000e+03	 2.9017395819808723e+02	  1.3185924552770365e+02	
  4.2300000000000000e+03	 2.7589547639497164e+02	  1.5885891423092849e+02	
  4.2600000000000000e+03	 2.5765947523858290e+02	  1.8875639448333169e+02	
  4.2900000000000000e+03	 2.4195542776281340e+02	  2.1173909190384026e+02	
  4.3200000000000000e+03	 2.2917141718068109e+02	  2.3936559481538484e+02	
  4.3500000000000000e+03	 2.1343574063561445e+02	  2.6235771008700181e+02	
  4.3800000000000000e+03	 1.9963779739824199e+02	  2.8873325570188553e+02	
  4.4100000000000000e+03	 1.8440227260956308e+02	  3.0236797258396035e+02	
  4.4400000000000000e+03	 1.6495105748221599e+02	  3.3569132391045423e+02	
  4.4700000000000000e+03	 1.5233953104010615e+02	  3.6834366704758048e+02	
  4.5000000000000000e+03	 1.3851804556977163e+02	  3.8768287446032417e+02	
  4.5300000000000000e+03	 1.2822038286354231e+02	  4.1265891201852304e+02	
  4.5600000000000000e+03	 1.1804374314838493e+02	  4.3207659467246265e+02	
  4.5900000000000000e+03	 1.0513964667993078e+02	  4.5964622034611006e+02	
  4.6200000000000000e+03	 8.9457871762348489e+01	  4.9148197908028465e+02	
  4.6500000000000000e+03	 9.4487743204978628e+01	  4.6439746672584812e+02	
  4.6800000000000000e+03	 1.0890137239782570e+02	  4.2522802244268865e+02	
  4.7100000000000000e+03	 1.1540660249776548e+02	  3.9447672923619291e+02	
  4.7400000000000000e+03	 1.2613802720424256e+02	  3.5248963030944867e+02	
  4.7700000000000000e+03	 1.3261660816153926e+02	  3.2903826153439320e+02	
  4.8000000000000000e+03	 1.4484604322210180e+02	  2.8643834052803311e+02	
  4.8300000000000000e+03	 1.4996168699510417e+02	  2.6876707901767088e+02	
  4.8600000000000000e+03	 1.6083896861402573e+02	  2.3564610528104572e+02	
  4.8900000000000000e+03	 1.7389645262146254e+02	  1.9493130434168879e+02	
  4.9200000000000000e+03	 1.9241116379379486e+02	  1.5995736680729772e+02	
  4.9500000000000000e+03	 2.0096057906922439e+02	  1.3789068301983181e+02	
  4.9800000000000000e+03	 2.0874934324196641e+02	  1.0814494711818260e+02	
  5.0100000000000000e+03	 2.1537527970878077e+02	  7.5387827577757974e+01	
  5.0400000000000000e+03	 2.2857929966885283e+02	  4.1429771736388467e+01	
  5.0700000000000000e+03	 2.4589505570548431e+02	  -1.9393465797686460e+00	
  5.1000000000000000e+03	 2.6731154031575977e+02	  -5.1403961619053852e+01	
  5.1300000000000000e+03	 2.7457569082328678e+02	  -8.0725231775873681e+01	
  5.1600000000000000e+03	 2.8297213859753094e+02	  -1.1133158579020755e+02	
  5.1900000000000000e+03	 2.9633175109836287e+02	  -1.4231753215640393e+02	
  5.2200000000000000e+03	 3.1048439537995597e+02	  -1.7504503609460266e+02	
  5.2500000000000000e+03	 3.2562270519936038e+02	  -2.0911019148308608e+02	
  5.2800000000000000e+03	 3.3587889159852699e+02	  -2.4896113490726455e+02	
  5.3100000000000000e+03	 3.5433962540095587e+02	  -2.8224138521192396e+02	
  5.3400000000000000e+03	 3.6965318994619582e+02	  -3.1042882531065482e+02	
  5.3700000000000000e+03	 3.8241595623859104e+02	  -3.5373827269764803e+02	
  5.4000000000000000e+03	 3.9145758471677584e+02	  -3.9478642865622544e+02	
  5.4300000000000000e+03	 4.0193551376899546e+02	  -4.2378665408741949e+02	
  5.4600000000000000e+03	 4.1282703209668830e+02	  -4.5915911043567769e+02	
  5.4900000000000000e+03	 4.2614864977233970e+02	  -4.8638756588902447e+02	
  5.5200000000000000e+03	 4.1043601747030925e+02	  -4.5672833941650254e+02	
  5.5500000000000000e+03	 3.8486312038158269e+02	  -4.1134154911943665e+02	
  5.5800000000000000e+03	 3.6918662166740160e+02	  -3.7202167911229412e+02	
  5.6100000000000000e+03	 3.4896300738996655e+02	  -3.3349830240310928e+02	
  5.6400000000000000e+03	 3.6938717790456019e+02	  -2.9672483457930292e+02	
  5.6700000000000000e+03	 3.8876262494057414e+02	  -2.6044518039877107e+02	
  5.7000000000000000e+03	 4.1156651969711487e+02	  -2.2028205476142085e+02	
  5.7300000000000000e+03	 4.2856165509739060e+02	  -1.9902076016196781e+02	
  5.7600000000000000e+03	 4.4692891830044852e+02	  -1.6557167814400719e+02	
  5.7900000000000000e+03	 4.6368554634728446e+02	  -1.4108685456629215e+02	
  5.8200000000000000e+03	 4.7748099129101263e+02	  -1.0350460145926532e+02	
  5.8500000000000000e+03	 4.8709148931355270e+02	  -8.6456663142471598e+01	
  5.8800000000000000e+03	 5.0830781539533137e+02	  -4.6317661383700809e+01	
  5.9100000000000000e+03	 5.2349977751336985e+02	  -1.0535038323639412e+01	
  5.9400000000000000e+03	 5.4466731142788910e+02	  3.0041127540335765e+01	
  5.9700000000000000e+03	 5.5252367067403338e+02	  4.5786186407849840e+01	
  6.0000000000000000e+03	 5.7284223079757487e+02	  7.7839488823007571e+01	
  6.0300000000000000e+03	 5.8710553441860134e+02	  1.0204403993597990e+02	
  6.0600000000000000e+03	 5.9787532861861848e+02	  1.2158631295639944e+02	
  6.0900000000000000e+03	 6.1404568191717317e+02	  1.6823779909795672e+02	
  6.1200000000000000e+03	 6.2185259735270438e+02	  1.8483168345666331e+02	
  6.1500000000000000e+03	 6.3499875183990764e+02	  2.2013115580858087e+02	
  6.1800000000000000e+03	 6.4514358217207825e+02	  2.3717035256896514e+02	
  6.2100000000000000e+03	 6.5867417707911454e+02	  2.5974072789280820e+02	
  6.2400000000000000e+03	 6.7366056333732536e+02	  2.8268533594776255e+02	
  6.2700000000000000e+03	 6.8718390163589800e+02	  3.0900175446567749e+02	
  6.3000000000000000e+03	 6.9649111230244284e+02	  3.3175936879736321e+02	
  6.3300000000000000e+03	 7.1188860322176936e+02	  3.6617754174279673e+02	
  6.3600000000000000e+03	 6.6004444488439083e+02	  3.5899945061919249e+02	
  6.3900000000000000e+03	 6.1817329971923789e+02	  3.4943435086563915e+02	
  6.4200000000000000e+03	 5.7695380063298990e+02	  3.4577743164237813e+02	
  6.4500000000000000e+03	 5.4788673318112160e+02	  3.3915659896924916e+02	
  6.4800000000000000e+03	 5.2055720465841853e+02	  3.3144904738832770e+02	
  6.5100000000000000e+03	 4.8936314636253422e+02	  3.2231459115586080e+02	
  6.5400000000000000e+03	 4.5405150977006463e+02	  3.1405857359329190e+02	
  6.5700000000000000e+03	 4.2977998093479908e+02	  3.0872670517881204e+02	
  6.6000000000000000e+03	 4.0002121927619601e+02	  3.0613933250411026e+02	
  6.6300000000000000e+03	 3.6327126623013811e+02	  2.9769331157400023e+02	
  6.6600000000000000e+03	 3.3700976410924562e+02	  2.9326675154691964e+02	
  6.6900000000000000e+03	 3.1221151459199024e+02	  2.8690303134373289e+02	
  6.7200000000000000e+03	 2.8059036270184038e+02	  2.8533613623876118e+02	
  6.7500000000000000e+03	 2.3446618708138848e+02	  2.7967103504926513e+02	
  6.7800000000000000e+03	 2.0485713432020538e+02	  2.6941345599964598e+02	
  6.8100000000000000e+03	 1.6011928584959023e+02	  2.6611298006391388e+02	
  6.8400000000000000e+03	 1.3273419975899108e+02	  2.6510470312533215e+02	
  6.8700000000000000e+03	 9.4682855284031120e+01	  2.5956319651194707e+02	
  6.9000000000000000e+03	 6.6781420090673791e+01	  2.5517091232860085e+02	
  6.9300000000000000e+03	 3.0229564503759889e+01	  2.5068829188851984e+02	
  6.9600000000000000e+03	 -1.1681261248778171e+01	  2.4002321158270064e+02	
  6.9900000000000000e+03	 -3.5845510707611254e+01	  2.3647836905371821e+02	
  7.0200000000000000e+03	 -7.2648217747640302e+01	  2.3097565437591780e+02	
  7.0500000000000000e+03	 -9.4347956435488555e+01	  2.2390907691152489e+02	
  7.0800000000000000e+03	 -1.3548457794870711e+02	  2.1983467890409133e+02	
  7.1100000000000000e+03	 -1.6117995478308347e+02	  2.1198288252422554e+02	
  7.1400000000000000e+03	 -1.9845861000448468e+02	  2.0969195785120331e+02	
  7.1700000000000000e+03	 -2.4204011467450081e+02	  2.0076852491176467e+02	
  7.2000000000000000e+03	 -2.6208313182451872e+02	  1.9808704090095108e+02	
  7.2300000000000000e+03	 -2.8737250059227807e+02	  1.8931372164120359e+02	
  7.2600000000000000e+03	 -3.0897869638388374e+02	  1.8992635607368564e+02	
  7.2900000000000000e+03	 -3.3180355227973473e+02	  1.8015493761103073e+02	
  7.3200000000000000e+03	 -3.5457816756236997e+02	  1.7903456640983018e+02	
  7.3500000000000000e+03	 -3.8466366005321566e+02	  1.7273258848409725e+02	
  7.3800000000000000e+03	 -4.0293093884110607e+02	  1.6368878865995202e+02	
  7.4100000000000000e+03	 -4.4755660811914794e+02	  1.5522061955657915e+02	
  7.4400000000000000e+03	 -4.8813957873256379e+02	  1.4794530413849438e+02	
  7.4700000000000000e+03	 -5.1279077566805790e+02	  1.4137949512782109e+02	
  7.5000000000000000e+03	 -5.5664488125693072e+02	  1.3563078277161026e+02	
  7.5300000000000000e+03	 -6.0006930975996806e+02	  1.2904193065397999e+02	
  7.5600000000000000e+03	 -6.2854968452585183e+02	  1.1850310588572027e+02	
  7.5900000000000000e+03	 -6.6036555568378242e+02	  1.1689962645300463e+02	
  7.6200000000000000e+03	 -7.0321832591794953e+02	  1.0634216173543388e+02	
  7.6500000000000000e+03	 -7.4632313522548532e+02	  1.0052316905885981e+02	
  7.6800000000000000e+03	 -7.8745841289576128e+02	  9.0465660235094290e+01	
  7.7100000000000000e+03	 -8.2264292037680798e+02	  8.3028497015454207e+01	
  7.7400000000000000e+03	 -8.3343927882656521e+02	  7.6312640960817134e+01	
  7.7700000000000000e+03	 -8.3155203956808373e+02	  7.8159778524971685e+01	
  7.8000000000000000e+03	 -8.3260205195917354e+02	  7.9973551690759550e+01	
  7.8300000000000000e+03	 -8.3143344242345995e+02	  7.9341061025833881e+01	
  7.8600000000000000e+03	 -8.3009296640095249e+02	  7.7507654513514979e+01	
  7.8900000000000000e+03	 -8.2972656210216815e+02	  7.7025899114515354e+01	
  7.9200000000000000e+03	 -8.1136228719653639e+02	  1.0255796564132034e+02	
  7.9500000000000000e+03	 -7.8346724778603050e+02	  1.2514133187202022e+02	
  7.9800000000000000e+03	 -7.5366763040299850e+02	  1.5732084164686279e+02	
  8.0100000000000000e+03	 -7.2154150512510432e+02	  1.9293229081215586e+02	
  8.0400000000000000e+03	 -6.9739375037329773e+02	  2.1540573944306976e+02	
  8.0700000000000000e+03	 -6.8272762141100384e+02	  2.2838133825923288e+02	
  8.1000000000000000e+03	 -6.4375884329648738e+02	  2.6346345505723968e+02	
  8.1300000000000000e+03	 -6.2899680597466590e+02	  2.8251909897189933e+02	
  8.1600000000000000e+03	 -5.9416181012942695e+02	  3.1030015401214803e+02	
  8.1900000000000000e+03	 -5.7980191165482006e+02	  3.3214884339286675e+02	
  8.2200000000000000e+03	 -5.4772235110236261e+02	  3.6583303429948478e+02	
  8.2500000000000000e+03	 -5.2806074879965740e+02	  3.8076766441258252e+02	
  8.2800000000000000e+03	 -5.1320664955081406e+02	  3.9335803174756262e+02	
  8.3100000000000000e+03	 -4.9336009417087064e+02	  4.1077441992766711e+02	
  8.3400000000000000e+03	 -4.7536114897604614e+02	  4.3020879697157977e+02	
  8.3700000000000000e+03	 -4.4272091564616130e+02	  4.5676075497327662e+02	
  8.4000000000000000e+03	 -4.1366923856075772e+02	  4.7922003206137566e+02	
  8.4300000000000000e+03	 -3.9071370424060467e+02	  4.8988794461241594e+02	
  8.4600000000000000e+03	 -3.7451659117071472e+02	  5.0384530302089593e+02	
  8.4900000000000000e+03	 -3.7535018144384560e+02	  5.0402262321743461e+02	
  8.5200000000000000e+03	 -3.7734960989676233e+02	  5.0270926271913936e+02	
  8.5500000000000000e+03	 -3.7645288390564309e+02	  5.0466656450925086e+02	
  8.5800000000000000e+03	 -3.7741119559983463e+02	  5.0269358933330352e+02	
  8.6100000000000000e+03	 -3.7719785221718797e+02	  5.0239813310149009e+02	
  8.6400000000000000e+03	 -3.7610283235628310e+02	  5.0355686911513766e+02	
  8.6700000000000000e+03	 -3.7558646593581784e+02	  5.0164587396750534e+02	
  8.7000000000000000e+03	 -3.7370767967894579e+02	  5.0039180281893351e+02	
  8.7300000000000000e+03	 -3.6165013689194512e+02	  4.5484669065158045e+02	
  8.7600000000000000e+03	 -3.5591875930448731e+02	  4.2845220723671918e+02	
  8.7900000000000000e+03	 -3.4425787438793463e+02	  4.0170316125280158e+02	
  8.8200000000000000e+03	 -3.3693568526052354e+02	  3.7237897553692710e+02	
  8.8500000000000000e+03	 -3.2739621295785611e+02	  3.5115330416121697e+02	
  8.8800000000000000e+03	 -3.1775037067256346e+02	  3.2718603661568267e+02	
  8.9100000000000000e+03	 -3.1374930849655010e+02	  3.0293512988180339e+02	
  8.9400000000000000e+03	 -3.0129698923562142e+02	  2.6395821940389908e+02	
  8.9700000000000000e+03	 -2.9335330372658927e+02	  2.3784917794496721e+02	
  9.0000000000000000e+03	 -2.8099139226281284e+02	  1.9575662056224982e+02	
  9.0300000000000000e+03	 -2.6245676530598286e+02	  1.5532729106975884e+02	
  9.0600000000000000e+03	 -2.4863685000841750e+02	  1.3021604196874549e+02	
  9.0900000000000000e+03	 -2.2911966664220262e+02	  8.9759278432410582e+01	
  9.1200000000000000e+03	 -2.2201867652271389e+02	  6.8176447389232663e+01	
  9.1500000000000000e+03	 -2.1403814224474758e+02	  3.5086043557209699e+01	
  9.1800000000000000e+03	 -1.9704385922689443e+02	  -4.7630481001190290e+00	
  9.2100000000000000e+03	 -1.8319999741663139e+02	  -3.1556598049609651e+01	
  9.2400000000000000e+03	 -1.6824393180165663e+02	  -6.6654713340074892e+01	
  9.2700000000000000e+03	 -1.5557638179781674e+02	  -1.0450538349603887e+02	
  9.3000000000000000e+03	 -1.3989560986702369e+02	  -1.3599030171023503e+02	
  9.3300000000000000e+03	 -1.2885241849872386e+02	  -1.6438728814853891e+02	
  9.3600000000000000e+03	 -1.1984494911868268e+02	  -1.8491603303902576e+02	
  9.3900000000000000e+03	 -1.1004074629266553e+02	  -2.1284749933262151e+02	
  9.4200000000000000e+03	 -9.7086596416362440e+01	  -1.9680100989970856e+02	
  9.4500000000000000e+03	 -7.2852661913773900e+01	  -1.6613231195953040e+02	
  9.4800000000000000e+03	 -4.2827793167130480e+01	  -1.3135181855331581e+02	
  9.5100000000000000e+03	 -1.1474484550194347e+01	  -9.7631839563443009e+01	
  9.5400000000000000e+03	 5.9961252909781173e+00	  -7.5982734211950515e+01	
  9.5700000000000000e+03	 2.9442004837507486e+01	  -5.7362922326320430e+01	
  9.6000000000000000e+03	 5.1316650198164524e+01	  -3.9222478873181743e+01	
  9.6300000000000000e+03	 7.6233570670303379e+01	  -1.8501297616545266e+01	
  9.6600000000000000e+03	 9.5759677854829221e+01	  8.7137823267668999e+00	
  9.6900000000000000e+03	 1.1865139789166565e+02	  3.2755179977540152e+01	
  9.7200000000000000e+03	 1.4462970185806682e+02	  5.6187552536456330e+01	
  9.7500000000000000e+03	 1.7050850366425078e+02	  8.5415886129980549e+01	
  9.7800000000000000e+03	 1.9727638609424420e+02	  1.1975415648294489e+02	
  9.8100000000000000e+03	 2.1744187123432235e+02	  1.4708711359693353e+02	
  9.8400000000000000e+03	 2.4354458733675497e+02	  1.7829087395857289e+02	
  9.8700000000000000e+03	 2.6621704663448475e+02	  1.9876040074504309e+02	
  9.9000000000000000e+03	 3.0389121413423834e+02	  2.2940699357028041e+02	
  9.9300000000000000e+03	 3.2030348832321698e+02	  2.3948128425708327e+02	
  9.9600000000000000e+03	 3.2111039039508944e+02	  2.4052589827646821e+02	
  9.9900000000000000e+03	 3.1930768656488272e+02	  2.4250717369827206e+02	
  1.0020000000000000e+04	 3.2127062056692847e+02	  2.4079979266128794e+02	
  1.0050000000000000e+04	 3.2227525735624562e+02	  2.3960392875449293e+02	
  1.0080000000000000e+04	 3.0298298232557232e+02	  2.7160540863832205e+02	
  1.0110000000000000e+04	 2.6804527595800994e+02	  2.3429646696606301e+02	
  1.0140000000000000e+04	 2.3125306771777565e+02	  1.9871944132277972e+02	
  1.0170000000000000e+04	 2.1738151796285786e+02	  1.8604516909880510e+02	
  1.0200000000000000e+04	 1.9393330476076287e+02	  1.6278914913778809e+02	
  1.0230000000000000e+04	 1.6646827267137803e+02	  1.4034506818632963e+02	
  1.0260000000000000e+04	 1.3938533185012551e+02	  1.1794390066590033e+02	
  1.0290000000000000e+04	 1.1006537278567632e+02	  9.7841176632622648e+01	
  1.0320000000000000e+04	 8.9553427823268692e+01	  8.4052426937898773e+01	
  1.0350000000000000e+04	 5.6397549951319505e+01	  5.6815776952407319e+01	
  1.0380000000000000e+04	 3.2527093326535045e+01	  3.4920706999093731e+01	
  1.0410000000000000e+04	 1.5688706509438575e+00	  2.0398865309267048e+01	
  1.0440000000000000e+04	 -4.1031168538015308e+01	  -5.6640183632850416e+00	
  1.0470000000000000e+04	 -6.4488560444945037e+01	  -2.0086073495897018e+01	
  1.0500000000000000e+04	 -1.0539908499413886e+02	  -4.6076694260406597e+01	
  1.0530000000000000e+04	 -1.2497078179810619e+02	  -6.1728249552565501e+01	
  1.0560000000000000e+04	 -1.5870888727755576e+02	  -8.1104805202198605e+01	
  1.0590000000000000e+04	 -1.9007598271242983e+02	  -1.0259139114670808e+02	
  1.0620000000000000e+04	 -2.3526222021552178e+02	  -1.2218284291992450e+02	
  1.0650000000000000e+04	 -2.5198894490997776e+02	  -1.3076673964357519e+02	
  1.0680000000000000e+04	 -2.8497738510520321e+02	  -1.4999811190670121e+02	
  1.0710000000000000e+04	 -3.0713984062479534e+02	  -1.6758523678159503e+02	
  1.0740000000000000e+04	 -3.5040371080360967e+02	  -1.8595226754404456e+02	
  1.0770000000000000e+04	 -3.7994890984939485e+02	  -2.0364131972987244e+02	
  1.0800000000000000e+04	 -4.0071266607003486e+02	  -2.1420543407979505e+02	
  1.0830000000000000e+04	 -4.0024971887439267e+02	  -2.1570398333621813e+02	
  1.0860000000000000e+04	 -3.5445203066597890e+02	  -2.2580833829989550e+02	
  1.0890000000000000e+04	 -3.0773491351876646e+02	  -2.3529842397004668e+02	
  1.0920000000000000e+04	 -2.8613074397910276e+02	  -2.4155637543928765e+02	
  1.0950000000000000e+04	 -2.4134561661926199e+02	  -2.4943230723072082e+02	
  1.0980000000000000e+04	 -2.1132618184552723e+02	  -2.6044955469449872e+02	
  1.1010000000000000e+04	 -1.7818771113621241e+02	  -2.7145290994803986e+02	
  1.1040000000000000e+04	 -1.5434337955653982e+02	  -2.8034801197229751e+02	
  1.1070000000000000e+04	 -1.0239122820606541e+02	  -2.9015851863136407e+02	
  1.1100000000000000e+04	 -8.2706316146294597e+01	  -2.9365084095328609e+02	
  1.1130000000000000e+04	 -5.7990088603500091e+01	  -2.9460165959870199e+02	
  1.1160000000000000e+04	 -1.8955203601680573e+01	  -3.0379340043256349e+02	
  1.1190000000000000e+04	 7.7212689866994708e+00	  -3.0541766795395387e+02	
  1.1220000000000000e+04	 3.0905217571114818e+01	  -3.0565502206669680e+02	
  1.1250000000000000e+04	 7.1992245584408934e+01	  -3.1685984443328346e+02	
  1.1280000000000000e+04	 1.1806054954432349e+02	  -3.2620339510875885e+02	
  1.1310000000000000e+04	 1.5667447223749093e+02	  -3.3860792199802682e+02	
  1.1340000000000000e+04	 2.0184400957450652e+02	  -3.4319312804888631e+02	
  1.1370000000000000e+04	 2.2237015225650472e+02	  -3.4671690034752027e+02	
  1.1400000000000000e+04	 2.4695760172844948e+02	  -3.4736217191724495e+02	
  1.1430000000000000e+04	 2.6690308864275585e+02	  -3.5035615670250587e+02	
  1.1460000000000000e+04	 2.9641740528644931e+02	  -3.6113238316826119e+02	
  1.1490000000000000e+04	 3.3381826525939948e+02	  -3.6827981147084944e+02	
  1.1520000000000000e+04	 3.3427385817930195e+02	  -3.6970440232187264e+02	
  1.1550000000000000e+04	 3.0189848982439429e+02	  -3.5742600579084677e+02	
  1.1580000000000000e+04	 2.7532944370763573e+02	  -3.4633230860761307e+02	
  1.1610000000000000e+04	 2.4073482991573999e+02	  -3.3210079863410522e+02	
  1.1640000000000000e+04	 2.0987119526284084e+02	  -3.1831991144694337e+02	
  1.1670000000000000e+04	 1.8715305288728032e+02	  -3.0922798091510089e+02	
  1.1700000000000000e+04	 1.6661979234584851e+02	  -3.0270253964789390e+02	
  1.1730000000000000e+04	 1.4444084089365529e+02	  -2.9038895828826048e+02	
  1.1760000000000000e+04	 1.2549474827054260e+02	  -2.7963785615411069e+02	
  1.1790000000000000e+04	 9.0826452531922712e+01	  -2.6584662084607146e+02	
  1.1820000000000000e+04	 6.2546676183798084e+01	  -2.5748026364568813e+02	
  1.1850000000000000e+04	 4.2527340967634927e+01	  -2.4330274575874532e+02	
  1.1880000000000000e+04	 1.0260689566609926e+01	  -2.3063315764426738e+02	
  1.1910000000000000e+04	 -1.5234107469723678e+01	  -2.2263860169376917e+02	
  1.1940000000000000e+04	 -5.9588451304008927e+01	  -2.0605995912383341e+02	
  1.1970000000000000e+04	 -1.0325805911967764e+02	  -1.8994702562031665e+02	
  1.2000000000000000e+04	 -1.2841259602737807e+02	  -1.8112376683352747e+02	
  1.2030000000000000e+04	 -1.5460938860555069e+02	  -1.6950772795484338e+02	
  1.2060000000000000e+04	 -1.7867001006887352e+02	  -1.5786480878444968e+02	
  1.2090000000000000e+04	 -2.1317591346846751e+02	  -1.4517494216270239e+02	
  1.2120000000000000e+04	 -2.4775770654338285e+02	  -1.3292142435600206e+02	
  1.2150000000000000e+04	 -2.8791665740136176e+02	  -1.1780989543849245e+02	
  1.2180000000000000e+04	 -3.3691955270177664e+02	  -1.0029328192111859e+02	
  1.2210000000000000e+04	 -3.7419057546588908e+02	  -8.3558921436771143e+01	
  1.2240000000000000e+04	 -3.9984006138257735e+02	  -6.7363888116737513e+01	
  1.2270000000000000e+04	 -4.3785300084751037e+02	  -4.9282618314475009e+01	
  1.2300000000000000e+04	 -4.8097244013345727e+02	  -2.6737656456531372e+01	
  1.2330000000000000e+04	 -5.1367694122042974e+02	  -1.2265420824860689e+01	
  1.2360000000000000e+04	 -5.5071439937268099e+02	  5.2942935046838269e+00	
  1.2390000000000000e+04	 -5.9052846017873765e+02	  2.0095825665411283e+01	
  1.2420000000000000e+04	 -6.3484382956952777e+02	  3.3531016785279910e+01	
  1.2450000000000000e+04	 -6.7676058169780868e+02	  5.4992478923428095e+01	
  1.2480000000000000e+04	 -7.2206503226828761e+02	  7.5173844444937544e+01	
  1.2510000000000000e+04	 -7.6089992009805974e+02	  8.9551520409145127e+01	
  1.2540000000000000e+04	 -7.7638231551814636e+02	  9.7756682613955363e+01	
  1.2570000000000000e+04	 -8.1330249042171499e+02	  1.1654795368547541e+02	
  1.2600000000000000e+04	 -8.2901508974673959e+02	  1.1942585196847779e+02	
  1.2630000000000000e+04	 -8.2738390706047562e+02	  1.1825380980001219e+02	
  1.2660000000000000e+04	 -8.2783884990097636e+02	  1.1748995326189920e+02	
  1.2690000000000000e+04	 -8.2772011560422129e+02	  1.1732101716333796e+02	
  1.2720000000000000e+04	 -7.9279423254269921e+02	  9.2342704247216531e+01	
  1.2750000000000000e+04	 -7.6325028323715378e+02	  6.9133088737181509e+01	
  1.2780000000000000e+04	 -7.4123569938503510e+02	  6.0878578345799525e+01	
  1.2810000000000000e+04	 -7.2200633548316171e+02	  4.8500789073131962e+01	
  1.2840000000000000e+04	 -6.9978539140382088e+02	  2.9098153503128131e+01	
  1.2870000000000000e+04	 -6.7015349341608510e+02	  1.2807788471066061e+01	
  1.2900000000000000e+04	 -6.3262974915134419e+02	  -1.5209145131138833e+01	
  1.2930000000000000e+04	 -5.9660957478631576e+02	  -3.9618053452438645e+01	
  1.2960000000000000e+04	 -5.7712005137071094e+02	  -5.1849808908965002e+01	
  1.2990000000000000e+04	 -5.3592868340470056e+02	  -7.9687195711679294e+01	
  1.3020000000000000e+04	 -5.0023856906275364e+02	  -1.0279496176989964e+02	
  1.3050000000000000e+04	 -4.6451404393694929e+02	  -1.2897798269207044e+02	
  1.3080000000000000e+04	 -4.2284162567170074e+02	  -1.6032279758546437e+02	
  1.3110000000000000e+04	 -3.8511363261767133e+02	  -1.9504613811536080e+02	
  1.3140000000000000e+04	 -3.7663992079291955e+02	  -1.7007849476264414e+02	
  1.3170000000000000e+04	 -3.7769370055527048e+02	  -1.3899919723985010e+02	
  1.3200000000000000e+04	 -3.7451057228671505e+02	  -9.8736160299066057e+01	
  1.3230000000000000e+04	 -3.7343794330258493e+02	  -6.6960202147944656e+01	
  1.3260000000000000e+04	 -3.7031510820808103e+02	  -2.6465624655203662e+01	
  1.3290000000000000e+04	 -3.6367053846157671e+02	  1.2730747360709081e+01	
  1.3320000000000000e+04	 -3.6356423128615450e+02	  3.9828289692338643e+01	
  1.3350000000000000e+04	 -3.5357055122626366e+02	  8.7028443419871849e+01	
  1.3380000000000000e+04	 -3.5044332372509444e+02	  1.3026621899091009e+02	
  1.3410000000000000e+04	 -3.4543663808598114e+02	  1.7923514565421840e+02	
  1.3440000000000000e+04	 -3.3404560975632864e+02	  2.2690858136010522e+02	
  1.3470000000000000e+04	 -3.2545593488223477e+02	  2.6177663848008746e+02	
  1.3500000000000000e+04	 -3.1785019826317205e+02	  2.7981029100854045e+02	
  1.3530000000000000e+04	 -3.1908394809693374e+02	  2.9773890722256891e+02	
  1.3560000000000000e+04	 -3.1383377767621272e+02	  3.3388186369372693e+02	
  1.3590000000000000e+04	 -2.9944089692163891e+02	  3.1217670542839130e+02	
  1.3620000000000000e+04	 -2.7187595465739378e+02	  2.7000324253882542e+02	
  1.3650000000000000e+04	 -2.4875008041999666e+02	  2.3629720580785443e+02	
  1.3680000000000000e+04	 -2.2330692529479902e+02	  2.0482969711230203e+02	
  1.3710000000000000e+04	 -1.9742364538007848e+02	  1.7737218258235600e+02	
  1.3740000000000000e+04	 -1.6952095663932201e+02	  1.3536315374077611e+02	
  1.3770000000000000e+04	 -1.5248301300531122e+02	  1.1242843392880368e+02	
  1.3800000000000000e+04	 -1.3630326580687424e+02	  9.6333140586642031e+01	
  1.3830000000000000e+04	 -1.2293632253301223e+02	  7.7723063966065354e+01	
  1.3860000000000000e+04	 -9.2652861302160602e+01	  4.5942521056709339e+01	
  1.3890000000000000e+04	 -7.4200544701779876e+01	  2.7728840685979279e+01	
  1.3920000000000000e+04	 -5.4578610827537105e+01	  -7.8113798846861116e+00	
  1.3950000000000000e+04	 -3.8102934669987455e+01	  -3.2908733136456661e+01	
  1.3980000000000000e+04	 -1.0346667568281539e+01	  -6.9324677592261864e+01	
  1.4010000000000000e+04	 4.7845155161321653e+00	  -8.5062700775436809e+01	
  1.4040000000000000e+04	 2.7881451949457080e+01	  -1.2541114234175832e+02	
  1.4070000000000000e+04	 5.6924377226084836e+01	  -1.6641234139950933e+02	
  1.4100000000000000e+04	 7.8545149127624995e+01	  -1.9293123607415649e+02	
  1.4130000000000000e+04	 9.8414366013125147e+01	  -2.1427893080486123e+02	
  1.4160000000000000e+04	 1.2447401685103932e+02	  -2.5336096084949958e+02	
  1.4190000000000000e+04	 1.4341014504917308e+02	  -2.8124671979440507e+02	
  1.4220000000000000e+04	 1.5814943082121673e+02	  -3.0650151176499202e+02	
  1.4250000000000000e+04	 1.8436024509383563e+02	  -3.4268548093583343e+02	
  1.4280000000000000e+04	 2.0708076578995053e+02	  -3.7867401824984285e+02	
  1.4310000000000000e+04	 2.2287801700024249e+02	  -4.0904991748094875e+02	
  1.4340000000000000e+04	 2.2742224751012873e+02	  -4.0719560952749987e+02	
  1.4370000000000000e+04	 2.2739347519527223e+02	  -4.0828282485686708e+02	
  1.4400000000000000e+04	 2.2721264502550954e+02	  -4.0687882317959111e+02	
  1.4430000000000000e+04	 2.2638846747633656e+02	  -4.0532511621073627e+02	
  1.4460000000000000e+04	 2.2477894177905983e+02	  -4.0531078461495679e+02	
  1.4490000000000000e+04	 2.2467610164219440e+02	  -4.0401942747275132e+02	
  1.4520000000000000e+04	 2.2278545315791513e+02	  -4.0319161359645409e+02	
  1.4550000000000000e+04	 2.2369787231087037e+02	  -4.0497697953254368e+02	
  1.4580000000000000e+04	 2.2450207693999133e+02	  -4.0397011997464813e+02	
  1.4610000000000000e+04	 2.1072844095864966e+02	  -3.6674895964446648e+02	
  1.4640000000000000e+04	 1.9487448758263295e+02	  -3.2630449353898661e+02	
  1.4670000000000000e+04	 1.8367448764994731e+02	  -3.0246262082412494e+02	
  1.4700000000000000e+04	 1.6986671636535604e+02	  -2.7400312075742244e+02	
  1.4730000000000000e+04	 1.5775389500848829e+02	  -2.2900818272083393e+02	
  1.4760000000000000e+04	 1.4345257911854387e+02	  -1.8453659796192747e+02	
  1.4790000000000000e+04	 1.3140377404524426e+02	  -1.5565764776407963e+02	
  1.4820000000000000e+04	 1.1882997544644870e+02	  -1.2943439872296548e+02	
  1.4850000000000000e+04	 1.1004233096974764e+02	  -8.5543040400044205e+01	
  1.4880000000000000e+04	 1.0709240070386949e+02	  -5.8979022895366143e+01	
  1.4910000000000000e+04	 8.1152271330654514e+01	  -1.1745560946461168e+01	
  1.4940000000000000e+04	 7.0228882637167445e+01	  1.4533913475261016e+01	
  1.4970000000000000e+04	 4.8838288905765474e+01	  4.2968303467336241e+01	
  1.5000000000000000e+04	 2.7002266814677249e+01	  7.0782514284454408e+01	
  1.5030000000000000e+04	 6.6834961634622658e-01	  1.1105183017791867e+02	
  1.5060000000000000e+04	 -1.1812336566990409e+01	  1.3420363953796655e+02	
  1.5090000000000000e+04	 -3.6672108181194595e+01	  1.7350065043401850e+02	
  1.5120000000000000e+04	 -5.3457608948751314e+01	  2.0624538352895286e+02	
  1.5150000000000000e+04	 -7.0703844450302597e+01	  2.3988366786351423e+02	
  1.5180000000000000e+04	 -9.4352915764014611e+01	  2.7637960501769527e+02	
  1.5210000000000000e+04	 -1.0416268737366556e+02	  2.9415274224225982e+02	
  1.5240000000000000e+04	 -1.3046196047041406e+02	  3.3656820994928694e+02	
  1.5270000000000000e+04	 -1.4257370893304909e+02	  3.6474386121959265e+02	
  1.5300000000000000e+04	 -1.6493878739017697e+02	  4.0838926140480032e+02	
  1.5330000000000000e+04	 -1.8782174692380596e+02	  4.3041148860071252e+02	
  1.5360000000000000e+04	 -2.0753263414477209e+02	  4.6674776427520874e+02	
  1.5390000000000000e+04	 -2.3088114510598547e+02	  5.0709314339878637e+02	
  1.5420000000000000e+04	 -2.4975032716717152e+02	  5.4053556807735549e+02	
  1.5450000000000000e+04	 -2.2931032706629276e+02	  5.0053684767531655e+02	
  1.5480000000000000e+04	 -2.1244397158311412e+02	  4.7516189697956401e+02	
  1.5510000000000000e+04	 -2.0366558861853039e+02	  4.5540757864433414e+02	
  1.5540000000000000e+04	 -1.8558704252681741e+02	  4.1293425971296494e+02	
  1.5570000000000000e+04	 -1.7620612062926372e+02	  3.9462522022261163e+02	
  1.5600000000000000e+04	 -1.6320028378027052e+02	  3.7840495926273900e+02	
  1.5630000000000000e+04	 -1.4222706401330095e+02	  3.3874418736097908e+02	
  1.5660000000000000e+04	 -1.2763643570816967e+02	  3.0124119611081562e+02	
  1.5690000000000000e+04	 -1.0479736835571575e+02	  2.5545596757533647e+02	
  1.5720000000000000e+04	 -9.3313137164792636e+01	  2.2394099867308421e+02	
  1.5750000000000000e+04	 -8.2938343117841882e+01	  1.9710795893388797e+02	
  1.5780000000000000e+04	 -6.2170083425691629e+01	  1.5677274805901484e+02	
  1.5810000000000000e+04	 -4.9426867136687740e+01	  1.1954733168603011e+02	
  1.5840000000000000e+04	 -3.7379766568807582e+01	  9.7931775870096331e+01	
  1.5870000000000000e+04	 -1.9343973653022388e+01	  7.2456981834737974e+01	
  1.5900000000000000e+04	 -1.2559857068552844e+00	  3.4130903826366769e+01	
  1.5930000000000000e+04	 1.1864611607108744e+01	  -2.5689712531704032e+00	
  1.5960000000000000e+04	 2.5551453083866086e+01	  -3.1231127805749413e+01	
  1.5990000000000000e+04	 4.0260443355603854e+01	  -6.4031594124350306e+01	
  1.6020000000000000e+04	 5.0765819882643747e+01	  -8.4483933582916805e+01	
  1.6050000000000000e+04	 6.2204254859627156e+01	  -1.1615095420198134e+02	
  1.6080000000000000e+04	 7.9921107623281003e+01	  -1.5249920606932272e+02	
  1.6110000000000000e+04	 1.0026377891306412e+02	  -1.8504543646656407e+02	
  1.6140000000000000e+04	 1.0087333134792387e+02	  -1.8987674931248429e+02	
  1.6170000000000000e+04	 1.0248141404596606e+02	  -1.9000030923353853e+02	
  1.6200000000000000e+04	 1.0243505051566216e+02	  -1.8851152587146285e+02	
  1.6230000000000000e+04	 1.0113611491979491e+02	  -1.8869494122364276e+02	
  1.6260000000000000e+04	 9.9329975860652212e+01	  -1.8933538834011281e+02	
  1.6290000000000000e+04	 9.8733490686796074e+01	  -1.8764579498172390e+02	
  1.6320000000000000e+04	 9.9108795222392615e+01	  -1.8945740367105239e+02	
  1.6350000000000000e+04	 6.0292799619754547e+01	  -1.8190086485511341e+02	
  1.6380000000000000e+04	 1.6954220730137017e+01	  -1.7529639916670914e+02	
  1.6410000000000000e+04	 -2.1243398515553942e+01	  -1.7391610085539364e+02	
  1.6440000000000000e+04	 -6.0644270545890556e+01	  -1.7054884841244098e+02	
  1.6470000000000000e+04	 -8.8884698810463078e+01	  -1.7030979635490957e+02	
  1.6500000000000000e+04	 -1.3178980351848355e+02	  -1.6281818679500179e+02	
  1.6530000000000000e+04	 -1.8135517985845775e+02	  -1.6117184757085286e+02	
  1.6560000000000000e+04	 -2.2467922038069906e+02	  -1.5993864748081512e+02	
  1.6590000000000000e+04	 -2.4696414233048179e+02	  -1.5823324057032471e+02	
  1.6620000000000000e+04	 -2.6753149133976308e+02	  -1.5406415478191309e+02	
  1.6650000000000000e+04	 -2.9030945733783437e+02	  -1.5269949023921032e+02	
  1.6680000000000000e+04	 -3.2641432265048513e+02	  -1.4747445345408505e+02	
  1.6710000000000000e+04	 -3.6052640598252339e+02	  -1.4804035399174779e+02	
  1.6740000000000000e+04	 -3.9201534401403649e+02	  -1.4279636957993441e+02	
  1.6770000000000000e+04	 -4.3025163434937093e+02	  -1.3990432558640060e+02	
  1.6800000000000000e+04	 -4.5635563032934942e+02	  -1.3803951357102451e+02	
  1.6830000000000000e+04	 -4.3341773241835239e+02	  -1.4177913445166973e+02	
  1.6860000000000000e+04	 -3.9047746372215613e+02	  -1.5307932893846248e+02	
  1.6890000000000000e+04	 -3.6149985376139836e+02	  -1.5558207722785997e+02	
  1.6920000000000000e+04	 -3.4381687115603330e+02	  -1.5608569587994376e+02	
  1.6950000000000000e+04	 -3.1568582973584324e+02	  -1.6412048665486347e+02	
  1.6980000000000000e+04	 -2.6845762551531732e+02	  -1.7498543807107217e+02	
  1.7010000000000000e+04	 -2.2781185870934578e+02	  -1.7931287863001890e+02	
  1.7040000000000000e+04	 -1.8310160266170564e+02	  -1.9375398839910420e+02	
  1.7070000000000000e+04	 -1.4237469515489857e+02	  -2.0252870775665198e+02	
  1.7100000000000000e+04	 -1.0177530390581735e+02	  -2.1027658494676038e+02	
  1.7130000000000000e+04	 -5.8580313240784839e+01	  -2.1981967686267120e+02	
  1.7160000000000000e+04	 -3.5122630897586944e+01	  -2.2078477520055745e+02	
  1.7190000000000000e+04	 -4.4777516792990539e+00	  -2.2923108873213076e+02	
  1.7220000000000000e+04	 2.2354883559078111e+01	  -2.3494858205394269e+02	
  1.7250000000000000e+04	 6.7576718594746325e+01	  -2.4774219054768264e+02	
  1.7280000000000000e+04	 9.2953486207005710e+01	  -2.5728062238368852e+02	
  1.7310000000000000e+04	 1.2102061537018947e+02	  -2.6616674620294265e+02	
  1.7340000000000000e+04	 1.4891212688927354e+02	  -2.7457186889017652e+02	
  1.7370000000000000e+04	 1.9040375961356386e+02	  -2.8073350304580913e+02	
  1.7400000000000000e+04	 2.1438665266926711e+02	  -2.9025106966787627e+02	
  1.7430000000000000e+04	 2.3844729445585804e+02	  -2.9949696217818644e+02	
  1.7460000000000000e+04	 2.6711892651205608e+02	  -3.0613716775837355e+02	
  1.7490000000000000e+04	 3.0714193216094912e+02	  -3.1204135849588278e+02	
  1.7520000000000000e+04	 3.3974727022094663e+02	  -3.2002175236989848e+02	
  1.7550000000000000e+04	 3.6914783464695472e+02	  -3.3059044308360706e+02	
  1.7580000000000000e+04	 3.9366510177155288e+02	  -3.3281024137383827e+02	
  1.7610000000000000e+04	 4.2241382746596008e+02	  -3.3446342632006764e+02	
  1.7640000000000000e+04	 4.4758224259469557e+02	  -3.4436901702373967e+02	
  1.7670000000000000e+04	 4.6460139038519412e+02	  -3.5061251571052139e+02	
  1.7700000000000000e+04	 5.0480667265197445e+02	  -3.6026934334225496e+02	
  1.7730000000000000e+04	 4.8139281615493286e+02	  -3.5548577444047123e+02	
  1.7760000000000000e+04	 4.5764754347348156e+02	  -3.4768767326129915e+02	
  1.7790000000000000e+04	 4.1648425691650459e+02	  -3.2563728697358368e+02	
  1.7820000000000000e+04	 3.6810551968731977e+02	  -3.0827977465699593e+02	
  1.7850000000000000e+04	 3.4542944883407989e+02	  -3.0184684539622276e+02	
  1.7880000000000000e+04	 3.1978336277197752e+02	  -2.9011156381209275e+02	
  1.7910000000000000e+04	 3.0297554908964082e+02	  -2.7867456218800669e+02	
  1.7940000000000000e+04	 2.5641973953071988e+02	  -2.5789272975954077e+02	
  1.7970000000000000e+04	 2.3060007608068523e+02	  -2.4259046840647719e+02	
  1.8000000000000000e+04	 1.9341852558276935e+02	  -2.2956518474897712e+02	
  1.8030000000000000e+04	 1.5939594754566608e+02	  -2.1567090381003359e+02	
  1.8060000000000000e+04	 1.3688263412865427e+02	  -2.0382256103489149e+02	
  1.8090000000000000e+04	 9.8570920888533351e+01	  -1.8671004775905658e+02	
  1.8120000000000000e+04	 7.4160146073234884e+01	  -1.7492984366873407e+02	
  1.8150000000000000e+04	 3.9871330965762432e+01	  -1.6409232462567613e+02	
  1.8180000000000000e+04	 8.6448647222245860e+00	  -1.5430471618808264e+02	
  1.8210000000000000e+04	 -1.0992079446811726e+01	  -1.5050225453057067e+02	
  1.8240000000000000e+04	 -3.6961912469491182e+01	  -1.4129156428486343e+02	
  1.8270000000000000e+04	 -7.8859826486189036e+01	  -1.2927080678535771e+02	
  1.8300000000000000e+04	 -1.2076758505376739e+02	  -1.1336603339887299e+02	
  1.8330000000000000e+04	 -1.3970743416413001e+02	  -1.0514098346983222e+02	
  1.8360000000000000e+04	 -1.7091932740890732e+02	  -9.2621836601966081e+01	
  1.8390000000000000e+04	 -2.1037856596109719e+02	  -8.0253113401969600e+01	
  1.8420000000000000e+04	 -2.4041003553955557e+02	  -6.6679130763800885e+01	
  1.8450000000000000e+04	 -2.6462106699561213e+02	  -5.3762021144443942e+01	
  1.8480000000000000e+04	 -2.8363040329383091e+02	  -4.7645758248198561e+01	
  1.8510000000000000e+04	 -3.1745770645705034e+02	  -3.8535237621574026e+01	
  1.8540000000000000e+04	 -3.5970461727490232e+02	  -1.9081759679465968e+01	
  1.8570000000000000e+04	 -3.7674539217611419e+02	  -6.3762707729619983e+00	
  1.8600000000000000e+04	 -4.0831337377320472e+02	  1.0308872156809262e+01	
  1.8630000000000000e+04	 -4.3202198340447387e+02	  1.9303847543240714e+01	
  1.8660000000000000e+04	 -4.5927178385345650e+02	  3.2461649223195380e+01	
  1.8690000000000000e+04	 -4.9811160537946864e+02	  4.1271697283796357e+01	
  1.8720000000000000e+04	 -5.3624302632311651e+02	  5.7341835635250391e+01	
  1.8750000000000000e+04	 -5.7157598651407818e+02	  7.2417425073839084e+01	
  1.8780000000000000e+04	 -5.9771647856656023e+02	  7.9310941093725575e+01	
  1.8810000000000000e+04	 -6.3090880774291543e+02	  8.7674338457553390e+01	
  1.8840000000000000e+04	 -6.5210295696518403e+02	  9.8373570237779489e+01	
  1.8870000000000000e+04	 -6.7073357133620448e+02	  1.1155245383092783e+02	
  1.8900000000000000e+04	 -7.0004731425040529e+02	  1.2449901677322832e+02	
  1.8930000000000000e+04	 -6.8340246311585850e+02	  1.1311519161653757e+02	
  1.8960000000000000e+04	 -6.6778836882458870e+02	  9.8996070562632156e+01	
  1.8990000000000000e+04	 -6.4722740870393648e+02	  8.0236658682337151e+01	
  1.9020000000000000e+04	 -6.1703001245722248e+02	  5.3950331260839846e+01	
  1.9050000000000000e+04	 -5.7572568850619405e+02	  2.3695155101305186e+01	
