  0.0000000000000000e+00	 -4.6353983563257941e+02	  4.0729664930792268e+02	
  3.0000000000000000e+01	 -4.2633651977501216e+02	  4.1316565321276073e+02	
  6.0000000000000000e+01	 -3.8853824799607276e+02	  4.2216972305815528e+02	
  9.0000000000000000e+01	 -3.3644879663103256e+02	  4.2331354481847512e+02	
  1.2000000000000000e+02	 -2.8744878409456800e+02	  4.2505316835690462e+02	
  1.5000000000000000e+02	 -2.6922394300886589e+02	  4.2785499160112062e+02	
  1.8000000000000000e+02	 -2.3734547064691509e+02	  4.2844198338104883e+02	
  2.1000000000000000e+02	 -1.9681091135011570e+02	  4.3435312770327397e+02	
  2.4000000000000000e+02	 -1.5755725217166292e+02	  4.3485334729771699e+02	
  2.7000000000000000e+02	 -1.2737406968407031e+02	  4.4048657775647763e+02	
  3.0000000000000000e+02	 -8.5826944529703411e+01	  4.4489403588629335e+02	
  3.3000000000000000e+02	 -4.4346834291860461e+01	  4.5264914773127435e+02	
  3.6000000000000000e+02	 -3.3634386581610229e+00	  4.6117655426751082e+02	
  3.9000000000000000e+02	 4.5539627915502450e+01	  4.6039540011085239e+02	
  4.2000000000000000e+02	 6.9852546615717898e+01	  4.6755823751054584e+02	
  4.5000000000000000e+02	 1.2071993690882979e+02	  4.7090895248059667e+02	
  4.8000000000000000e+02	 1.5785582053089627e+02	  4.7027318043077418e+02	
  5.1000000000000000e+02	 1.9217366040392233e+02	  4.7717885580946745e+02	
  5.4000000000000000e+02	 2.2651437358564502e+02	  4.7807718273453531e+02	
  5.7000000000000000e+02	 2.2770643326303860e+02	  4.7993889351858610e+02	
  6.0000000000000000e+02	 2.2671578991606148e+02	  4.8157612351177011e+02	
  6.3000000000000000e+02	 2.2627510041609293e+02	  4.8263607755365439e+02	
  6.6000000000000000e+02	 1.9757719270759415e+02	  4.5582180904168831e+02	
  6.9000000000000000e+02	 1.7168648212315520e+02	  4.2566682010076596e+02	
  7.2000000000000000e+02	 1.4677767248815556e+02	  4.0570829272656880e+02	
  7.5000000000000000e+02	 1.2665835642464640e+02	  3.7987672266300387e+02	
  7.8000000000000000e+02	 9.4918267278175179e+01	  3.4281647205303943e+02	
  8.1000000000000000e+02	 8.0368887951713390e+01	  3.2225295006139152e+02	
  8.4000000000000000e+02	 6.1113462458211110e+01	  3.0396152199847734e+02	
  8.7000000000000000e+02	 4.1253386798538187e+01	  2.7819114823084089e+02	
  9.0000000000000000e+02	 1.3259453136061914e+01	  2.5068261469651361e+02	
  9.3000000000000000e+02	 -5.9243520914930059e+00	  2.3189883890792490e+02	
  9.6000000000000000e+02	 -2.0319439024243206e+01	  2.1593115611294402e+02	
  9.9000000000000000e+02	 -4.3195091766983268e+01	  1.8753394153827213e+02	
  1.0200000000000000e+03	 -7.1880184245467120e+01	  1.5225803028620425e+02	
  1.0500000000000000e+03	 -9.1235283815413382e+01	  1.2004426729818687e+02	
  1.0800000000000000e+03	 -1.0864942429656037e+02	  1.0255479510100010e+02	
  1.1100000000000000e+03	 -1.2706996616259983e+02	  7.4360234052779788e+01	
  1.1400000000000000e+03	 -1.4627065838840252e+02	  4.8071667547765500e+01	
  1.1700000000000000e+03	 -1.6272714380589184e+02	  3.0315085288017325e+01	
  1.2000000000000000e+03	 -1.8506286158182235e+02	  -2.5778400515009245e+00	
  1.2300000000000000e+03	 -1.7449842676056446e+02	  -2.0042575048473939e+01	
  1.2600000000000000e+03	 -1.6500679488631823e+02	  -4.1197283494835496e+01	
  1.2900000000000000e+03	 -1.4598129118208684e+02	  -6.4399496716853434e+01	
  1.3200000000000000e+03	 -1.2495068333076948e+02	  -8.8170290033146358e+01	
  1.3500000000000000e+03	 -1.0725126078018408e+02	  -1.1340245959593290e+02	
  1.3800000000000000e+03	 -9.3459692807636230e+01	  -1.4326199720250816e+02	
  1.4100000000000000e+03	 -6.7324956237302644e+01	  -1.8619452317433866e+02	
  1.4400000000000000e+03	 -5.5499343265789605e+01	  -2.0859156920506445e+02	
  1.4700000000000000e+03	 -4.1287977550086765e+01	  -2.3815666562150125e+02	
  1.5000000000000000e+03	 -1.8435292111684969e+01	  -2.7626896427868604e+02	
  1.5300000000000000e+03	 1.7885923056443751e+00	  -3.0535838048199145e+02	
  1.5600000000000000e+03	 2.0542210140349003e+01	  -3.3095493853319311e+02	
  1.5900000000000000e+03	 4.4547171074005618e+01	  -3.6282890001567728e+02	
  1.6200000000000000e+03	 6.1771283002753478e+01	  -3.9492879877741217e+02	
  1.6500000000000000e+03	 8.1751857934131735e+01	  -4.2287444632754330e+02	
  1.6800000000000000e+03	 1.0117959916673320e+02	  -4.3964747788478502e+02	
  1.7100000000000000e+03	 1.2080676999582377e+02	  -4.7482418504680442e+02	
  1.7400000000000000e+03	 1.4481133557613242e+02	  -5.1703279335217724e+02	
  1.7700000000000000e+03	 1.5762906083994054e+02	  -5.3801065352305966e+02	
  1.8000000000000000e+03	 1.6757764172562338e+02	  -5.4635626077599386e+02	
  1.8300000000000000e+03	 1.6612720303411291e+02	  -5.4798469237387837e+02	
  1.8600000000000000e+03	 1.6776123748216190e+02	  -5.4949792990218884e+02	
  1.8900000000000000e+03	 1.6693680470824319e+02	  -5.5023284960566218e+02	
  1.9200000000000000e+03	 1.6807397429399094e+02	  -5.4882109536524820e+02	
  1.9500000000000000e+03	 1.6800706627796922e+02	  -5.4690289788238931e+02	
  1.9800000000000000e+03	 1.7585339453917658e+02	  -5.2729202503536169e+02	
  2.0100000000000000e+03	 1.8880418875124604e+02	  -4.9176362978398333e+02	
  2.0400000000000000e+03	 1.9902585478296308e+02	  -4.5825312735558919e+02	
  2.0700000000000000e+03	 2.1669307878859769e+02	  -4.2262233837372503e+02	
  2.1000000000000000e+03	 2.2109791219467644e+02	  -3.9605210659454781e+02	
  2.1300000000000000e+03	 2.2736937700176401e+02	  -3.6786687007547289e+02	
  2.1600000000000000e+03	 2.4138945472055374e+02	  -3.2315173764890062e+02	
  2.1900000000000000e+03	 2.5090529010877236e+02	  -2.9146731397434144e+02	
  2.2200000000000000e+03	 2.5751707051955890e+02	  -2.6587140847541252e+02	
  2.2500000000000000e+03	 2.7322567407366455e+02	  -2.2624725841505887e+02	
  2.2800000000000000e+03	 2.9356441684916456e+02	  -1.8657450495314629e+02	
  2.3100000000000000e+03	 3.1020322925336637e+02	  -1.3777582081865796e+02	
  2.3400000000000000e+03	 3.2327514794185959e+02	  -1.0981665569722193e+02	
  2.3700000000000000e+03	 3.4042425875118818e+02	  -7.8428471238996650e+01	
  2.4000000000000000e+03	 3.5921477911828646e+02	  -3.8674203915513992e+01	
  2.4300000000000000e+03	 3.6901069135644383e+02	  -6.2187582466582398e+00	
  2.4600000000000000e+03	 3.8001224745430972e+02	  2.9467324423467140e+01	
  2.4900000000000000e+03	 3.9593640346543020e+02	  6.5896377402347852e+01	
  2.5200000000000000e+03	 4.0903041008172448e+02	  9.1926543902802990e+01	
  2.5500000000000000e+03	 4.2009510412692657e+02	  1.1307659778844838e+02	
  2.5800000000000000e+03	 4.2861720279502583e+02	  1.4628419323238020e+02	
  2.6100000000000000e+03	 4.4380149987056711e+02	  1.7286073228743223e+02	
  2.6400000000000000e+03	 4.5092484120425911e+02	  1.8992240607112552e+02	
  2.6700000000000000e+03	 4.6553881846223408e+02	  2.3157278641167815e+02	
  2.7000000000000000e+03	 4.7922236966139667e+02	  2.5676286107885403e+02	
  2.7300000000000000e+03	 4.9037877502524918e+02	  2.9324724877093297e+02	
  2.7600000000000000e+03	 4.9003830289033942e+02	  2.9435769057785228e+02	
  2.7900000000000000e+03	 4.9147320567959645e+02	  2.9446840751618134e+02	
  2.8200000000000000e+03	 4.9052626394770550e+02	  2.9318088145590286e+02	
  2.8500000000000000e+03	 4.8907724620924336e+02	  2.9410566043380027e+02	
  2.8800000000000000e+03	 4.8948465759938080e+02	  2.9549532823504552e+02	
  2.9100000000000000e+03	 4.8863047205553880e+02	  2.9384070954658569e+02	
  2.9400000000000000e+03	 4.8812831229735514e+02	  2.9367504861349340e+02	
  2.9700000000000000e+03	 4.8673553243902131e+02	  2.9286818977864357e+02	
  3.0000000000000000e+03	 4.7410397866355129e+02	  2.7023987052655332e+02	
  3.0300000000000000e+03	 4.6554775137617327e+02	  2.2703489094353989e+02	
  3.0600000000000000e+03	 4.5465725653841730e+02	  1.8320930723577612e+02	
  3.0900000000000000e+03	 4.4261761171891283e+02	  1.6298928191023975e+02	
  3.1200000000000000e+03	 4.3207817891626649e+02	  1.4387783301704022e+02	
  3.1500000000000000e+03	 4.1778906777818850e+02	  1.0129881464964713e+02	
  3.1800000000000000e+03	 4.0793176260353920e+02	  7.0855370562862248e+01	
  3.2100000000000000e+03	 3.9912418219431891e+02	  2.1207722774020965e+01	
  3.2400000000000000e+03	 3.8891256194164316e+02	  -9.3252072514807836e+00	
  3.2700000000000000e+03	 3.7583978120166955e+02	  -4.7405640008827476e+01	
  3.3000000000000000e+03	 3.6564428221402238e+02	  -8.5976404135101589e+01	
  3.3300000000000000e+03	 3.5054586791875010e+02	  -1.3378792147788656e+02	
  3.3600000000000000e+03	 3.4457164141747643e+02	  -1.6557169814810393e+02	
  3.3900000000000000e+03	 3.3827025114965090e+02	  -1.7367360548406111e+02	
  3.4200000000000000e+03	 3.3786401682158152e+02	  -1.7344563160017148e+02	
  3.4500000000000000e+03	 3.3933037652156918e+02	  -1.7188342689368463e+02	
  3.4800000000000000e+03	 3.4040628966163507e+02	  -1.7064439715428796e+02	
  3.5100000000000000e+03	 3.4185491957335597e+02	  -1.7196530106258825e+02	
  3.5400000000000000e+03	 3.4006557207955660e+02	  -1.7025330088032786e+02	
  3.5700000000000000e+03	 3.4125547781645008e+02	  -1.6841424052952755e+02	
  3.6000000000000000e+03	 3.3928761239866913e+02	  -1.6926113822975591e+02	
  3.6300000000000000e+03	 3.1334755534804503e+02	  -1.3371713352350457e+02	
  3.6600000000000000e+03	 2.8829137358442358e+02	  -1.1253456955235981e+02	
  3.6900000000000000e+03	 2.5803490042715498e+02	  -7.4996607759828336e+01	
  3.7200000000000000e+03	 2.3965630512304705e+02	  -5.8940055778301783e+01	
  3.7500000000000000e+03	 2.2104133394549271e+02	  -4.1285674473704930e+01	
  3.7800000000000000e+03	 1.9194547447269184e+02	  -9.0051671700437481e+00	
  3.8100000000000000e+03	 1.6687301539096413e+02	  1.4924297694260865e+01	
  3.8400000000000000e+03	 1.4408395063257748e+02	  3.4337500366835492e+01	
  3.8700000000000000e+03	 1.1509911796029223e+02	  6.9032649032959711e+01	
  3.9000000000000000e+03	 9.5640316758580965e+01	  8.3058899425870209e+01	
  3.9300000000000000e+03	 8.0233962150612157e+01	  1.0123608177380581e+02	
  3.9600000000000000e+03	 5.3848564736884619e+01	  1.2331142144346916e+02	
  3.9900000000000000e+03	 3.7103262432450983e+01	  1.3747616578237361e+02	
  4.0200000000000000e+03	 1.5191898302430904e+01	  1.6447310790168115e+02	
  4.0500000000000000e+03	 -9.9226000207995320e+00	  1.9131030841442941e+02	
  4.0800000000000000e+03	 -2.9240879316453931e+01	  2.1756521039587068e+02	
  4.1100000000000000e+03	 -4.9201004552833027e+01	  2.4531070772377848e+02	
  4.1400000000000000e+03	 -6.2707312542636089e+01	  2.5989279194475830e+02	
  4.1700000000000000e+03	 -8.6547455951359410e+01	  2.7984507469864786e+02	
  4.2000000000000000e+03	 -4.8954255073141383e+01	  2.7186599605703600e+02	
  4.2300000000000000e+03	 -1.7034057691108163e+01	  2.6125979587788385e+02	
  4.2600000000000000e+03	 2.2912502070784665e+01	  2.5582920008010385e+02	
  4.2900000000000000e+03	 5.1840361999826129e+01	  2.5046340483937280e+02	
  4.3200000000000000e+03	 9.4355084209484886e+01	  2.3896660944451335e+02	
  4.3500000000000000e+03	 1.2418995304650332e+02	  2.3130782569602835e+02	
  4.3800000000000000e+03	 1.5208800807628182e+02	  2.3189747793463653e+02	
  4.4100000000000000e+03	 1.8763942161363676e+02	  2.2943751099697764e+02	
  4.4400000000000000e+03	 2.1944823203633086e+02	  2.1777952062373561e+02	
  4.4700000000000000e+03	 2.6071036359858300e+02	  2.0464320324181080e+02	
  4.5000000000000000e+03	 2.8818020275797284e+02	  1.9749657054500764e+02	
  4.5300000000000000e+03	 3.2337311003900430e+02	  1.8838597594360664e+02	
  4.5600000000000000e+03	 3.6659426857657638e+02	  1.7884369243477093e+02	
  4.5900000000000000e+03	 3.7215204885725359e+02	  1.3274760599556168e+02	
  4.6200000000000000e+03	 3.7320931315452748e+02	  8.8018023325083192e+01	
  4.6500000000000000e+03	 3.7939729342614913e+02	  6.8863111714008909e+01	
  4.6800000000000000e+03	 3.8089263223134134e+02	  4.4885886374078737e+01	
  4.7100000000000000e+03	 3.8861750506749945e+02	  1.2762249795446841e+01	
  4.7400000000000000e+03	 3.9301920348146348e+02	  -1.8164214478501307e+01	
  4.7700000000000000e+03	 3.9355980673592109e+02	  -6.3377851321285327e+01	
  4.8000000000000000e+03	 3.9409319689754682e+02	  -8.9380906939832144e+01	
  4.8300000000000000e+03	 4.0027065560946664e+02	  -1.0614422924014875e+02	
  4.8600000000000000e+03	 3.9920262389395288e+02	  -1.0711300285949778e+02	
  4.8900000000000000e+03	 3.9952603331243165e+02	  -1.0868703048007247e+02	
  4.9200000000000000e+03	 4.0064632019262501e+02	  -1.1062743687217228e+02	
  4.9500000000000000e+03	 3.9905482891414067e+02	  -1.1206003304691330e+02	
  4.9800000000000000e+03	 3.9756880297397601e+02	  -1.1057843204794348e+02	
  5.0100000000000000e+03	 3.9612261226711524e+02	  -1.1083474969361988e+02	
  5.0400000000000000e+03	 3.7203443055796737e+02	  -1.3581707344181760e+02	
  5.0700000000000000e+03	 3.5385026629121114e+02	  -1.5969533803174286e+02	
  5.1000000000000000e+03	 3.3653518162687493e+02	  -1.7541091549007521e+02	
  5.1300000000000000e+03	 3.0824999933076509e+02	  -2.0566031077000264e+02	
  5.1600000000000000e+03	 2.9238338270902761e+02	  -2.2203154986541367e+02	
  5.1900000000000000e+03	 2.6960950451871759e+02	  -2.4045421450755751e+02	
  5.2200000000000000e+03	 2.4309140174355460e+02	  -2.6499917623951615e+02	
  5.2500000000000000e+03	 2.2231260861475687e+02	  -2.8370915753103719e+02	
  5.2800000000000000e+03	 1.8475622971432682e+02	  -3.1536439007437707e+02	
  5.3100000000000000e+03	 1.5568022810074072e+02	  -3.4188802572248892e+02	
  5.3400000000000000e+03	 1.2836587271185144e+02	  -3.5957533991756907e+02	
  5.3700000000000000e+03	 9.2604917294587310e+01	  -3.8831495785476875e+02	
  5.4000000000000000e+03	 6.1959178328452381e+01	  -4.1823646163863896e+02	
  5.4300000000000000e+03	 3.7227383318356743e+01	  -4.4010920614275227e+02	
  5.4600000000000000e+03	 1.6002714566401622e+01	  -4.6068511049287281e+02	
  5.4900000000000000e+03	 -3.9223143911775402e+00	  -4.8390153064812392e+02	
  5.5200000000000000e+03	 4.1254919012075774e+01	  -4.6693519098923218e+02	
  5.5500000000000000e+03	 8.2492625966700501e+01	  -4.5578863105528092e+02	
  5.5800000000000000e+03	 1.0877684235774559e+02	  -4.4688650805535531e+02	
  5.6100000000000000e+03	 1.4535333122611854e+02	  -4.3344048560392105e+02	
  5.6400000000000000e+03	 1.9399386119985013e+02	  -4.1880209184623425e+02	
  5.6700000000000000e+03	 2.3102544549648439e+02	  -3.9807353806401403e+02	
  5.7000000000000000e+03	 2.6650498102390839e+02	  -3.8774208163933707e+02	
  5.7300000000000000e+03	 2.9267790453941910e+02	  -3.7674081626662036e+02	
  5.7600000000000000e+03	 3.1700238095739559e+02	  -3.6848707978175707e+02	
  5.7900000000000000e+03	 3.3125407878562260e+02	  -3.6198289963646664e+02	
  5.8200000000000000e+03	 3.3118566399388169e+02	  -3.6005429569028252e+02	
  5.8500000000000000e+03	 3.3170378344432174e+02	  -3.5904272423584558e+02	
  5.8800000000000000e+03	 3.3071720261309605e+02	  -3.5925613296549380e+02	
  5.9100000000000000e+03	 3.2936501851614861e+02	  -3.5738952073132384e+02	
  5.9400000000000000e+03	 3.3082602847520116e+02	  -3.5921277111667126e+02	
  5.9700000000000000e+03	 3.3082542678797387e+02	  -3.5996182450340075e+02	
  6.0000000000000000e+03	 3.3031097285480752e+02	  -3.5860384470461787e+02	
  6.0300000000000000e+03	 3.3151881095222632e+02	  -3.6030018268058041e+02	
  6.0600000000000000e+03	 3.3111698748418434e+02	  -3.1631263166648347e+02	
  6.0900000000000000e+03	 3.2742345389532085e+02	  -2.7189249558185452e+02	
  6.1200000000000000e+03	 3.2491092915588905e+02	  -2.3426197179392159e+02	
  6.1500000000000000e+03	 3.2064099461299998e+02	  -1.8096349486461585e+02	
  6.1800000000000000e+03	 3.1895779506138911e+02	  -1.4040001662429924e+02	
  6.2100000000000000e+03	 3.1728951387929567e+02	  -9.6656861802040396e+01	
  6.2400000000000000e+03	 3.1350513029715148e+02	  -5.5576683646747540e+01	
  6.2700000000000000e+03	 3.1095132912549479e+02	  -2.2643006872207117e+01	
  6.3000000000000000e+03	 3.0596197500555581e+02	  9.6318265438664739e+00	
  6.3300000000000000e+03	 3.0325350532688100e+02	  3.9024487355430978e+01	
  6.3600000000000000e+03	 3.0169523312969289e+02	  7.6685793188552111e+01	
  6.3900000000000000e+03	 2.9644473838077874e+02	  8.8172019285002534e+01	
  6.4200000000000000e+03	 2.9817905253754901e+02	  8.7869602192175833e+01	
  6.4500000000000000e+03	 2.9719922782733425e+02	  8.8465085989690522e+01	
  6.4800000000000000e+03	 2.9918625845673199e+02	  8.7211858932066917e+01	
  6.5100000000000000e+03	 2.9754677522195141e+02	  8.7153637432850530e+01	
  6.5400000000000000e+03	 2.9840032620740453e+02	  8.9106480203032618e+01	
  6.5700000000000000e+03	 2.6231124227222779e+02	  1.1182621317698202e+02	
  6.6000000000000000e+03	 2.2924057194022458e+02	  1.3413616621631002e+02	
  6.6300000000000000e+03	 2.1621191577804856e+02	  1.4841493875119448e+02	
  6.6600000000000000e+03	 1.8099848324013260e+02	  1.7058129843953847e+02	
  6.6900000000000000e+03	 1.6272267910410775e+02	  1.8575380934098592e+02	
  6.7200000000000000e+03	 1.4250367840601075e+02	  1.9418957410130264e+02	
  6.7500000000000000e+03	 1.2526817044969077e+02	  2.0349312913592456e+02	
  6.7800000000000000e+03	 9.0568579600856481e+01	  2.1921161226011952e+02	
  6.8100000000000000e+03	 7.2445591650951016e+01	  2.3456183619097567e+02	
  6.8400000000000000e+03	 3.6373267886803397e+01	  2.5904000961583114e+02	
  6.8700000000000000e+03	 -5.2640174521258842e+00	  2.8031235457267866e+02	
  6.9000000000000000e+03	 -4.8807289691213740e+01	  3.0316485055357896e+02	
  6.9300000000000000e+03	 -7.2729756146989828e+01	  3.1610208351984517e+02	
  6.9600000000000000e+03	 -9.4662142010163862e+01	  3.3586199617810365e+02	
  6.9900000000000000e+03	 -1.0802158146156559e+02	  3.4980335022153253e+02	
  7.0200000000000000e+03	 -1.0115233118871772e+02	  3.2160145237212413e+02	
  7.0500000000000000e+03	 -8.8470672699520364e+01	  2.8174941839616491e+02	
  7.0800000000000000e+03	 -7.0012386177698886e+01	  2.3664287772309510e+02	
  7.1100000000000000e+03	 -6.0195692986001120e+01	  1.9731443707232509e+02	
  7.1400000000000000e+03	 -4.9784260762639960e+01	  1.7400756631932188e+02	
  7.1700000000000000e+03	 -4.0711644815126910e+01	  1.3745290788197417e+02	
  7.2000000000000000e+03	 -3.9353650303496117e+01	  1.1844513341179274e+02	
  7.2300000000000000e+03	 -3.3467668696616172e+01	  1.0189235284975697e+02	
  7.2600000000000000e+03	 -2.1177830966382082e+01	  5.5955716012927049e+01	
  7.2900000000000000e+03	 -1.1845470706932371e+01	  2.6617522819188572e+01	
  7.3200000000000000e+03	 -1.3697586190958795e+00	  -1.2409154284795896e+01	
  7.3500000000000000e+03	 3.5465246139713607e+00	  -3.5879792979044723e+01	
  7.3800000000000000e+03	 1.5878252619721998e+01	  -6.3647121782131997e+01	
  7.4100000000000000e+03	 2.9260516045942900e+01	  -1.0025308151387296e+02	
  7.4400000000000000e+03	 4.0098589775021992e+01	  -1.4415552477653725e+02	
  7.4700000000000000e+03	 5.3852045961810546e+01	  -1.8807488029100398e+02	
  7.5000000000000000e+03	 6.2884689711651248e+01	  -2.1364221204394599e+02	
  7.5300000000000000e+03	 7.6377415265467718e+01	  -2.5288556765957063e+02	
  7.5600000000000000e+03	 8.3887040497924914e+01	  -2.8901002365177288e+02	
  7.5900000000000000e+03	 9.6995563135657122e+01	  -3.2446066579527633e+02	
  7.6200000000000000e+03	 1.1106181673771171e+02	  -3.7264236761852709e+02	
  7.6500000000000000e+03	 1.2287836862145188e+02	  -4.0018877723256679e+02	
  7.6800000000000000e+03	 1.3419920292699160e+02	  -4.2991727076490389e+02	
  7.7100000000000000e+03	 1.4876975758196571e+02	  -4.8009126428859543e+02	
  7.7400000000000000e+03	 1.6195537893207910e+02	  -5.2231487362094390e+02	
  7.7700000000000000e+03	 1.6752585710329194e+02	  -5.4311950016175115e+02	
  7.8000000000000000e+03	 1.6981694795670364e+02	  -5.6262667149732113e+02	
  7.8300000000000000e+03	 1.8608090810191052e+02	  -5.8645694620518691e+02	
  7.8600000000000000e+03	 1.8691170431004048e+02	  -6.0647334834442222e+02	
  7.8900000000000000e+03	 1.6494622413851278e+02	  -5.8216964445060069e+02	
  7.9200000000000000e+03	 1.3371946119238160e+02	  -5.4899973074976526e+02	
  7.9500000000000000e+03	 9.9534080048595428e+01	  -5.1044698280738970e+02	
  7.9800000000000000e+03	 8.2528739306052785e+01	  -4.9166960449959566e+02	
  8.0100000000000000e+03	 5.3950356732300939e+01	  -4.5556231133645213e+02	
  8.0400000000000000e+03	 2.8171848933998437e+01	  -4.2304242098570370e+02	
  8.0700000000000000e+03	 -7.9241927009292112e-02	  -3.9067680799936545e+02	
  8.1000000000000000e+03	 -2.7197659316024950e+01	  -3.5493582018733701e+02	
  8.1300000000000000e+03	 -3.9678669733001463e+01	  -3.3560018511474999e+02	
  8.1600000000000000e+03	 -5.6823071525135930e+01	  -3.2024953402058867e+02	
  8.1900000000000000e+03	 -9.1666242640245940e+01	  -2.8167028712978220e+02	
  8.2200000000000000e+03	 -1.0538327808142139e+02	  -2.6546126077526543e+02	
  8.2500000000000000e+03	 -1.2240833287185933e+02	  -2.3911909988953258e+02	
  8.2800000000000000e+03	 -1.5403949096947065e+02	  -1.9935061958625829e+02	
  8.3100000000000000e+03	 -1.6404584282299803e+02	  -1.7770364821518143e+02	
  8.3400000000000000e+03	 -1.9044441628543910e+02	  -1.4818302599226755e+02	
  8.3700000000000000e+03	 -2.1857328760346493e+02	  -1.1730497588041220e+02	
  8.4000000000000000e+03	 -2.3566150207756471e+02	  -9.2892133645625250e+01	
  8.4300000000000000e+03	 -2.5793136896917196e+02	  -7.1606512209644308e+01	
  8.4600000000000000e+03	 -2.8183469849024726e+02	  -3.8799700094035231e+01	
  8.4900000000000000e+03	 -2.9636585017687315e+02	  -1.4980590660507318e+01	
  8.5200000000000000e+03	 -3.0963006837242131e+02	  7.2584018328947053e-01	
  8.5500000000000000e+03	 -3.3483334129970319e+02	  2.8997392464813242e+01	
  8.5800000000000000e+03	 -3.5362234288429192e+02	  6.0411289284352868e+01	
  8.6100000000000000e+03	 -3.7356815341451414e+02	  9.1077739527502658e+01	
  8.6400000000000000e+03	 -3.8937654375909716e+02	  1.0587799850320758e+02	
  8.6700000000000000e+03	 -4.1163850874927806e+02	  1.3027969273858298e+02	
  8.7000000000000000e+03	 -4.3063403238464201e+02	  1.5838686180724264e+02	
  8.7300000000000000e+03	 -4.4986282321563192e+02	  1.8297908360837343e+02	
  8.7600000000000000e+03	 -4.7565268199917585e+02	  2.1365779241748231e+02	
  8.7900000000000000e+03	 -5.0132404446859169e+02	  2.5224829358248820e+02	
  8.8200000000000000e+03	 -5.2845672488716070e+02	  2.9528479399050951e+02	
  8.8500000000000000e+03	 -5.5616202264699473e+02	  3.2352177549873795e+02	
  8.8800000000000000e+03	 -5.7213775631882083e+02	  3.4844270394427292e+02	
  8.9100000000000000e+03	 -5.9947409216295682e+02	  3.7833040186824934e+02	
  8.9400000000000000e+03	 -6.1389840147571124e+02	  3.9439664535308543e+02	
  8.9700000000000000e+03	 -6.3321067818227004e+02	  4.1755337394514544e+02	
  9.0000000000000000e+03	 -6.5409509634026585e+02	  4.4378347046020326e+02	
  9.0300000000000000e+03	 -6.8814248535218394e+02	  4.7845551732780143e+02	
  9.0600000000000000e+03	 -7.1687845849617236e+02	  5.1033103100589852e+02	
  9.0900000000000000e+03	 -7.4088179445112348e+02	  5.3857470526681175e+02	
  9.1200000000000000e+03	 -7.5973566561893438e+02	  5.7102514988342716e+02	
  9.1500000000000000e+03	 -7.7534955408579435e+02	  5.9651207806660091e+02	
  9.1800000000000000e+03	 -7.7538221669331551e+02	  5.9835614305688898e+02	
  9.2100000000000000e+03	 -7.7437370445483691e+02	  5.9830513533162514e+02	
  9.2400000000000000e+03	 -7.4197097543579162e+02	  5.6797244766458368e+02	
  9.2700000000000000e+03	 -7.1664989070585091e+02	  5.4558254181088546e+02	
  9.3000000000000000e+03	 -6.9522249691079401e+02	  5.2280893076407881e+02	
  9.3300000000000000e+03	 -6.7122211123237992e+02	  5.0437741416399291e+02	
  9.3600000000000000e+03	 -6.5157357774165268e+02	  4.8933483217983820e+02	
  9.3900000000000000e+03	 -6.2253419240388109e+02	  4.6571319199823586e+02	
  9.4200000000000000e+03	 -5.9095970464737968e+02	  4.3347431411550349e+02	
  9.4500000000000000e+03	 -5.6895671090727660e+02	  4.1402035230553236e+02	
  9.4800000000000000e+03	 -5.4589230422149376e+02	  3.9723174801928775e+02	
  9.5100000000000000e+03	 -5.1802646286664321e+02	  3.7377502358719124e+02	
  9.5400000000000000e+03	 -5.0221249305685484e+02	  3.6043701709517779e+02	
  9.5700000000000000e+03	 -4.7171399148369329e+02	  3.3262799812534496e+02	
  9.6000000000000000e+03	 -4.3435938652530456e+02	  3.0386982165686169e+02	
  9.6300000000000000e+03	 -4.1498580182887770e+02	  2.7687920276707365e+02	
  9.6600000000000000e+03	 -3.8002849574803071e+02	  2.4484578304884988e+02	
  9.6900000000000000e+03	 -3.6379268237482313e+02	  2.3401747904527880e+02	
  9.7200000000000000e+03	 -3.3913748076874867e+02	  2.0984890312875308e+02	
  9.7500000000000000e+03	 -3.1734730827242663e+02	  1.9277394725285788e+02	
  9.7800000000000000e+03	 -2.9516321385103674e+02	  1.6861221285626704e+02	
  9.8100000000000000e+03	 -2.7564122039934159e+02	  1.5550433747174151e+02	
  9.8400000000000000e+03	 -2.5272515922920249e+02	  1.3469505767157088e+02	
  9.8700000000000000e+03	 -2.3221047938529239e+02	  1.1457332076636244e+02	
  9.9000000000000000e+03	 -2.1504671079139109e+02	  9.4920350676377168e+01	
  9.9300000000000000e+03	 -1.8646500258020740e+02	  6.6942166507918159e+01	
  9.9600000000000000e+03	 -1.5769704954768409e+02	  3.2827737476468386e+01	
  9.9900000000000000e+03	 -1.3040340246584884e+02	  -5.1329432543403470e+00	
  1.0020000000000000e+04	 -1.1215551094731966e+02	  -2.8013720742149879e+01	
  1.0050000000000000e+04	 -8.8006515204664154e+01	  -5.4665986091906404e+01	
  1.0080000000000000e+04	 -5.5181280329233481e+01	  -8.7600003809305733e+01	
  1.0110000000000000e+04	 -3.2779294776171326e+01	  -1.1537014985640572e+02	
  1.0140000000000000e+04	 -1.6546409606659473e+01	  -1.3049698118916510e+02	
  1.0170000000000000e+04	 6.1119895524611145e+00	  -1.6051063194161915e+02	
  1.0200000000000000e+04	 2.7284919051603236e+01	  -1.8016329485222028e+02	
  1.0230000000000000e+04	 5.6693393020960343e+01	  -2.0780272381790792e+02	
  1.0260000000000000e+04	 1.4579448295129197e+01	  -2.2415427330735341e+02	
  1.0290000000000000e+04	 -1.2720405991596749e+01	  -2.3159408635660944e+02	
  1.0320000000000000e+04	 -4.5919702428977800e+01	  -2.4812563455521646e+02	
  1.0350000000000000e+04	 -8.2860191563177054e+01	  -2.5989533323442151e+02	
  1.0380000000000000e+04	 -1.2191413586556178e+02	  -2.7488957956868830e+02	
  1.0410000000000000e+04	 -1.6196598306637298e+02	  -2.9038002653124818e+02	
  1.0440000000000000e+04	 -1.9876734880161834e+02	  -3.0270707308125361e+02	
  1.0470000000000000e+04	 -2.1416698586273461e+02	  -3.0555953217520630e+02	
  1.0500000000000000e+04	 -2.4196548380650398e+02	  -3.1368457494009363e+02	
  1.0530000000000000e+04	 -2.8887666739152121e+02	  -3.3210163110024433e+02	
  1.0560000000000000e+04	 -3.0975591104854527e+02	  -3.4373690027167004e+02	
  1.0590000000000000e+04	 -3.3367403490362187e+02	  -3.4895240536483448e+02	
  1.0620000000000000e+04	 -3.5489088602819754e+02	  -3.5436031064703741e+02	
  1.0650000000000000e+04	 -3.8354617418452574e+02	  -3.6196614023637392e+02	
  1.0680000000000000e+04	 -4.1087638322947942e+02	  -3.7812357258753786e+02	
  1.0710000000000000e+04	 -4.4743757525032225e+02	  -3.8577118873001837e+02	
  1.0740000000000000e+04	 -4.5431678237838577e+02	  -3.8901816889468603e+02	
  1.0770000000000000e+04	 -4.5368379504105110e+02	  -3.9017397986772693e+02	
  1.0800000000000000e+04	 -4.5284985527863461e+02	  -3.9013957784442829e+02	
  1.0830000000000000e+04	 -4.5195762993235030e+02	  -3.9165730333267521e+02	
  1.0860000000000000e+04	 -4.5286965371699995e+02	  -3.9365603128156687e+02	
  1.0890000000000000e+04	 -4.5282364523343045e+02	  -3.9473976605687221e+02	
  1.0920000000000000e+04	 -4.5253754943106640e+02	  -3.9346343130347418e+02	
  1.0950000000000000e+04	 -4.8477788306225295e+02	  -4.2921470443539317e+02	
  1.0980000000000000e+04	 -5.0893470136262420e+02	  -4.5470301920488612e+02	
  1.1010000000000000e+04	 -5.2391593621234119e+02	  -4.7193853929979150e+02	
  1.1040000000000000e+04	 -5.3810381578053580e+02	  -4.8852997845820511e+02	
  1.1070000000000000e+04	 -5.7200130539965369e+02	  -5.2151297124853079e+02	
  1.1100000000000000e+04	 -6.0106852223119915e+02	  -5.4420212239312616e+02	
  1.1130000000000000e+04	 -6.3114542887242408e+02	  -5.6870715543227402e+02	
  1.1160000000000000e+04	 -6.4346666304050734e+02	  -5.7968042808642338e+02	
  1.1190000000000000e+04	 -6.7466223039482168e+02	  -5.9919836442280973e+02	
  1.1220000000000000e+04	 -7.0289145925971002e+02	  -6.3016754811308135e+02	
  1.1250000000000000e+04	 -7.3268310040530855e+02	  -6.4920101202098431e+02	
  1.1280000000000000e+04	 -7.4682810210670073e+02	  -6.6356506965193103e+02	
  1.1310000000000000e+04	 -7.5963921303245957e+02	  -6.7532643481738864e+02	
  1.1340000000000000e+04	 -7.9369884503711444e+02	  -7.0594572054759556e+02	
  1.1370000000000000e+04	 -8.1016510411523086e+02	  -7.2056602833900865e+02	
  1.1400000000000000e+04	 -8.3493809440108089e+02	  -7.4776670989725983e+02	
  1.1430000000000000e+04	 -8.6365562056622275e+02	  -7.6961684515098216e+02	
  1.1460000000000000e+04	 -8.6255668402899380e+02	  -7.6787075771692957e+02	
  1.1490000000000000e+04	 -8.6143997758687908e+02	  -7.6790610632941832e+02	
  1.1520000000000000e+04	 -8.4864937630083455e+02	  -7.4852466727958119e+02	
  1.1550000000000000e+04	 -8.3147135216485231e+02	  -7.2026313715443598e+02	
  1.1580000000000000e+04	 -8.0630756303171040e+02	  -6.8745812027073498e+02	
  1.1610000000000000e+04	 -7.7861498011578908e+02	  -6.5105566816683472e+02	
  1.1640000000000000e+04	 -7.5292253918447966e+02	  -6.2163001326142319e+02	
  1.1670000000000000e+04	 -7.1982593744098915e+02	  -5.9122004968717329e+02	
  1.1700000000000000e+04	 -6.9019718152487781e+02	  -5.5804190276051452e+02	
  1.1730000000000000e+04	 -6.6254432719029796e+02	  -5.2717463668554706e+02	
  1.1760000000000000e+04	 -6.4573317267644723e+02	  -5.0611738807663875e+02	
  1.1790000000000000e+04	 -6.1735955078286349e+02	  -4.7960051622841200e+02	
  1.1820000000000000e+04	 -5.9648986536477673e+02	  -4.5841442914757386e+02	
  1.1850000000000000e+04	 -5.7435570109589764e+02	  -4.3422308856988917e+02	
  1.1880000000000000e+04	 -5.4870040087745087e+02	  -4.0185593977887436e+02	
  1.1910000000000000e+04	 -5.1795362351571043e+02	  -3.7044621050276766e+02	
  1.1940000000000000e+04	 -5.0243965569294431e+02	  -3.5028877697939163e+02	
  1.1970000000000000e+04	 -4.7490060620658028e+02	  -3.2282731530964287e+02	
  1.2000000000000000e+04	 -4.4933257535665524e+02	  -2.9431035975652077e+02	
  1.2030000000000000e+04	 -4.2088040680839646e+02	  -2.5620843002587162e+02	
  1.2060000000000000e+04	 -4.0807859823393454e+02	  -2.3854927727606844e+02	
  1.2090000000000000e+04	 -3.8593033765076029e+02	  -2.2078352088771203e+02	
  1.2120000000000000e+04	 -3.5425009700074997e+02	  -1.8566431704505672e+02	
  1.2150000000000000e+04	 -3.3069082914490843e+02	  -1.5653938723771219e+02	
  1.2180000000000000e+04	 -3.0997505113392810e+02	  -1.3110894420438751e+02	
  1.2210000000000000e+04	 -2.9029321691130821e+02	  -9.9689240717696592e+01	
  1.2240000000000000e+04	 -2.5786389140023653e+02	  -6.8086303665315157e+01	
  1.2270000000000000e+04	 -2.2486692931780473e+02	  -2.6138914665930855e+01	
  1.2300000000000000e+04	 -2.0646621266126567e+02	  -1.2783682798930336e+00	
  1.2330000000000000e+04	 -1.8583553979593245e+02	  2.5632290071111345e+01	
  1.2360000000000000e+04	 -1.6212001770295623e+02	  5.8362741943625835e+01	
  1.2390000000000000e+04	 -1.3885598740671645e+02	  8.5956119610972181e+01	
  1.2420000000000000e+04	 -1.1304638805954808e+02	  1.2456129595962979e+02	
  1.2450000000000000e+04	 -8.9111971421477364e+01	  1.5328147877042386e+02	
  1.2480000000000000e+04	 -6.2833407473554701e+01	  1.8366055776136716e+02	
  1.2510000000000000e+04	 -4.8328487727188417e+01	  1.9604382189075955e+02	
  1.2540000000000000e+04	 -2.5818261068072246e+01	  2.2400952542169603e+02	
  1.2570000000000000e+04	 5.3497907828766813e+00	  2.5179376328215369e+02	
  1.2600000000000000e+04	 2.1274223675745692e+01	  2.7066496127440172e+02	
  1.2630000000000000e+04	 4.5204267391403505e+01	  2.9869321132489944e+02	
  1.2660000000000000e+04	 7.0353722281632770e+01	  3.2829107223522493e+02	
  1.2690000000000000e+04	 9.1384446128955702e+01	  3.5428316880954452e+02	
  1.2720000000000000e+04	 1.0996701550658565e+02	  3.7786274270247606e+02	
  1.2750000000000000e+04	 1.2325845780174201e+02	  3.9611468579996819e+02	
  1.2780000000000000e+04	 1.2190887924029464e+02	  3.9465376968167999e+02	
  1.2810000000000000e+04	 1.2019993630966451e+02	  3.9613426366550334e+02	
  1.2840000000000000e+04	 1.2102019244600127e+02	  3.9741596664793695e+02	
  1.2870000000000000e+04	 1.1942813280380477e+02	  3.9685417795919125e+02	
  1.2900000000000000e+04	 1.2075188058429963e+02	  3.9807223548298782e+02	
  1.2930000000000000e+04	 1.0272952196411624e+02	  3.9401504211749881e+02	
  1.2960000000000000e+04	 7.1635991599176720e+01	  3.8317878649209439e+02	
  1.2990000000000000e+04	 3.6459191348536848e+01	  3.7585867278886394e+02	
  1.3020000000000000e+04	 -9.1338979219743379e+00	  3.6611999474242208e+02	
  1.3050000000000000e+04	 -3.5963528862301494e+01	  3.5685742799877403e+02	
  1.3080000000000000e+04	 -8.4080297161902365e+01	  3.4755695855106154e+02	
  1.3110000000000000e+04	 -1.2122476565058341e+02	  3.3544679277243790e+02	
  1.3140000000000000e+04	 -1.4226218038297782e+02	  3.3128300819272908e+02	
  1.3170000000000000e+04	 -1.6197466732184336e+02	  3.2632853858617585e+02	
  1.3200000000000000e+04	 -1.8737153349661378e+02	  3.2474040601416021e+02	
  1.3230000000000000e+04	 -1.9963218063006985e+02	  3.2230703831540200e+02	
  1.3260000000000000e+04	 -2.0151307712373554e+02	  3.2370054372898102e+02	
  1.3290000000000000e+04	 -2.0183132350723560e+02	  3.2275716690380142e+02	
  1.3320000000000000e+04	 -2.0083785365754858e+02	  3.2262293716566035e+02	
  1.3350000000000000e+04	 -1.9980365351522511e+02	  3.2151443040430564e+02	
  1.3380000000000000e+04	 -2.0083341119643725e+02	  3.2046746415613541e+02	
  1.3410000000000000e+04	 -2.0122738798481350e+02	  3.2146200689483379e+02	
  1.3440000000000000e+04	 -2.3201733652898503e+02	  2.7912733334092871e+02	
  1.3470000000000000e+04	 -2.5566478147870993e+02	  2.5503730259159920e+02	
  1.3500000000000000e+04	 -2.7550479210572161e+02	  2.2990058301190385e+02	
  1.3530000000000000e+04	 -2.9556149458125259e+02	  1.9976121145442343e+02	
  1.3560000000000000e+04	 -3.1478210410055988e+02	  1.7705415161546784e+02	
  1.3590000000000000e+04	 -3.4217848847238042e+02	  1.4898252709397801e+02	
  1.3620000000000000e+04	 -3.6419150231219083e+02	  1.2605545749030965e+02	
  1.3650000000000000e+04	 -3.7869947137921059e+02	  9.8963235768167664e+01	
  1.3680000000000000e+04	 -3.4765669473999958e+02	  1.2936447425935162e+02	
  1.3710000000000000e+04	 -3.1499388973397981e+02	  1.5704426291535245e+02	
  1.3740000000000000e+04	 -2.8351602703405086e+02	  1.7706845505565354e+02	
  1.3770000000000000e+04	 -2.5824485513827676e+02	  2.0348887579900557e+02	
  1.3800000000000000e+04	 -2.4214024835891220e+02	  2.1488008651278412e+02	
  1.3830000000000000e+04	 -2.0842476443474851e+02	  2.4176426509441805e+02	
  1.3860000000000000e+04	 -1.7113447956288684e+02	  2.7191114684755769e+02	
  1.3890000000000000e+04	 -1.4852184879039334e+02	  2.8766115178791819e+02	
  1.3920000000000000e+04	 -1.2802237503409182e+02	  3.0002612625551251e+02	
  1.3950000000000000e+04	 -1.0546007454918959e+02	  3.1815180731498867e+02	
  1.3980000000000000e+04	 -7.1300525145619744e+01	  3.4062427224918349e+02	
  1.4010000000000000e+04	 -4.5696775759706341e+01	  3.5931964526552849e+02	
  1.4040000000000000e+04	 -2.7015334203368500e+01	  3.7589200115881141e+02	
  1.4070000000000000e+04	 1.0375679059265952e+01	  4.0846943662781661e+02	
  1.4100000000000000e+04	 4.8602474183297943e+01	  4.3341453854351636e+02	
  1.4130000000000000e+04	 7.7351907963560365e+01	  4.5250904830236055e+02	
  1.4160000000000000e+04	 1.0234218456042113e+02	  4.7267415966795414e+02	
  1.4190000000000000e+04	 1.2140382181303534e+02	  4.9153193795752730e+02	
  1.4220000000000000e+04	 1.5558572770973319e+02	  5.1433666595473608e+02	
  1.4250000000000000e+04	 1.9607023407330456e+02	  5.3816857474937240e+02	
  1.4280000000000000e+04	 2.1646998606098327e+02	  5.5333363794178956e+02	
  1.4310000000000000e+04	 2.3302217184287585e+02	  5.7285162200220873e+02	
  1.4340000000000000e+04	 2.7017899932465150e+02	  6.0316332155694954e+02	
  1.4370000000000000e+04	 2.8831997838929396e+02	  6.1406557671984285e+02	
  1.4400000000000000e+04	 3.1541552786263480e+02	  6.2920027462155576e+02	
  1.4430000000000000e+04	 3.4088618168834535e+02	  6.4616764109614689e+02	
  1.4460000000000000e+04	 3.6927553060043562e+02	  6.7962300737733449e+02	
  1.4490000000000000e+04	 3.8984526710793966e+02	  6.9581984612034535e+02	
  1.4520000000000000e+04	 3.9144211243983261e+02	  6.9749131679567427e+02	
  1.4550000000000000e+04	 3.9197719332373714e+02	  6.9929304545201774e+02	
  1.4580000000000000e+04	 3.6187298794846419e+02	  6.6603910642051085e+02	
  1.4610000000000000e+04	 3.4062204155409245e+02	  6.3499072311344310e+02	
  1.4640000000000000e+04	 3.2108235659013212e+02	  6.0737584991296944e+02	
  1.4670000000000000e+04	 2.9524074355193193e+02	  5.6419804267288009e+02	
  1.4700000000000000e+04	 2.7893400890113639e+02	  5.3743411784095508e+02	
  1.4730000000000000e+04	 2.6675063129300850e+02	  5.1574977660955199e+02	
  1.4760000000000000e+04	 2.4615278750781073e+02	  4.9047416887335260e+02	
  1.4790000000000000e+04	 2.2670098921138359e+02	  4.6143161062027838e+02	
  1.4820000000000000e+04	 2.0647232491445425e+02	  4.3099422538814639e+02	
  1.4850000000000000e+04	 1.8260850851317215e+02	  3.9281138779271930e+02	
  1.4880000000000000e+04	 1.5744695977152702e+02	  3.5785267844090095e+02	
  1.4910000000000000e+04	 1.2773152144333864e+02	  3.2079958912786105e+02	
  1.4940000000000000e+04	 1.1028402508079395e+02	  3.0210761590706267e+02	
  1.4970000000000000e+04	 9.3720886447388352e+01	  2.8975236964562322e+02	
  1.5000000000000000e+04	 6.7502909972068409e+01	  2.5256364559675208e+02	
  1.5030000000000000e+04	 5.1510322294932344e+01	  2.2685159409819980e+02	
  1.5060000000000000e+04	 3.2642664333650572e+01	  2.0164163754610402e+02	
  1.5090000000000000e+04	 6.8142239053452940e+00	  1.6256223426053350e+02	
  1.5120000000000000e+04	 -2.5824139456905442e+01	  1.1928284548460329e+02	
  1.5150000000000000e+04	 -5.2652995909856088e+01	  7.9158390880598546e+01	
  1.5180000000000000e+04	 -7.3491608499529690e+01	  5.6215836566935351e+01	
  1.5210000000000000e+04	 -8.5272963947458294e+01	  4.3142212923178874e+01	
  1.5240000000000000e+04	 -1.0178597818447561e+02	  2.6619261049183365e+01	
  1.5270000000000000e+04	 -1.2143193354391073e+02	  -6.5913849757674683e+00	
  1.5300000000000000e+04	 -1.1033227790070620e+02	  -2.4463421384125454e+01	
  1.5330000000000000e+04	 -8.1243027647794293e+01	  -5.3746796765943593e+01	
  1.5360000000000000e+04	 -5.4865865880963248e+01	  -8.2238715186624518e+01	
  1.5390000000000000e+04	 -2.8671474698507172e+01	  -1.1791703815939093e+02	
  1.5420000000000000e+04	 2.1207968180165118e+00	  -1.5104062346222386e+02	
  1.5450000000000000e+04	 3.2026532573023758e+01	  -1.7959739986663521e+02	
  1.5480000000000000e+04	 6.3986471592411931e+01	  -2.1494405448267025e+02	
  1.5510000000000000e+04	 8.4159058608377563e+01	  -2.3145006954219738e+02	
  1.5540000000000000e+04	 1.0631439461383150e+02	  -2.5691376680335759e+02	
  1.5570000000000000e+04	 1.2531604106421329e+02	  -2.7781137883135375e+02	
  1.5600000000000000e+04	 1.4502033857836346e+02	  -3.0793275264921601e+02	
  1.5630000000000000e+04	 1.7719941836207505e+02	  -3.3555700695190626e+02	
  1.5660000000000000e+04	 2.1413723412089482e+02	  -3.7633658836608595e+02	
  1.5690000000000000e+04	 2.3205844568374636e+02	  -3.9810148016435829e+02	
  1.5720000000000000e+04	 2.6536996127002919e+02	  -4.3040777621022613e+02	
  1.5750000000000000e+04	 2.9334673752274540e+02	  -4.6598439573275812e+02	
  1.5780000000000000e+04	 3.1004678446573814e+02	  -4.8542356972796460e+02	
  1.5810000000000000e+04	 3.3947715927364072e+02	  -5.1275142325059062e+02	
  1.5840000000000000e+04	 3.6234074580107784e+02	  -5.3410935609098283e+02	
  1.5870000000000000e+04	 3.8058243916123547e+02	  -5.6595438137955807e+02	
  1.5900000000000000e+04	 4.0864990898329904e+02	  -6.0014444624777434e+02	
  1.5930000000000000e+04	 4.2991805463496570e+02	  -6.3120003835667421e+02	
  1.5960000000000000e+04	 4.4164130655244060e+02	  -6.5015182540965509e+02	
  1.5990000000000000e+04	 4.5553917987966406e+02	  -6.6091559266776585e+02	
  1.6020000000000000e+04	 4.5455036270941940e+02	  -6.6123358553916160e+02	
  1.6050000000000000e+04	 4.3287469285291559e+02	  -6.4167583246891343e+02	
  1.6080000000000000e+04	 4.1364713686444901e+02	  -6.1642203092192517e+02	
  1.6110000000000000e+04	 3.8413153576352306e+02	  -5.8098179109539910e+02	
  1.6140000000000000e+04	 3.6628160832163269e+02	  -5.7106483864159566e+02	
  1.6170000000000000e+04	 3.4671940421737611e+02	  -5.4420826870170265e+02	
  1.6200000000000000e+04	 3.2604405595720482e+02	  -5.2147763333624198e+02	
  1.6230000000000000e+04	 2.9407320730694886e+02	  -4.8548709779177210e+02	
  1.6260000000000000e+04	 2.5980460465113538e+02	  -4.5220710639543000e+02	
  1.6290000000000000e+04	 2.3672664283938335e+02	  -4.1936626336800549e+02	
  1.6320000000000000e+04	 2.0102272271279060e+02	  -3.8837856416227822e+02	
  1.6350000000000000e+04	 1.7805831296169822e+02	  -3.5949563202319177e+02	
  1.6380000000000000e+04	 1.5264426287870165e+02	  -3.3365867108101122e+02	
  1.6410000000000000e+04	 1.2815761572625490e+02	  -3.1033474398027744e+02	
  1.6440000000000000e+04	 1.0896067615574795e+02	  -2.9260202268221946e+02	
  1.6470000000000000e+04	 7.6856664539567191e+01	  -2.5906904456287401e+02	
  1.6500000000000000e+04	 5.7887251924613054e+01	  -2.4453524585578555e+02	
  1.6530000000000000e+04	 4.3565918856848860e+01	  -2.2241212034653552e+02	
  1.6560000000000000e+04	 1.6266206871330255e+01	  -1.9195926254536278e+02	
  1.6590000000000000e+04	 -1.6126770915580622e+01	  -1.5392069147167393e+02	
  1.6620000000000000e+04	 -4.0508030053440272e+01	  -1.2758755791949517e+02	
  1.6650000000000000e+04	 -6.7036727161234069e+01	  -8.8630723423504008e+01	
  1.6680000000000000e+04	 -8.9757749998084975e+01	  -6.3420253684183386e+01	
  1.6710000000000000e+04	 -1.0685625725892919e+02	  -4.7337171613742264e+01	
  1.6740000000000000e+04	 -1.3072678524317644e+02	  -2.3732228640916038e+01	
  1.6770000000000000e+04	 -1.6735139004466919e+02	  9.7020414566066471e+00	
  1.6800000000000000e+04	 -1.9865115489486325e+02	  4.0593144808444663e+01	
  1.6830000000000000e+04	 -2.3140679707305114e+02	  7.1179224024697533e+01	
  1.6860000000000000e+04	 -2.5067849275841976e+02	  9.6007502186552813e+01	
  1.6890000000000000e+04	 -2.7387020717828341e+02	  1.2528445811654670e+02	
  1.6920000000000000e+04	 -2.9301727996779755e+02	  1.4729338692735604e+02	
  1.6950000000000000e+04	 -3.1315871222381907e+02	  1.6901955690739879e+02	
  1.6980000000000000e+04	 -3.3313097139786527e+02	  1.8760608956735871e+02	
  1.7010000000000000e+04	 -3.5189925953767801e+02	  2.2148778226910758e+02	
  1.7040000000000000e+04	 -3.5632149031340941e+02	  2.2323719123125568e+02	
  1.7070000000000000e+04	 -3.5604190299321920e+02	  2.2275388757782218e+02	
  1.7100000000000000e+04	 -3.5666760192416456e+02	  2.2179298416123802e+02	
  1.7130000000000000e+04	 -3.5775380956941751e+02	  2.2000599954387076e+02	
  1.7160000000000000e+04	 -3.5648905430463788e+02	  2.1873016130970248e+02	
  1.7190000000000000e+04	 -3.5501258257124636e+02	  2.1936527434763229e+02	
  1.7220000000000000e+04	 -3.2510485086644985e+02	  1.9045233948280077e+02	
  1.7250000000000000e+04	 -2.9929465112566561e+02	  1.7273006398416976e+02	
  1.7280000000000000e+04	 -2.7806154233417095e+02	  1.5806294610356656e+02	
  1.7310000000000000e+04	 -2.6179948081279622e+02	  1.4549809566743156e+02	
  1.7340000000000000e+04	 -2.3103619460037910e+02	  1.1917937908408425e+02	
  1.7370000000000000e+04	 -2.0484682969550778e+02	  8.8479208489266796e+01	
  1.7400000000000000e+04	 -1.7041450321611279e+02	  6.2932270156624149e+01	
  1.7430000000000000e+04	 -1.4591624978582428e+02	  4.2904255359901285e+01	
  1.7460000000000000e+04	 -1.2541473370320537e+02	  2.1804149016611966e+01	
  1.7490000000000000e+04	 -9.9152506232241308e+01	  -3.2764696336123897e+00	
  1.7520000000000000e+04	 -8.1178736185762574e+01	  -1.9893301979148255e+01	
  1.7550000000000000e+04	 -4.8291723970598305e+01	  -4.8469726745101873e+01	
  1.7580000000000000e+04	 -3.4880635215728624e+01	  -5.8184902026308777e+01	
  1.7610000000000000e+04	 2.0370382521386929e+00	  -8.6515497362961753e+01	
  1.7640000000000000e+04	 4.0456498324444809e+01	  -1.2004588642598672e+02	
  1.7670000000000000e+04	 6.6548369716105057e+01	  -1.4214618788861230e+02	
  1.7700000000000000e+04	 5.6251034422534588e+01	  -1.0091089568759540e+02	
  1.7730000000000000e+04	 5.5506999504897045e+01	  -8.3186278167015516e+01	
  1.7760000000000000e+04	 4.9072416300280565e+01	  -5.0575139343527667e+01	
  1.7790000000000000e+04	 4.0791739140711613e+01	  -9.7166109155309783e+00	
  1.7820000000000000e+04	 3.0892373679781329e+01	  1.5542749396215015e+01	
  1.7850000000000000e+04	 2.4564674169635659e+01	  4.7453054612611183e+01	
  1.7880000000000000e+04	 1.9475033418604792e+01	  7.8541564164346809e+01	
  1.7910000000000000e+04	 1.1202390795934441e+01	  9.7501222056533763e+01	
  1.7940000000000000e+04	 6.0765000516500258e+00	  1.4531295008277260e+02	
  1.7970000000000000e+04	 4.5995271230103336e+00	  1.7078091524407125e+02	
  1.8000000000000000e+04	 -2.3365718670781854e+00	  1.8986875505807399e+02	
  1.8030000000000000e+04	 -1.3894888243088229e+01	  2.3776117857658673e+02	
  1.8060000000000000e+04	 -1.8111438765442070e+01	  2.6836089107132148e+02	
  1.8090000000000000e+04	 -3.0556134522662230e+01	  3.1161612224494417e+02	
  1.8120000000000000e+04	 -3.1579338412346978e+01	  3.3915906427379065e+02	
  1.8150000000000000e+04	 -4.1158354641838997e+01	  3.7859042529193226e+02	
  1.8180000000000000e+04	 -4.7187857231532639e+01	  4.2557081405373515e+02	
  1.8210000000000000e+04	 -4.1669796564280539e+01	  4.5070759804201180e+02	
  1.8240000000000000e+04	 -3.3777197182966248e+01	  4.8171814981206870e+02	
  1.8270000000000000e+04	 -2.8861625181321131e+01	  5.2193852760152151e+02	
  1.8300000000000000e+04	 -3.8067439197873185e+01	  4.8963782941372642e+02	
  1.8330000000000000e+04	 -4.8444963582854179e+01	  4.6774373915605099e+02	
  1.8360000000000000e+04	 -6.3677007403330791e+01	  4.3093802310091917e+02	
  1.8390000000000000e+04	 -6.7343942672706689e+01	  4.0684386382876818e+02	
  1.8420000000000000e+04	 -8.4682272706380218e+01	  3.6240325013565359e+02	
  1.8450000000000000e+04	 -1.0884244335051093e+02	  3.2041147898089707e+02	
  1.8480000000000000e+04	 -1.2428244464067203e+02	  2.8912456254575267e+02	
  1.8510000000000000e+04	 -1.3452938651365173e+02	  2.5754797516021847e+02	
  1.8540000000000000e+04	 -1.5073183585386769e+02	  2.2951900709477644e+02	
  1.8570000000000000e+04	 -1.6402566238904930e+02	  1.9492003515900382e+02	
  1.8600000000000000e+04	 -1.7615106190851193e+02	  1.6845638765210745e+02	
  1.8630000000000000e+04	 -1.9088631343560988e+02	  1.4816119734467372e+02	
  1.8660000000000000e+04	 -2.0507734850698307e+02	  1.1064107805828274e+02	
  1.8690000000000000e+04	 -2.2031488352775412e+02	  6.8082076090653061e+01	
  1.8720000000000000e+04	 -2.2784713265040213e+02	  4.0059804620294202e+01	
  1.8750000000000000e+04	 -2.4600898572353356e+02	  -8.2216502663339099e+00	
  1.8780000000000000e+04	 -2.6217813728392355e+02	  -3.8549826808669835e+01	
  1.8810000000000000e+04	 -2.7697543734087276e+02	  -6.9846659198219811e+01	
  1.8840000000000000e+04	 -2.9520496844736346e+02	  -1.0038265853983057e+02	
  1.8870000000000000e+04	 -3.0473554514326747e+02	  -1.3759396013166219e+02	
  1.8900000000000000e+04	 -3.1901124409783864e+02	  -1.7674080535247839e+02	
  1.8930000000000000e+04	 -3.3456903668080980e+02	  -2.1963482072194688e+02	
  1.8960000000000000e+04	 -3.5147991458428174e+02	  -2.5767580178233652e+02	
  1.8990000000000000e+04	 -3.7277084068367429e+02	  -2.9732907127437130e+02	
  1.9020000000000000e+04	 -3.8905353880859315e+02	  -3.4068092304830202e+02	
  1.9050000000000000e+04	 -4.0277980613296216e+02	  -3.6324160918105406e+02	
  1.9080000000000000e+04	 -4.1975674879230291e+02	  -4.0364387150062606e+02	
  1.9110000000000000e+04	 -4.3624656685407484e+02	  -4.4043465684482351e+02	
  1.9140000000000000e+04	 -4.5457016465561668e+02	  -4.7758609334816765e+02	
  1.9170000000000000e+04	 -4.7144019891991036e+02	  -5.0981215087338393e+02	
  1.9200000000000000e+04	 -4.8773940579396850e+02	  -5.5185455426046087e+02	
  1.9230000000000000e+04	 -5.0783565206347527e+02	  -5.9830824416935752e+02	
  1.9260000000000000e+04	 -5.1739421320675854e+02	  -6.2434555863393075e+02	
  1.9290000000000000e+04	 -5.2359073866156905e+02	  -6.3624663973240615e+02	
  1.9320000000000000e+04	 -5.2199630008932468e+02	  -6.3798349981930596e+02	
  1.9350000000000000e+04	 -5.2328263372251797e+02	  -6.3618369796800448e+02	
  1.9380000000000000e+04	 -5.2235977533997618e+02	  -6.3560347300955073e+02	
  1.9410000000000000e+04	 -5.2416657440692859e+02	  -6.3457703405183679e+02	
  1.9440000000000000e+04	 -5.2478007817684204e+02	  -6.3508765811978094e+02	
  1.9470000000000000e+04	 -5.2520443650863967e+02	  -6.3590393131167491e+02	
  1.9500000000000000e+04	 -5.2586169383862341e+02	  -6.3511281154364508e+02	
  1.9530000000000000e+04	 -4.9834062872519132e+02	  -6.1744802323070678e+02	
  1.9560000000000000e+04	 -4.6232240457176135e+02	  -5.9328871792769678e+02	
  1.9590000000000000e+04	 -4.2319039216584724e+02	  -5.6530196740958081e+02	
  1.9620000000000000e+04	 -4.0591717909960033e+02	  -5.4955089862668558e+02	
  1.9650000000000000e+04	 -3.7336476493421020e+02	  -5.2834294113835199e+02	
  1.9680000000000000e+04	 -3.5321857688671798e+02	  -5.1737394812604236e+02	
  1.9710000000000000e+04	 -3.2498021010455227e+02	  -4.9170351568127222e+02	
  1.9740000000000000e+04	 -3.1193417392197171e+02	  -4.7574716787308665e+02	
  1.9770000000000000e+04	 -2.7738880479216618e+02	  -4.4464834504380150e+02	
  1.9800000000000000e+04	 -2.5689210006403084e+02	  -4.2102462218395101e+02	
  1.9830000000000000e+04	 -2.4029917949561292e+02	  -4.0907091345171705e+02	
  1.9860000000000000e+04	 -2.2441350810178656e+02	  -3.9781709998888255e+02	
  1.9890000000000000e+04	 -2.0282191312157670e+02	  -3.8167567511319362e+02	
  1.9920000000000000e+04	 -1.8333129270754569e+02	  -3.6771368834361692e+02	
  1.9950000000000000e+04	 -1.5960450321921024e+02	  -3.5216109542687946e+02	
  1.9980000000000000e+04	 -1.3402236802527182e+02	  -3.3363582306739102e+02	
  2.0010000000000000e+04	 -9.3863077547997776e+01	  -2.9785275470442434e+02	
  2.0040000000000000e+04	 -6.2018456865343012e+01	  -2.7384588024944395e+02	
  2.0070000000000000e+04	 -3.5431442812411056e+01	  -2.5159905475662043e+02	
  2.0100000000000000e+04	 -1.9925362376013247e+01	  -2.3856254679341583e+02	
  2.0130000000000000e+04	 -6.5156758550565161e+00	  -2.1888742549236605e+02	
  2.0160000000000000e+04	 2.7884101442655485e+01	  -1.9059161852679020e+02	
  2.0190000000000000e+04	 6.2885700027365630e+01	  -1.5466960541314535e+02	
  2.0220000000000000e+04	 1.0027160095495061e+02	  -1.1956929882125394e+02	
  2.0250000000000000e+04	 1.2171314812204223e+02	  -9.5427971943331499e+01	
  2.0280000000000000e+04	 1.4993409737078093e+02	  -7.1598133589627523e+01	
  2.0310000000000000e+04	 1.7969731222211342e+02	  -4.8337563348398632e+01	
  2.0340000000000000e+04	 2.1091137135700626e+02	  -2.6586435941369650e+01	
  2.0370000000000000e+04	 2.3052363539564286e+02	  -5.4206498607157982e+00	
  2.0400000000000000e+04	 2.5653498495990959e+02	  1.3598914864504408e+01	
  2.0430000000000000e+04	 2.9202995794023644e+02	  3.9241404641447588e+01	
  2.0460000000000000e+04	 3.1599032260970915e+02	  5.5706291626769115e+01	
  2.0490000000000000e+04	 3.4155259238199454e+02	  7.7011039582271579e+01	
  2.0520000000000000e+04	 3.6949351990385213e+02	  1.0678478069251743e+02	
  2.0550000000000000e+04	 3.9437032742430301e+02	  1.3585082795443950e+02	
  2.0580000000000000e+04	 4.2289601922425607e+02	  1.5737080952099339e+02	
  2.0610000000000000e+04	 4.2682591398255914e+02	  1.5874970738417136e+02	
  2.0640000000000000e+04	 4.2623846954958498e+02	  1.5718528119541932e+02	
  2.0670000000000000e+04	 4.2439324229570030e+02	  1.5582290319486722e+02	
  2.0700000000000000e+04	 4.2599911272205321e+02	  1.5486040758116167e+02	
  2.0730000000000000e+04	 4.2475508725360152e+02	  1.5662542684929682e+02	
  2.0760000000000000e+04	 4.2500382324230617e+02	  1.5841793093600231e+02	
  2.0790000000000000e+04	 4.2361324801555941e+02	  1.5756551339353550e+02	
  2.0820000000000000e+04	 4.3852632821981280e+02	  1.7541619462531901e+02	
  2.0850000000000000e+04	 4.6006654075316084e+02	  2.0162110616658293e+02	
  2.0880000000000000e+04	 4.7959817465109751e+02	  2.2469674838825830e+02	
  2.0910000000000000e+04	 5.0594294591073634e+02	  2.5356584863282748e+02	
  2.0940000000000000e+04	 5.2944046691400172e+02	  2.8808252844812722e+02	
  2.0970000000000000e+04	 5.3048970406618935e+02	  2.8913496905538136e+02	
  2.1000000000000000e+04	 5.3130393502606523e+02	  2.8999406338175646e+02	
  2.1030000000000000e+04	 5.3064412006130794e+02	  2.9107132314187470e+02	
  2.1060000000000000e+04	 5.3021393461463390e+02	  2.9141309205528967e+02	
  2.1090000000000000e+04	 5.2822774486929461e+02	  2.9094219505437565e+02	
  2.1120000000000000e+04	 5.2848575527925334e+02	  2.9249876819100899e+02	
  2.1150000000000000e+04	 5.2847541332970127e+02	  2.9303077051998076e+02	
  2.1180000000000000e+04	 5.2963317404385043e+02	  2.9304443834310467e+02	
  2.1210000000000000e+04	 5.0442748661980266e+02	  2.7888608571106471e+02	
  2.1240000000000000e+04	 4.8090724874328333e+02	  2.7097774053133941e+02	
  2.1270000000000000e+04	 4.4372412644472394e+02	  2.5020910173303656e+02	
  2.1300000000000000e+04	 4.0841645188367858e+02	  2.3374419624909467e+02	
  2.1330000000000000e+04	 3.7110762300712827e+02	  2.1137308407787467e+02	
  2.1360000000000000e+04	 3.4860443852413073e+02	  1.9838508753939723e+02	
  2.1390000000000000e+04	 3.0597221219227237e+02	  1.7116335160509973e+02	
  2.1420000000000000e+04	 2.7810254337807902e+02	  1.5476243561661914e+02	
  2.1450000000000000e+04	 2.5327289309821884e+02	  1.4153470346585499e+02	
  2.1480000000000000e+04	 2.2046813895595093e+02	  1.2605535714486381e+02	
  2.1510000000000000e+04	 1.9258263366612519e+02	  1.0745730625946160e+02	
  2.1540000000000000e+04	 1.5390907108156566e+02	  8.2222598620770327e+01	
  2.1570000000000000e+04	 1.0784512380910442e+02	  5.7390632832337900e+01	
  2.1600000000000000e+04	 7.9383163273568826e+01	  4.2758793579430588e+01	
  2.1630000000000000e+04	 4.8190543885925763e+01	  2.4434342719925780e+01	
  2.1660000000000000e+04	 8.7014286518567303e+00	  3.3085409914536861e+00	
  2.1690000000000000e+04	 -1.9761722333784292e+01	  -9.2757498868781685e+00	
  2.1720000000000000e+04	 -5.8261512114304495e+01	  -2.7817741820871291e+01	
  2.1750000000000000e+04	 -9.6906424173505755e+01	  -5.1372556569849593e+01	
  2.1780000000000000e+04	 -1.3606230116594691e+02	  -7.5265306790539086e+01	
  2.1810000000000000e+04	 -1.5486921417431128e+02	  -8.4399227045814911e+01	
  2.1840000000000000e+04	 -2.0330423568814314e+02	  -1.1120676080947010e+02	
  2.1870000000000000e+04	 -2.3408264745341535e+02	  -1.2577371297295821e+02	
  2.1900000000000000e+04	 -2.6664574242110899e+02	  -1.3981730900612180e+02	
  2.1930000000000000e+04	 -2.9616798114249724e+02	  -1.5523160618968882e+02	
  2.1960000000000000e+04	 -3.3263962164171642e+02	  -1.7423168472771309e+02	
  2.1990000000000000e+04	 -3.6396549140614059e+02	  -1.9224173656813707e+02	
  2.2020000000000000e+04	 -3.9593619860170560e+02	  -2.1073886557842033e+02	
  2.2050000000000000e+04	 -4.3856872656409013e+02	  -2.2785420024659112e+02	
  2.2080000000000000e+04	 -4.6400335936272506e+02	  -2.4519314290171164e+02	
  2.2110000000000000e+04	 -4.9477675730167641e+02	  -2.6617262285868486e+02	
  2.2140000000000000e+04	 -4.6269289814577758e+02	  -2.6597680882510900e+02	
  2.2170000000000000e+04	 -4.3099344091581440e+02	  -2.7157314247273234e+02	
  2.2200000000000000e+04	 -3.9350931430105572e+02	  -2.8134745908943478e+02	
  2.2230000000000000e+04	 -3.4991059505980428e+02	  -2.8730933724917816e+02	
  2.2260000000000000e+04	 -3.0233147492694519e+02	  -2.9069966542707022e+02	
  2.2290000000000000e+04	 -2.5315905365292531e+02	  -2.9913775350848613e+02	
  2.2320000000000000e+04	 -2.3128611114437194e+02	  -3.0077604846522541e+02	
  2.2350000000000000e+04	 -1.9977851823733715e+02	  -3.0369679079005130e+02	
  2.2380000000000000e+04	 -1.6870531938473997e+02	  -3.1023333019577711e+02	
  2.2410000000000000e+04	 -1.2051397104822178e+02	  -3.1277517711439492e+02	
  2.2440000000000000e+04	 -9.5137957084298307e+01	  -3.2050321296741430e+02	
  2.2470000000000000e+04	 -5.0224108576600784e+01	  -3.2950408912294887e+02	
  2.2500000000000000e+04	 -5.4121114998459845e+00	  -3.3520157266435052e+02	
  2.2530000000000000e+04	 4.2877988533805777e+01	  -3.4328425782216488e+02	
  2.2560000000000000e+04	 7.7268312340781989e+01	  -3.4926233382523571e+02	
  2.2590000000000000e+04	 1.2461226488281906e+02	  -3.5588983326117682e+02	
  2.2620000000000000e+04	 1.4616530987282547e+02	  -3.5722089368656174e+02	
  2.2650000000000000e+04	 1.7797100572036555e+02	  -3.6475450047817151e+02	
  2.2680000000000000e+04	 2.1653463308507287e+02	  -3.7008796179167206e+02	
  2.2710000000000000e+04	 2.5564644411543600e+02	  -3.7245844742218571e+02	
  2.2740000000000000e+04	 2.9769677812856696e+02	  -3.7634803517559391e+02	
  2.2770000000000000e+04	 3.2669443067008336e+02	  -3.7758204210948008e+02	
  2.2800000000000000e+04	 3.6573589064863387e+02	  -3.7672979356162335e+02	
  2.2830000000000000e+04	 3.4139529181598067e+02	  -3.7574858320362461e+02	
  2.2860000000000000e+04	 3.4177443272824223e+02	  -3.7698422859918895e+02	
  2.2890000000000000e+04	 3.4183091896372093e+02	  -3.7869039136760512e+02	
  2.2920000000000000e+04	 3.4312456200569625e+02	  -3.7923551542245457e+02	
  2.2950000000000000e+04	 3.4404882881732073e+02	  -3.7804875274409744e+02	
  2.2980000000000000e+04	 3.4597148890383090e+02	  -3.7769186812696159e+02	
  2.3010000000000000e+04	 3.4714241034108920e+02	  -3.7878349032968532e+02	
  2.3040000000000000e+04	 3.4064992579880391e+02	  -3.5602259871477770e+02	
  2.3070000000000000e+04	 3.3585074397965820e+02	  -3.2524000166049410e+02	
  2.3100000000000000e+04	 3.2888614627978711e+02	  -2.9896246703403381e+02	
  2.3130000000000000e+04	 3.2929704963381408e+02	  -2.6913885555574149e+02	
  2.3160000000000000e+04	 3.2247002937259737e+02	  -2.2830777914132673e+02	
  2.3190000000000000e+04	 3.2078092424975006e+02	  -2.0015250030495383e+02	
  2.3220000000000000e+04	 3.1501209724941486e+02	  -1.6701171498166318e+02	
  2.3250000000000000e+04	 3.1261971560275418e+02	  -1.2056388732510953e+02	
  2.3280000000000000e+04	 3.1174983885536125e+02	  -8.4915127389158371e+01	
  2.3310000000000000e+04	 3.0990438621100196e+02	  -4.8830944821723378e+01	
  2.3340000000000000e+04	 3.0557079344565017e+02	  -1.8150962769473935e+01	
  2.3370000000000000e+04	 3.0873370831388178e+02	  7.6412178186664121e+00	
  2.3400000000000000e+04	 3.0825230286213684e+02	  4.5625181772564375e+01	
  2.3430000000000000e+04	 3.0369786200788769e+02	  6.9161758461343169e+01	
  2.3460000000000000e+04	 3.0662103702775920e+02	  8.6274876580443276e+01	
  2.3490000000000000e+04	 3.0895601668876412e+02	  1.1553322643787199e+02	
  2.3520000000000000e+04	 3.0878656146493637e+02	  1.5983813799036466e+02	
  2.3550000000000000e+04	 3.0978216576328424e+02	  1.8044154770472451e+02	
  2.3580000000000000e+04	 3.0445388167669330e+02	  2.2591201705031520e+02	
  2.3610000000000000e+04	 3.0410198112519646e+02	  2.5672373390165376e+02	
  2.3640000000000000e+04	 3.0015371249058268e+02	  2.9647725610028402e+02	
  2.3670000000000000e+04	 2.9480845696381590e+02	  3.3278208127189424e+02	
  2.3700000000000000e+04	 2.8259118129017742e+02	  3.0042359676846337e+02	
  2.3730000000000000e+04	 2.6858861825398998e+02	  2.7334548866299491e+02	
  2.3760000000000000e+04	 2.5741064967339508e+02	  2.4060942680775452e+02	
  2.3790000000000000e+04	 2.4309055424600686e+02	  2.1552247340813597e+02	
  2.3820000000000000e+04	 2.3757752434253129e+02	  1.9134576689463876e+02	
  2.3850000000000000e+04	 2.2471961703205457e+02	  1.6792255100211852e+02	
  2.3880000000000000e+04	 2.1711185702618059e+02	  1.3693868040316946e+02	
  2.3910000000000000e+04	 2.1050230842724218e+02	  1.1416019445194411e+02	
  2.3940000000000000e+04	 1.9281301558441214e+02	  7.2367372428020303e+01	
  2.3970000000000000e+04	 1.7808644195836757e+02	  4.6275963628593928e+01	
  2.4000000000000000e+04	 1.7494744214075553e+02	  2.6693325772805050e+01	
  2.4030000000000000e+04	 1.6211727694388503e+02	  -1.1565143263307878e+01	
  2.4060000000000000e+04	 1.5219218384650807e+02	  -4.0451380821586532e+01	
  2.4090000000000000e+04	 1.3257874848164272e+02	  -8.4888301382819463e+01	
  2.4120000000000000e+04	 1.2201397285663974e+02	  -1.1445573839849864e+02	
  2.4150000000000000e+04	 1.1511874187119257e+02	  -1.4037532650561565e+02	
  2.4180000000000000e+04	 9.8406588697947683e+01	  -1.8153570773634010e+02	
  2.4210000000000000e+04	 9.2939819848856928e+01	  -2.0312023439130803e+02	
  2.4240000000000000e+04	 7.9923731347638295e+01	  -2.3372048998810251e+02	
  2.4270000000000000e+04	 6.8039186607869340e+01	  -2.7334502812290935e+02	
  2.4300000000000000e+04	 5.8138327230152768e+01	  -2.9764786931460281e+02	
  2.4330000000000000e+04	 4.6373653831099887e+01	  -3.4046706874306687e+02	
  2.4360000000000000e+04	 3.2728835377038223e+01	  -3.8012033386444290e+02	
  2.4390000000000000e+04	 2.4072681149462205e+01	  -4.0274486744411138e+02	
  2.4420000000000000e+04	 1.4329586453927327e+01	  -4.3355205327947942e+02	
  2.4450000000000000e+04	 -3.5957625089824319e-01	  -4.6024865273520038e+02	
  2.4480000000000000e+04	 -1.6547312553485860e+01	  -4.9802024464124435e+02	
  2.4510000000000000e+04	 -2.6718410579200835e+01	  -5.1552558961253806e+02	
  2.4540000000000000e+04	 -2.8372085714944642e+01	  -5.1651011896746706e+02	
  2.4570000000000000e+04	 -2.7781470816980491e+01	  -5.1676019631929466e+02	
  2.4600000000000000e+04	 -2.8018885816753194e+01	  -5.1590508049345260e+02	
  2.4630000000000000e+04	 -2.6925041162078294e+01	  -5.1426322006857549e+02	
  2.4660000000000000e+04	 -2.5374562221353838e+01	  -5.1242879670309605e+02	
  2.4690000000000000e+04	 -2.4388852718033228e+01	  -5.1136919844597662e+02	
  2.4720000000000000e+04	 -2.5551978177930764e+01	  -5.1280475264119423e+02	
  2.4750000000000000e+04	 -2.5499149338610859e+01	  -5.1479189801327936e+02	
  2.4780000000000000e+04	 -2.3399555577817555e+01	  -4.9199407747867076e+02	
  2.4810000000000000e+04	 -1.9010966405612439e+01	  -4.5098873617503506e+02	
  2.4840000000000000e+04	 -1.2603832173455624e+01	  -4.3065154545792069e+02	
  2.4870000000000000e+04	 -1.4621489012068350e+01	  -4.0890026372074692e+02	
  2.4900000000000000e+04	 -1.5713403235376049e+01	  -3.8434259898225423e+02	
  2.4930000000000000e+04	 -1.3268369404684105e+01	  -3.3824158703108526e+02	
  2.4960000000000000e+04	 -4.8327932369549664e+00	  -3.0741930260823653e+02	
  2.4990000000000000e+04	 -5.0280860726572580e+00	  -2.8135258016929447e+02	
  2.5020000000000000e+04	 3.9220551830743204e+00	  -2.3410826480418069e+02	
  2.5050000000000000e+04	 8.7295927942233060e+00	  -1.8712756416475887e+02	
  2.5080000000000000e+04	 1.0649988981062155e+01	  -1.4354636089154420e+02	
  2.5110000000000000e+04	 2.0051896180513978e+01	  -1.0382166605562398e+02	
  2.5140000000000000e+04	 2.8606305155936582e+01	  -5.7942927975711456e+01	
  2.5170000000000000e+04	 3.1803552283421194e+01	  -1.8201976841501946e+01	
  2.5200000000000000e+04	 4.2631833924242059e+01	  2.8616444889722437e+01	
  2.5230000000000000e+04	 5.1154961134056592e+01	  6.8606782452429883e+01	
  2.5260000000000000e+04	 5.9940305797908742e+01	  1.1780399122613281e+02	
  2.5290000000000000e+04	 6.2780962700629132e+01	  1.4050521921091567e+02	
  2.5320000000000000e+04	 7.1715873726408759e+01	  1.8512948389306766e+02	
  2.5350000000000000e+04	 7.9761774728733030e+01	  1.4017541166522184e+02	
  2.5380000000000000e+04	 8.0994044008755395e+01	  1.0185061471148893e+02	
  2.5410000000000000e+04	 8.8765772070454346e+01	  6.5423991441055392e+01	
  2.5440000000000000e+04	 9.6557460184309008e+01	  4.8536700927052493e+01	
  2.5470000000000000e+04	 9.5580006758936634e+01	  2.4909105222767373e+01	
  2.5500000000000000e+04	 1.0156599324786578e+02	  5.2832989633509087e+00	
  2.5530000000000000e+04	 1.0901201602205205e+02	  -1.7107160852326672e+01	
  2.5560000000000000e+04	 1.1927430462077902e+02	  -6.6860607805198143e+01	
  2.5590000000000000e+04	 1.2233666580183899e+02	  -9.8716670857385111e+01	
  2.5620000000000000e+04	 1.2911158263809088e+02	  -1.4551562169761169e+02	
  2.5650000000000000e+04	 1.3692335944828429e+02	  -1.6640179845767562e+02	
  2.5680000000000000e+04	 1.4197418126949989e+02	  -2.0947844286740036e+02	
  2.5710000000000000e+04	 1.4389103006564488e+02	  -2.4122854274380333e+02	
  2.5740000000000000e+04	 1.4940881525699837e+02	  -2.7019922292108049e+02	
  2.5770000000000000e+04	 1.5630061018007660e+02	  -3.0966104226162457e+02	
  2.5800000000000000e+04	 1.6450340620755199e+02	  -3.4452385454351520e+02	
  2.5830000000000000e+04	 1.7026403881121627e+02	  -3.9263017844698010e+02	
  2.5860000000000000e+04	 2.0098035649066699e+02	  -3.9732665820889190e+02	
  2.5890000000000000e+04	 2.4389157668929920e+02	  -3.9797836647814881e+02	
  2.5920000000000000e+04	 2.8155639574586655e+02	  -3.9872355314869168e+02	
  2.5950000000000000e+04	 3.2565523381822806e+02	  -3.9962616758362782e+02	
  2.5980000000000000e+04	 3.5813225014521265e+02	  -3.9964759932477006e+02	
  2.6010000000000000e+04	 4.0166164317499340e+02	  -4.0431798427668502e+02	
  2.6040000000000000e+04	 4.4513768592791939e+02	  -4.0389477945345357e+02	
  2.6070000000000000e+04	 4.6761806225763542e+02	  -4.0566627167719497e+02	
  2.6100000000000000e+04	 5.0090642419810609e+02	  -4.0624588602545657e+02	
  2.6130000000000000e+04	 5.3740223909019926e+02	  -4.0293449371684881e+02	
  2.6160000000000000e+04	 5.1698526238823445e+02	  -3.8493750191591249e+02	
  2.6190000000000000e+04	 4.8879420460178733e+02	  -3.6875123779208712e+02	
  2.6220000000000000e+04	 4.6451083650268390e+02	  -3.5269385242710234e+02	
  2.6250000000000000e+04	 4.3457127883486862e+02	  -3.3399143228332218e+02	
  2.6280000000000000e+04	 4.0588357651412872e+02	  -3.1229066908782266e+02	
  2.6310000000000000e+04	 3.9063473829563532e+02	  -2.9685048921803019e+02	
  2.6340000000000000e+04	 3.6444851857533104e+02	  -2.8100025397794843e+02	
  2.6370000000000000e+04	 3.4510964178307586e+02	  -2.6700168321878476e+02	
  2.6400000000000000e+04	 3.0700085830706655e+02	  -2.3613067811558963e+02	
  2.6430000000000000e+04	 2.8439537445958518e+02	  -2.2056658152414931e+02	
  2.6460000000000000e+04	 2.5691389956570697e+02	  -1.9616881372911726e+02	
  2.6490000000000000e+04	 2.3530502560395865e+02	  -1.8585389392645422e+02	
  2.6520000000000000e+04	 2.0934029509647920e+02	  -1.7050652942779320e+02	
  2.6550000000000000e+04	 1.8920477339251019e+02	  -1.5431249443589283e+02	
  2.6580000000000000e+04	 1.6951873280281308e+02	  -1.4170895643225117e+02	
  2.6610000000000000e+04	 1.3683187074814882e+02	  -1.1899071692990225e+02	
  2.6640000000000000e+04	 1.0666672672686201e+02	  -9.3215393261375240e+01	
  2.6670000000000000e+04	 8.9379453180571190e+01	  -8.5107228492810108e+01	
  2.6700000000000000e+04	 7.2763202910401773e+01	  -7.1793572350164155e+01	
  2.6730000000000000e+04	 5.4573065121357338e+01	  -5.4368893282979116e+01	
  2.6760000000000000e+04	 2.0745095474046416e+01	  -2.3187243606224122e+01	
  2.6790000000000000e+04	 -4.7145398437815871e+00	  -3.5470297405461544e+00	
  2.6820000000000000e+04	 -3.1355460056831440e+01	  2.3100340759012500e+01	
  2.6850000000000000e+04	 -5.7712685407322155e+01	  4.4096108780847231e+01	
  2.6880000000000000e+04	 -9.0658140058028863e+01	  6.2213409000535826e+01	
  2.6910000000000000e+04	 -1.0615935850988885e+02	  7.7144446712064678e+01	
  2.6940000000000000e+04	 -1.2334628021156877e+02	  8.9473289410653237e+01	
  2.6970000000000000e+04	 -1.3917707586912650e+02	  1.0095621600240922e+02	
  2.7000000000000000e+04	 -1.7931227980005343e+02	  1.3617025090376060e+02	
  2.7030000000000000e+04	 -1.9365794681367456e+02	  1.4722678223844864e+02	
  2.7060000000000000e+04	 -2.1437772904689032e+02	  1.5570586191881551e+02	
  2.7090000000000000e+04	 -2.2947312312166989e+02	  1.7333746925642751e+02	
  2.7120000000000000e+04	 -2.5352760477021067e+02	  1.8863217808811575e+02	
  2.7150000000000000e+04	 -2.8369060475434082e+02	  2.1146871493550100e+02	
  2.7180000000000000e+04	 -3.2028921027147209e+02	  2.4027465967756379e+02	
  2.7210000000000000e+04	 -3.3842542751537644e+02	  2.6256155593496152e+02	
  2.7240000000000000e+04	 -3.7640068717830201e+02	  2.9417000648903479e+02	
  2.7270000000000000e+04	 -3.9796040808539527e+02	  3.1201714249535894e+02	
  2.7300000000000000e+04	 -4.2042280770701097e+02	  3.3177327472024348e+02	
  2.7330000000000000e+04	 -4.5197064207482600e+02	  3.6127123528015005e+02	
  2.7360000000000000e+04	 -4.8221063223726719e+02	  3.8532581874245449e+02	
  2.7390000000000000e+04	 -5.1799800286799768e+02	  4.0430000317407240e+02	
  2.7420000000000000e+04	 -5.1966544876907994e+02	  4.0478157168716263e+02	
  2.7450000000000000e+04	 -5.2147254585505652e+02	  4.0518144691769487e+02	
  2.7480000000000000e+04	 -5.2339285463926990e+02	  4.0580216359254734e+02	
  2.7510000000000000e+04	 -5.2143324869614833e+02	  4.0678770228061114e+02	
  2.7540000000000000e+04	 -4.7717158879436852e+02	  4.0723816438378680e+02	
  2.7570000000000000e+04	 -4.5119685283209810e+02	  4.0448361409688022e+02	
  2.7600000000000000e+04	 -4.2311498613746392e+02	  4.0419409291721917e+02	
  2.7630000000000000e+04	 -3.9922658462903814e+02	  4.0825663979858177e+02	
  2.7660000000000000e+04	 -3.6861928561388368e+02	  4.0529857353887598e+02	
  2.7690000000000000e+04	 -3.3339703675808028e+02	  4.0837489105779406e+02	
  2.7720000000000000e+04	 -2.9519488556544525e+02	  4.0729163730540438e+02	
  2.7750000000000000e+04	 -2.6197656438963895e+02	  4.0728901428960285e+02	
  2.7780000000000000e+04	 -2.1026401185979032e+02	  4.0556037932758107e+02	
  2.7810000000000000e+04	 -1.7364805894973648e+02	  4.0171301501105791e+02	
  2.7840000000000000e+04	 -1.4491416492500363e+02	  4.0493705344727027e+02	
  2.7870000000000000e+04	 -1.1477316062002502e+02	  3.9970869629223733e+02	
  2.7900000000000000e+04	 -9.2888694748069710e+01	  3.9804535868467133e+02	
  2.7930000000000000e+04	 -5.4625364171577871e+01	  3.9644856669742683e+02	
  2.7960000000000000e+04	 -3.7031179643971107e+01	  3.9942999811310358e+02	
  2.7990000000000000e+04	 1.3889591236711205e+01	  4.0111157623970541e+02	
  2.8020000000000000e+04	 5.6123687722555438e+01	  3.9691983165879122e+02	
  2.8050000000000000e+04	 7.6875456611200988e+01	  4.0195037665766711e+02	
  2.8080000000000000e+04	 7.7737307123612226e+01	  4.0036733173948829e+02	
  2.8110000000000000e+04	 7.7409513891510471e+01	  3.9848520756149799e+02	
  2.8140000000000000e+04	 7.6115543915149232e+01	  3.9733683208036393e+02	
  2.8170000000000000e+04	 7.7993381850336206e+01	  3.9638078004803737e+02	
  2.8200000000000000e+04	 7.7409791723353791e+01	  3.9508420572320364e+02	
  2.8230000000000000e+04	 7.6586701849609284e+01	  3.9512984132347373e+02	
  2.8260000000000000e+04	 6.9149225094998712e+01	  3.6795290286983413e+02	
  2.8290000000000000e+04	 6.4058603567171133e+01	  3.2559252663643190e+02	
  2.8320000000000000e+04	 6.3704436363323225e+01	  2.8909453881288090e+02	
  2.8350000000000000e+04	 5.7423973321782718e+01	  2.5433930371842274e+02	
  2.8380000000000000e+04	 5.3564058214466428e+01	  2.2294890998921491e+02	
  2.8410000000000000e+04	 5.0088824092040774e+01	  1.8021878378743816e+02	
  2.8440000000000000e+04	 4.2715517002037352e+01	  1.5389081527935275e+02	
  2.8470000000000000e+04	 4.2660490800715010e+01	  1.0876426772378205e+02	
  2.8500000000000000e+04	 3.6017803547736264e+01	  7.9609256227270009e+01	
  2.8530000000000000e+04	 2.9843516655470616e+01	  5.4770632006602000e+01	
  2.8560000000000000e+04	 2.2822618369214112e+01	  1.2848113826112986e+01	
  2.8590000000000000e+04	 2.3513442845145196e+01	  -2.3727636868357521e+01	
  2.8620000000000000e+04	 1.8321769494127196e+01	  -5.3799612133550411e+01	
  2.8650000000000000e+04	 1.2114780374959073e+01	  -8.1553332306772887e+01	
  2.8680000000000000e+04	 5.7113560198992737e+00	  -1.1144740267643351e+02	
  2.8710000000000000e+04	 1.1290523852409677e+00	  -1.3782024301724232e+02	
  2.8740000000000000e+04	 -3.3905355366552481e+00	  -1.7931208692072391e+02	
  2.8770000000000000e+04	 -4.1890086460802998e+00	  -2.0622586357070128e+02	
  2.8800000000000000e+04	 -1.1442618629942366e+01	  -2.5873560787292490e+02	
  2.8830000000000000e+04	 2.0514675374855074e+00	  -2.4329546518830190e+02	
  2.8860000000000000e+04	 1.7627318453526350e+01	  -2.2105620126364929e+02	
  2.8890000000000000e+04	 3.8049920351784266e+01	  -1.9351425815696183e+02	
  2.8920000000000000e+04	 4.5763199890634212e+01	  -1.7239706882335264e+02	
  2.8950000000000000e+04	 6.8533322161509830e+01	  -1.3912884251902966e+02	
  2.8980000000000000e+04	 9.3928537391332981e+01	  -1.0591756872710187e+02	
  2.9010000000000000e+04	 1.0719881514546820e+02	  -8.2928976202581580e+01	
  2.9040000000000000e+04	 1.2380309559281937e+02	  -5.0693297857575367e+01	
  2.9070000000000000e+04	 1.3836059246048322e+02	  -2.3543753329347417e+01	
  2.9100000000000000e+04	 1.5682134396549765e+02	  6.6380133468676590e+00	
  2.9130000000000000e+04	 1.7548911966500708e+02	  4.3101227859349414e+01	
  2.9160000000000000e+04	 1.9709616342561384e+02	  7.9769095012474367e+01	
  2.9190000000000000e+04	 2.2742296904706873e+02	  1.1120029508126564e+02	
  2.9220000000000000e+04	 2.3902362755750585e+02	  1.3781660517821635e+02	
  2.9250000000000000e+04	 2.1927973789486086e+02	  9.3935443262254026e+01	
  2.9280000000000000e+04	 2.0433809373282492e+02	  6.5271850411958297e+01	
  2.9310000000000000e+04	 1.9042863196831615e+02	  3.3534131121326951e+01	
  2.9340000000000000e+04	 1.8053660679070174e+02	  1.0499712724733854e+00	
  2.9370000000000000e+04	 1.7021925764376158e+02	  -1.7264985233006549e+01	
  2.9400000000000000e+04	 1.5861086873869530e+02	  -4.1142827687072000e+01	
  2.9430000000000000e+04	 1.4384890639557949e+02	  -7.3759337876831268e+01	
  2.9460000000000000e+04	 1.2363613686543940e+02	  -1.1759225465320996e+02	
  2.9490000000000000e+04	 1.5666836125386956e+02	  -1.2309895286336564e+02	
  2.9520000000000000e+04	 1.8563673322170575e+02	  -1.3108122401553982e+02	
  2.9550000000000000e+04	 2.3368439609929433e+02	  -1.3734948869079969e+02	
  2.9580000000000000e+04	 2.7025101327294504e+02	  -1.4136078033948891e+02	
  2.9610000000000000e+04	 2.9414562106307005e+02	  -1.4885034561214513e+02	
  2.9640000000000000e+04	 3.3370367463125530e+02	  -1.4942288414873704e+02	
  2.9670000000000000e+04	 3.5663636987348218e+02	  -1.4836665614897254e+02	
  2.9700000000000000e+04	 3.8692305643990113e+02	  -1.5720799024788545e+02	
  2.9730000000000000e+04	 4.3663269231749001e+02	  -1.6351750542605086e+02	
  2.9760000000000000e+04	 4.8412441801559856e+02	  -1.6805360573523203e+02	
  2.9790000000000000e+04	 5.2322022852391581e+02	  -1.7600406093899446e+02	
  2.9820000000000000e+04	 5.6492242358373926e+02	  -1.8010355820087409e+02	
  2.9850000000000000e+04	 5.9119717227868398e+02	  -1.8757874330931409e+02	
  2.9880000000000000e+04	 6.2999423650396670e+02	  -1.8783321816239334e+02	
  2.9910000000000000e+04	 6.6277776981822058e+02	  -1.9286162102733590e+02	
  2.9940000000000000e+04	 6.6451931032313894e+02	  -1.9296329203603119e+02	
  2.9970000000000000e+04	 6.6377894680794759e+02	  -1.9485374327189672e+02	
  3.0000000000000000e+04	 6.6571348432763011e+02	  -1.9673361738393811e+02	
  3.0030000000000000e+04	 6.6554701118570051e+02	  -1.9848539214750545e+02	
  3.0060000000000000e+04	 6.6435214540235188e+02	  -1.9726551239994532e+02	
  3.0090000000000000e+04	 6.6308596814280054e+02	  -1.9808383961235924e+02	
  3.0120000000000000e+04	 6.6156812143293632e+02	  -1.9808537127423796e+02	
  3.0150000000000000e+04	 6.6209528051263908e+02	  -1.9913683640585117e+02	
  3.0180000000000000e+04	 6.3769759315843612e+02	  -1.8382170286302522e+02	
  3.0210000000000000e+04	 6.0475819106451024e+02	  -1.6070359901787486e+02	
  3.0240000000000000e+04	 5.7857042902341254e+02	  -1.4049119009081039e+02	
  3.0270000000000000e+04	 5.4128902271049560e+02	  -1.1284318738243354e+02	
  3.0300000000000000e+04	 5.1107236731522352e+02	  -8.7932100372705975e+01	
  3.0330000000000000e+04	 4.9318497736390049e+02	  -7.8875468031562747e+01	
  3.0360000000000000e+04	 4.7067514443444458e+02	  -7.0775863506266319e+01	
  3.0390000000000000e+04	 4.5147944964557627e+02	  -5.6331467076731649e+01	
  3.0420000000000000e+04	 4.3329930992286717e+02	  -3.8119580095305764e+01	
  3.0450000000000000e+04	 3.8878026598579186e+02	  -1.3498217934201854e+01	
  3.0480000000000000e+04	 3.4569890147861423e+02	  8.8990444077489137e+00	
  3.0510000000000000e+04	 3.1079436743665758e+02	  3.1849065744951243e+01	
  3.0540000000000000e+04	 2.7241035527431382e+02	  5.3539505336543272e+01	
  3.0570000000000000e+04	 2.3586735558633549e+02	  8.3108492262412142e+01	
  3.0600000000000000e+04	 2.0879842309953111e+02	  9.7424693767581147e+01	
  3.0630000000000000e+04	 1.7264451740465742e+02	  1.2086162419647779e+02	
  3.0660000000000000e+04	 1.4631808908985360e+02	  1.3351565423709670e+02	
  3.0690000000000000e+04	 1.1000175383950902e+02	  1.5764935727631772e+02	
  3.0720000000000000e+04	 7.8131035780867705e+01	  1.7744990042397745e+02	
