  0.0000000000000000e+00	 3.9697844573874204e+02	  -6.4447303476389934e+01	
  3.0000000000000000e+01	 4.0057792557845272e+02	  -9.7450677427789145e+01	
  6.0000000000000000e+01	 3.8969015740443245e+02	  -6.4852569737876564e+01	
  9.0000000000000000e+01	 3.8785142433747262e+02	  -4.3226744221963052e+01	
  1.2000000000000000e+02	 3.8421599375119189e+02	  -2.2803541589761636e+01	
  1.5000000000000000e+02	 3.7407730112228643e+02	  1.5904108510742496e+01	
  1.8000000000000000e+02	 3.6670209739763078e+02	  3.9214916117617882e+01	
  2.1000000000000000e+02	 3.6199078447323012e+02	  6.7582956930713692e+01	
  2.4000000000000000e+02	 3.5206556621855174e+02	  9.3248003366989252e+01	
  2.7000000000000000e+02	 3.4696434227845123e+02	  1.3343968421832912e+02	
  3.0000000000000000e+02	 3.3872692615671008e+02	  1.5876888098350463e+02	
  3.3000000000000000e+02	 3.3853794427384577e+02	  1.7885958827028287e+02	
  3.6000000000000000e+02	 3.2989119477045818e+02	  2.1995141193776578e+02	
  3.9000000000000000e+02	 3.2144594837006633e+02	  2.4191382699237124e+02	
  4.2000000000000000e+02	 3.1973292658310396e+02	  2.7061788778608724e+02	
  4.5000000000000000e+02	 3.0579558626493690e+02	  3.2005942904829737e+02	
  4.8000000000000000e+02	 2.7411075763871361e+02	  3.2028373905543822e+02	
  5.1000000000000000e+02	 2.2345375168669955e+02	  3.1849350591627154e+02	
  5.4000000000000000e+02	 1.7301126146089425e+02	  3.2085947200421163e+02	
  5.7000000000000000e+02	 1.5073565297710871e+02	  3.1525339973466151e+02	
  6.0000000000000000e+02	 1.2946521909375628e+02	  3.1348071933457601e+02	
  6.3000000000000000e+02	 1.0645300028334566e+02	  3.1590034388361471e+02	
  6.6000000000000000e+02	 6.3350862438634465e+01	  3.1841731448021130e+02	
  6.9000000000000000e+02	 1.9636775292332821e+01	  3.1314153022914769e+02	
  7.2000000000000000e+02	 -2.4223702533868448e+00	  3.1322926215050467e+02	
  7.5000000000000000e+02	 -5.0585123895710900e+01	  3.0854959012860468e+02	
  7.8000000000000000e+02	 -8.3568735993723976e+01	  3.0967316487736173e+02	
  8.1000000000000000e+02	 -1.1677468694920866e+02	  3.0967708059452093e+02	
  8.4000000000000000e+02	 -1.0408609726665617e+02	  2.7893671350887792e+02	
  8.7000000000000000e+02	 -9.4358521158823180e+01	  2.5767558151872140e+02	
  9.0000000000000000e+02	 -8.0465619153030218e+01	  2.3446977649218348e+02	
  9.3000000000000000e+02	 -6.2997354033116629e+01	  2.0126158505168488e+02	
  9.6000000000000000e+02	 -5.3537055498387744e+01	  1.8136760885305404e+02	
  9.9000000000000000e+02	 -3.5705758862955697e+01	  1.5829639520121199e+02	
  1.0200000000000000e+03	 -2.1268513862268499e+01	  1.2369207260096535e+02	
  1.0500000000000000e+03	 2.4373769531061740e-01	  9.4512941661595818e+01	
  1.0800000000000000e+03	 2.5369509595354625e+01	  5.2017832243769227e+01	
  1.1100000000000000e+03	 3.9930041718294710e+01	  1.3953438249229784e+01	
  1.1400000000000000e+03	 4.7471841198071232e+01	  -5.9263160826965020e+00	
  1.1700000000000000e+03	 6.8840146791787006e+01	  -5.4240587774040492e+01	
  1.2000000000000000e+03	 8.3401748996442464e+01	  -7.2664030833304480e+01	
  1.2300000000000000e+03	 9.7765444408439393e+01	  -1.0400464022646938e+02	
  1.2600000000000000e+03	 1.2024842175925494e+02	  -1.4265028017661322e+02	
  1.2900000000000000e+03	 1.2915302971959107e+02	  -1.7000399958597706e+02	
  1.3200000000000000e+03	 1.5217858012051954e+02	  -2.1064619671399217e+02	
  1.3500000000000000e+03	 1.6875010300341069e+02	  -2.4008561145945666e+02	
  1.3800000000000000e+03	 1.7708032604223536e+02	  -2.6491244181832514e+02	
  1.4100000000000000e+03	 1.9672849218429471e+02	  -2.9493953893601008e+02	
  1.4400000000000000e+03	 2.1762436515186320e+02	  -3.0376181891498783e+02	
  1.4700000000000000e+03	 2.3855926547170259e+02	  -3.0732086932491171e+02	
  1.5000000000000000e+03	 2.6503357290771498e+02	  -3.1501458167777344e+02	
  1.5300000000000000e+03	 3.0772566357925859e+02	  -3.2523321443799125e+02	
  1.5600000000000000e+03	 3.3406912818233673e+02	  -3.3343721381355311e+02	
  1.5900000000000000e+03	 3.1340371086128255e+02	  -3.1480237128108951e+02	
  1.6200000000000000e+03	 2.8263449800425860e+02	  -2.8072599842284416e+02	
  1.6500000000000000e+03	 2.5855178933891563e+02	  -2.5427732522178152e+02	
  1.6800000000000000e+03	 2.3728345952432187e+02	  -2.2986320261537887e+02	
  1.7100000000000000e+03	 2.2230161553226435e+02	  -2.1453296144313128e+02	
  1.7400000000000000e+03	 1.8835247061846835e+02	  -1.7962930688268924e+02	
  1.7700000000000000e+03	 1.7041843152106938e+02	  -1.6045156057375220e+02	
  1.8000000000000000e+03	 1.3179599753912612e+02	  -1.2688069179116627e+02	
  1.8300000000000000e+03	 1.0352222630157279e+02	  -9.5556778289234089e+01	
  1.8600000000000000e+03	 7.8892073954718825e+01	  -7.1893437068779946e+01	
  1.8900000000000000e+03	 4.8723092970097618e+01	  -3.5487775052816779e+01	
  1.9200000000000000e+03	 3.1335734699110166e+01	  -1.8010660836214704e+01	
  1.9500000000000000e+03	 1.1128567679131908e+01	  8.3983957590423408e+00	
  1.9800000000000000e+03	 -6.1907525486025143e+00	  3.4846427501400996e+01	
  2.0100000000000000e+03	 -3.8824912738931232e+01	  6.9374962740230913e+01	
  2.0400000000000000e+03	 -5.4543951826608335e+01	  8.9063225724617126e+01	
  2.0700000000000000e+03	 -7.5676658833745037e+01	  1.1304098936560962e+02	
  2.1000000000000000e+03	 -1.0493163383311811e+02	  1.3882561283681642e+02	
  2.1300000000000000e+03	 -1.3097358105012739e+02	  1.6232134114456022e+02	
  2.1600000000000000e+03	 -1.6176793570900153e+02	  1.9881923035486946e+02	
  2.1900000000000000e+03	 -1.8584572062108808e+02	  2.2000160702303612e+02	
  2.2200000000000000e+03	 -2.1589011946698554e+02	  2.5088517432241650e+02	
  2.2500000000000000e+03	 -2.3141616259581096e+02	  2.7584749768600994e+02	
  2.2800000000000000e+03	 -2.5540375668673744e+02	  3.0001875971255203e+02	
  2.3100000000000000e+03	 -2.8699466936810808e+02	  3.3746868350481083e+02	
  2.3400000000000000e+03	 -2.9684191233285208e+02	  3.5104466748959021e+02	
  2.3700000000000000e+03	 -3.2758410044110855e+02	  3.8676155015644719e+02	
  2.4000000000000000e+03	 -3.4216938293035190e+02	  3.9962343735109954e+02	
  2.4300000000000000e+03	 -3.7639386135142763e+02	  4.3215043599759144e+02	
  2.4600000000000000e+03	 -4.0790293172073495e+02	  4.6199450549488267e+02	
  2.4900000000000000e+03	 -4.4089690062456975e+02	  4.9825084322948601e+02	
  2.5200000000000000e+03	 -4.5870274919478953e+02	  5.1684693836872452e+02	
  2.5500000000000000e+03	 -4.8251000441415442e+02	  5.4075153212731493e+02	
  2.5800000000000000e+03	 -4.9543524596024497e+02	  5.5678887528429118e+02	
  2.6100000000000000e+03	 -5.2526039219847439e+02	  5.8519771192381438e+02	
  2.6400000000000000e+03	 -5.5027154090243175e+02	  6.1383175123971296e+02	
  2.6700000000000000e+03	 -5.7967093307979212e+02	  6.4493123018012534e+02	
  2.7000000000000000e+03	 -6.0087512428474759e+02	  6.6181441536144689e+02	
  2.7300000000000000e+03	 -6.1518744536325801e+02	  6.7685499055242303e+02	
  2.7600000000000000e+03	 -6.3612384195934692e+02	  7.0997606126004166e+02	
  2.7900000000000000e+03	 -6.6082758661380569e+02	  7.3212726319193303e+02	
  2.8200000000000000e+03	 -6.8404118788167318e+02	  7.5030775966329429e+02	
  2.8500000000000000e+03	 -7.0515164185483479e+02	  7.7499183977676796e+02	
  2.8800000000000000e+03	 -7.1778011545827258e+02	  7.9080221534592738e+02	
  2.9100000000000000e+03	 -7.1778168497061745e+02	  7.9268373277930073e+02	
  2.9400000000000000e+03	 -7.1635573231985109e+02	  7.9236740442373264e+02	
  2.9700000000000000e+03	 -7.1596725891756535e+02	  7.9065926004675180e+02	
  3.0000000000000000e+03	 -7.1572521106024953e+02	  7.8974692121426483e+02	
  3.0300000000000000e+03	 -7.1432730481585975e+02	  7.8985396607063490e+02	
  3.0600000000000000e+03	 -6.6788909521672349e+02	  7.8686045910169253e+02	
  3.0900000000000000e+03	 -6.3366145741075104e+02	  7.8815629227668319e+02	
  3.1200000000000000e+03	 -5.9275622428801853e+02	  7.8733665313631570e+02	
  3.1500000000000000e+03	 -5.7379395792890239e+02	  7.8373827836346709e+02	
  3.1800000000000000e+03	 -5.2530342606781505e+02	  7.7541360067422170e+02	
  3.2100000000000000e+03	 -4.8455520992865132e+02	  7.7065657874079614e+02	
  3.2400000000000000e+03	 -4.4627593369110593e+02	  7.6836872985401544e+02	
  3.2700000000000000e+03	 -3.9208306313492022e+02	  7.6824067153468036e+02	
  3.3000000000000000e+03	 -3.5985057111066828e+02	  7.6511997771490257e+02	
  3.3300000000000000e+03	 -3.2786621875753343e+02	  7.6524052730025983e+02	
  3.3600000000000000e+03	 -2.9106393767940324e+02	  7.5849581504059131e+02	
  3.3900000000000000e+03	 -2.5333465479987768e+02	  7.5615983722755300e+02	
  3.4200000000000000e+03	 -2.2035126789105163e+02	  7.5733375617276067e+02	
  3.4500000000000000e+03	 -2.0008733561804519e+02	  7.5279319637091442e+02	
  3.4800000000000000e+03	 -1.7524717107539524e+02	  7.5492777847156015e+02	
  3.5100000000000000e+03	 -1.3967817684393862e+02	  7.5333735582378256e+02	
  3.5400000000000000e+03	 -1.0480061840186546e+02	  7.5123871842935989e+02	
  3.5700000000000000e+03	 -6.4743226495631959e+01	  7.4898433993269259e+02	
  3.6000000000000000e+03	 -2.2715254350330127e+01	  7.4238776715133451e+02	
  3.6300000000000000e+03	 4.8184872428459684e+00	  7.4109442933237926e+02	
  3.6600000000000000e+03	 5.3042098313289188e+01	  7.3702081281128937e+02	
  3.6900000000000000e+03	 8.4616278842715786e+01	  7.3408475517520560e+02	
  3.7200000000000000e+03	 1.2627128007735736e+02	  7.2965066717822060e+02	
  3.7500000000000000e+03	 1.6662245748361943e+02	  7.3035580379494093e+02	
  3.7800000000000000e+03	 1.9279446407689488e+02	  7.2430442636492626e+02	
  3.8100000000000000e+03	 2.3189679908237210e+02	  7.2346847187582091e+02	
  3.8400000000000000e+03	 2.6840535322523806e+02	  7.2087581294441577e+02	
  3.8700000000000000e+03	 2.9969446670211340e+02	  7.1644824689425241e+02	
  3.9000000000000000e+03	 3.2742945008539414e+02	  7.1094948700981399e+02	
  3.9300000000000000e+03	 3.5808989448502871e+02	  7.0529631438665967e+02	
  3.9600000000000000e+03	 3.9125912027202952e+02	  6.9874535045078358e+02	
  3.9900000000000000e+03	 4.3883069149431128e+02	  6.9582665374054375e+02	
  4.0200000000000000e+03	 4.6346153891031122e+02	  6.8991163846166478e+02	
  4.0500000000000000e+03	 5.1157889540039071e+02	  6.8834628167518292e+02	
  4.0800000000000000e+03	 5.3447374705304117e+02	  6.8910237848876113e+02	
  4.1100000000000000e+03	 5.5681103482943524e+02	  6.8288433903165753e+02	
  4.1400000000000000e+03	 5.4711101923136664e+02	  6.4857110995793801e+02	
  4.1700000000000000e+03	 5.4389244035505874e+02	  6.2434156531500844e+02	
  4.2000000000000000e+03	 5.3457886579801345e+02	  5.9647328792338192e+02	
  4.2300000000000000e+03	 5.2479284548721796e+02	  5.5209785737265247e+02	
  4.2600000000000000e+03	 5.1577059961738928e+02	  5.2264922002540038e+02	
  4.2900000000000000e+03	 5.1454305770420433e+02	  4.9443048076739524e+02	
  4.3200000000000000e+03	 5.0862593819293420e+02	  4.5650118152305060e+02	
  4.3500000000000000e+03	 5.0352578935484939e+02	  4.1411013962246955e+02	
  4.3800000000000000e+03	 4.9441073667339884e+02	  3.8790303883342568e+02	
  4.4100000000000000e+03	 4.8608002099075202e+02	  3.4566096812573880e+02	
  4.4400000000000000e+03	 4.7999082907379767e+02	  3.1269725101006765e+02	
  4.4700000000000000e+03	 4.7443982849418092e+02	  2.6731375726691834e+02	
  4.5000000000000000e+03	 4.7108554481348727e+02	  2.3430651828587398e+02	
  4.5300000000000000e+03	 4.6180324426459947e+02	  2.0787646942591735e+02	
  4.5600000000000000e+03	 4.5538146457915428e+02	  1.7786846327651233e+02	
  4.5900000000000000e+03	 4.4567554733959804e+02	  1.4326215601205135e+02	
  4.6200000000000000e+03	 4.4368781103036594e+02	  1.1042966418676413e+02	
  4.6500000000000000e+03	 4.3812550784902231e+02	  9.3533744549339630e+01	
  4.6800000000000000e+03	 4.3043690605711845e+02	  4.6921854963590334e+01	
  4.7100000000000000e+03	 4.2550445066388738e+02	  2.4467353822801122e+01	
  4.7400000000000000e+03	 4.1916349554457435e+02	  -2.9604392589310891e-01	
  4.7700000000000000e+03	 4.1519110082565737e+02	  -3.7814999961931079e+01	
  4.8000000000000000e+03	 4.0665899949220045e+02	  -8.4189593324005131e+01	
  4.8300000000000000e+03	 4.0738421059808934e+02	  -1.0565048282040571e+02	
  4.8600000000000000e+03	 4.0395381238181841e+02	  -1.4633056531366122e+02	
  4.8900000000000000e+03	 4.0032521352169897e+02	  -1.7594029306823703e+02	
  4.9200000000000000e+03	 3.9929885450346484e+02	  -2.0586338822408283e+02	
  4.9500000000000000e+03	 3.9323520073624070e+02	  -2.5619472697656710e+02	
  4.9800000000000000e+03	 3.6461050691089611e+02	  -2.3049840029984296e+02	
  5.0100000000000000e+03	 3.4939722534191401e+02	  -2.1305715429117322e+02	
  5.0400000000000000e+03	 3.1469328978649349e+02	  -1.7750108011801578e+02	
  5.0700000000000000e+03	 2.9782490022615366e+02	  -1.6062547889555475e+02	
  5.1000000000000000e+03	 2.7969242855855674e+02	  -1.4134804818306964e+02	
  5.1300000000000000e+03	 2.5019020220640269e+02	  -1.0876179156442674e+02	
  5.1600000000000000e+03	 2.1776863631554568e+02	  -7.2947404951703689e+01	
  5.1900000000000000e+03	 1.9692653510948125e+02	  -5.8243297882246758e+01	
  5.2200000000000000e+03	 1.6337008657666135e+02	  -2.8149384505954806e+01	
  5.2500000000000000e+03	 1.3491312587467044e+02	  -7.1924705643668077e+00	
  5.2800000000000000e+03	 1.1580341460190765e+02	  1.6825140817550952e+01	
  5.3100000000000000e+03	 9.6328788450711713e+01	  4.1514941696700326e+01	
  5.3400000000000000e+03	 8.2759069424174371e+01	  5.3134681221025737e+01	
  5.3700000000000000e+03	 6.2318205193157716e+01	  7.5459754409894160e+01	
  5.4000000000000000e+03	 3.0246778712934926e+01	  9.7949107100458008e+01	
  5.4300000000000000e+03	 8.3064268213369843e+00	  1.1678566947561717e+02	
  5.4600000000000000e+03	 -1.7608632392374052e+01	  1.3764029144965380e+02	
  5.4900000000000000e+03	 -4.6174226239683051e+01	  1.6590722670428352e+02	
  5.5200000000000000e+03	 -7.6628928685672690e+01	  1.9652843675175032e+02	
  5.5500000000000000e+03	 -6.6667666355480662e+01	  1.7305522590407591e+02	
  5.5800000000000000e+03	 -5.3147398688060747e+01	  1.4571196451422668e+02	
  5.6100000000000000e+03	 -3.4993087047825135e+01	  1.0454411105468171e+02	
  5.6400000000000000e+03	 -2.6368588491705950e+01	  8.0777882563025727e+01	
  5.6700000000000000e+03	 -1.4642224974139641e+01	  4.7489190572213097e+01	
  5.7000000000000000e+03	 -4.2388466290985072e+00	  2.2120016239405270e+01	
  5.7300000000000000e+03	 1.0584381698538177e+01	  -1.7003779500278792e+01	
  5.7600000000000000e+03	 1.8060175242639133e+01	  -5.1801991350831997e+01	
  5.7900000000000000e+03	 3.1956165986867585e+01	  -8.9863912202107969e+01	
  5.8200000000000000e+03	 3.8541042885370800e+01	  -1.1151072074153380e+02	
  5.8500000000000000e+03	 4.8489256839567474e+01	  -1.4904863104174575e+02	
  5.8800000000000000e+03	 6.0584677787502912e+01	  -1.7851210215216872e+02	
  5.9100000000000000e+03	 6.6661871364005094e+01	  -2.0065711168244707e+02	
  5.9400000000000000e+03	 7.2128318725351136e+01	  -2.2278458963778104e+02	
  5.9700000000000000e+03	 9.0257118531104993e+01	  -2.5501411020458431e+02	
  6.0000000000000000e+03	 1.1207855378589245e+02	  -2.9746306173278981e+02	
  6.0300000000000000e+03	 1.3143145396624496e+02	  -3.4488969620106644e+02	
  6.0600000000000000e+03	 1.4999124302196162e+02	  -3.8309121344272808e+02	
  6.0900000000000000e+03	 1.6964416197110756e+02	  -4.2822368120640164e+02	
  6.1200000000000000e+03	 1.7760541385454275e+02	  -4.5941418245418777e+02	
  6.1500000000000000e+03	 1.8199111220423742e+02	  -4.8193492168013864e+02	
  6.1800000000000000e+03	 1.8887191436241079e+02	  -4.9612653311440732e+02	
  6.2100000000000000e+03	 1.9062559260811690e+02	  -4.9641670917113726e+02	
  6.2400000000000000e+03	 1.8895014893040380e+02	  -4.9517240815025099e+02	
  6.2700000000000000e+03	 1.8818235305236834e+02	  -4.7136935336527398e+02	
  6.3000000000000000e+03	 1.8708570902649777e+02	  -4.5253642144259715e+02	
  6.3300000000000000e+03	 1.8090757739668908e+02	  -4.1031519267997959e+02	
  6.3600000000000000e+03	 1.7033314613401367e+02	  -3.6477041727623418e+02	
  6.3900000000000000e+03	 1.5719835636094152e+02	  -3.2092727349435341e+02	
  6.4200000000000000e+03	 1.5055059285059221e+02	  -2.7837095508740549e+02	
  6.4500000000000000e+03	 1.4720711608534023e+02	  -2.4782396296906825e+02	
  6.4800000000000000e+03	 1.3480015355273258e+02	  -2.0442727407050637e+02	
  6.5100000000000000e+03	 1.3033426255640831e+02	  -1.6183245072915747e+02	
  6.5400000000000000e+03	 1.2166557159507289e+02	  -1.0929782582528442e+02	
  6.5700000000000000e+03	 1.1360075908795294e+02	  -8.5727630467577441e+01	
  6.6000000000000000e+03	 1.0705210381292065e+02	  -4.6937166371658968e+01	
  6.6300000000000000e+03	 1.0355527536107716e+02	  -8.7116761870006698e+00	
  6.6600000000000000e+03	 9.9101054148323556e+01	  3.6263906219962166e+01	
  6.6900000000000000e+03	 9.6332353439616298e+01	  7.6471213714842605e+01	
  6.7200000000000000e+03	 8.9786129423570330e+01	  1.1136804578983933e+02	
  6.7500000000000000e+03	 8.4954930482904217e+01	  1.3844809972802574e+02	
  6.7800000000000000e+03	 8.3573500371488194e+01	  1.7129925574342485e+02	
  6.8100000000000000e+03	 7.7377540801290806e+01	  2.1229382474074762e+02	
  6.8400000000000000e+03	 7.1382894132386994e+01	  2.4481509380220240e+02	
  6.8700000000000000e+03	 6.4923739101206081e+01	  2.8454006735742229e+02	
  6.9000000000000000e+03	 5.3768353717971308e+01	  3.2977427136661635e+02	
  6.9300000000000000e+03	 4.1915954878195208e+01	  3.6816673114412538e+02	
  6.9600000000000000e+03	 3.5718115504958035e+01	  3.9791665974254408e+02	
  6.9900000000000000e+03	 2.2583234793105269e+01	  4.3511809774503553e+02	
  7.0200000000000000e+03	 9.8858457241556241e+00	  4.7766031868255141e+02	
  7.0500000000000000e+03	 6.8707020094085145e+00	  5.0964615089164158e+02	
  7.0800000000000000e+03	 -3.2557172480615879e+00	  5.5183979806232992e+02	
  7.1100000000000000e+03	 -7.0362147807586295e+00	  5.7223459929926628e+02	
  7.1400000000000000e+03	 -1.2376244705292425e+01	  5.7944989529733004e+02	
  7.1700000000000000e+03	 -1.2323904823702426e+01	  5.8019756570790412e+02	
  7.2000000000000000e+03	 -1.3222613330288258e+01	  5.8019263474934712e+02	
  7.2300000000000000e+03	 9.5876576652706724e+00	  5.6401088626135595e+02	
  7.2600000000000000e+03	 4.7082289250159917e+01	  5.2932860429406674e+02	
  7.2900000000000000e+03	 7.5219709940387290e+01	  5.0102786864047005e+02	
  7.3200000000000000e+03	 1.0291353461158138e+02	  4.6854759411414295e+02	
  7.3500000000000000e+03	 1.3654658064215602e+02	  4.3492991100996431e+02	
  7.3800000000000000e+03	 1.6364597208609686e+02	  4.1274252870842861e+02	
  7.4100000000000000e+03	 1.9598683226478948e+02	  3.8711734620974840e+02	
  7.4400000000000000e+03	 2.3101915183105336e+02	  3.5885630297657542e+02	
  7.4700000000000000e+03	 2.4597141531276267e+02	  3.4451879803930251e+02	
  7.5000000000000000e+03	 2.7158182957474111e+02	  3.1603908482940994e+02	
  7.5300000000000000e+03	 3.0525898941442279e+02	  2.8870465171502514e+02	
  7.5600000000000000e+03	 3.2525239789365895e+02	  2.7003501378759995e+02	
  7.5900000000000000e+03	 3.4589406130233129e+02	  2.5345155058454549e+02	
  7.6200000000000000e+03	 3.6970546649388587e+02	  2.4122454121677009e+02	
  7.6500000000000000e+03	 3.6707153625777590e+02	  2.0970704924213871e+02	
  7.6800000000000000e+03	 3.7081007235369265e+02	  1.6349036906909561e+02	
  7.7100000000000000e+03	 3.6849776691850201e+02	  1.1324729121615346e+02	
  7.7400000000000000e+03	 3.7152550096870874e+02	  7.9773547117483702e+01	
  7.7700000000000000e+03	 3.7535179487786019e+02	  3.3773068043109234e+01	
  7.8000000000000000e+03	 3.7721342114590135e+02	  1.1211715953703965e+01	
  7.8300000000000000e+03	 3.7534092591953089e+02	  -3.7888285697050193e+01	
  7.8600000000000000e+03	 3.7934727736974321e+02	  -6.7355821127106424e+01	
  7.8900000000000000e+03	 3.8201673058839413e+02	  -1.0203036456385988e+02	
  7.9200000000000000e+03	 3.7981308280424645e+02	  -1.4555901740595857e+02	
  7.9500000000000000e+03	 3.7734797204469714e+02	  -1.9388945097171847e+02	
  7.9800000000000000e+03	 3.7688270832404896e+02	  -2.2126507418932914e+02	
  8.0100000000000000e+03	 3.7828683146879212e+02	  -2.5380452178258980e+02	
  8.0400000000000000e+03	 3.7868565955685847e+02	  -2.7585674152528719e+02	
  8.0700000000000000e+03	 3.7748352817743961e+02	  -3.0053654266326015e+02	
  8.1000000000000000e+03	 3.7132781865921100e+02	  -3.4121089577817850e+02	
  8.1300000000000000e+03	 3.6625757863442578e+02	  -3.4530409514625700e+02	
  8.1600000000000000e+03	 3.6567934189921357e+02	  -3.4701442132190039e+02	
  8.1900000000000000e+03	 3.6756842592018518e+02	  -3.4712208138667751e+02	
  8.2200000000000000e+03	 3.6795828444486716e+02	  -3.4721905791988053e+02	
  8.2500000000000000e+03	 3.6922136328100964e+02	  -3.4758900269966745e+02	
  8.2800000000000000e+03	 3.6823305640600853e+02	  -3.4675900874858360e+02	
  8.3100000000000000e+03	 3.6802032582055762e+02	  -3.4737673138985997e+02	
  8.3400000000000000e+03	 3.2933378778248868e+02	  -3.4442855956440650e+02	
  8.3700000000000000e+03	 2.8953498485298405e+02	  -3.3898848331130768e+02	
  8.4000000000000000e+03	 2.5639980202576919e+02	  -3.3814709242141356e+02	
  8.4300000000000000e+03	 2.0925761797793021e+02	  -3.2899178516287793e+02	
  8.4600000000000000e+03	 1.5984493840102846e+02	  -3.2412522702959120e+02	
  8.4900000000000000e+03	 1.1250389280254191e+02	  -3.2017532915376194e+02	
  8.5200000000000000e+03	 8.2477765783323136e+01	  -3.1601539792515564e+02	
  8.5500000000000000e+03	 6.0594417209684593e+01	  -3.1183327272592231e+02	
  8.5800000000000000e+03	 3.5238274700086208e+01	  -3.0903078775163704e+02	
  8.6100000000000000e+03	 -6.0115692229557141e+00	  -3.0390267013638572e+02	
  8.6400000000000000e+03	 -4.6234118808231017e+01	  -2.9817500098714675e+02	
  8.6700000000000000e+03	 -8.6930433366315896e+01	  -2.9102176687447343e+02	
  8.7000000000000000e+03	 -1.0801995354039366e+02	  -2.8623970812031928e+02	
  8.7300000000000000e+03	 -1.4465656076765919e+02	  -2.7700585304726002e+02	
  8.7600000000000000e+03	 -1.7509307764073893e+02	  -2.6689577936324685e+02	
  8.7900000000000000e+03	 -2.2509261583151445e+02	  -2.5356249618940174e+02	
  8.8200000000000000e+03	 -2.7100048285589043e+02	  -2.4967283009876650e+02	
  8.8500000000000000e+03	 -3.1860383584960380e+02	  -2.3799950477557593e+02	
  8.8800000000000000e+03	 -3.3450316545427114e+02	  -2.3489515532464003e+02	
  8.9100000000000000e+03	 -3.6434506947029951e+02	  -2.3503173153956209e+02	
  8.9400000000000000e+03	 -3.5242039077235864e+02	  -2.1401847325210434e+02	
  8.9700000000000000e+03	 -3.3218884136249875e+02	  -1.8455149405256870e+02	
  9.0000000000000000e+03	 -3.0967666304863951e+02	  -1.4898226941659476e+02	
  9.0300000000000000e+03	 -2.9304018414437684e+02	  -1.2895958323905259e+02	
  9.0600000000000000e+03	 -2.7151497141913273e+02	  -9.9999276743651649e+01	
  9.0900000000000000e+03	 -2.4857486698132942e+02	  -5.7261609836460650e+01	
  9.1200000000000000e+03	 -2.2667737624066010e+02	  -2.0915377782564967e+01	
  9.1500000000000000e+03	 -2.0067161788449988e+02	  2.3205158148839693e+01	
  9.1800000000000000e+03	 -1.8287072939584613e+02	  4.5412765488748441e+01	
  9.2100000000000000e+03	 -1.6739924257149042e+02	  6.3782577213784030e+01	
  9.2400000000000000e+03	 -1.5222324588138329e+02	  8.8647293099703305e+01	
  9.2700000000000000e+03	 -1.2899544493459291e+02	  1.2318165702347811e+02	
  9.3000000000000000e+03	 -1.0021178937913851e+02	  1.5565773695392531e+02	
  9.3300000000000000e+03	 -7.2311682734076072e+01	  1.9230986509869376e+02	
  9.3600000000000000e+03	 -5.4799918854880687e+01	  2.1399816398011143e+02	
  9.3900000000000000e+03	 -4.2331077277920471e+01	  2.3454572486896816e+02	
  9.4200000000000000e+03	 -2.2351211539880204e+01	  2.6182189936410589e+02	
  9.4500000000000000e+03	 5.6142248039372085e+00	  2.9851349096698948e+02	
  9.4800000000000000e+03	 3.3750781341164753e+01	  3.4227051699219226e+02	
  9.5100000000000000e+03	 5.1894532512564417e+01	  3.5947001945128397e+02	
  9.5400000000000000e+03	 6.0700564340121545e+01	  3.2752668525928476e+02	
  9.5700000000000000e+03	 6.7701913774613388e+01	  3.0590431422648930e+02	
  9.6000000000000000e+03	 8.1951476206661425e+01	  2.7021471265520995e+02	
  9.6300000000000000e+03	 9.3967059525038636e+01	  2.3282510357649306e+02	
  9.6600000000000000e+03	 1.0878723676454634e+02	  1.9444154272138957e+02	
  9.6900000000000000e+03	 1.2414754577134812e+02	  1.6573018875477723e+02	
  9.7200000000000000e+03	 1.3563936019059759e+02	  1.3432034330650308e+02	
  9.7500000000000000e+03	 1.5099417085234046e+02	  1.0156980318232564e+02	
  9.7800000000000000e+03	 1.6822613883483825e+02	  6.5389688663934095e+01	
  9.8100000000000000e+03	 1.8793177068178832e+02	  2.8411302647189657e+01	
  9.8400000000000000e+03	 1.9933479910977380e+02	  -1.0612655200720432e+01	
  9.8700000000000000e+03	 2.1475022353552274e+02	  -4.7284162261907262e+01	
  9.9000000000000000e+03	 2.3074078818266966e+02	  -8.3575567292383028e+01	
  9.9300000000000000e+03	 2.4210514276774566e+02	  -1.1666970403408192e+02	
  9.9600000000000000e+03	 2.5300866164233065e+02	  -1.4140156608565246e+02	
  9.9900000000000000e+03	 2.5846965854520005e+02	  -1.6648751040951228e+02	
  1.0020000000000000e+04	 2.6762697260691112e+02	  -1.9447564246549831e+02	
  1.0050000000000000e+04	 2.8180887100012052e+02	  -2.3970605011363452e+02	
  1.0080000000000000e+04	 2.9418537948991241e+02	  -2.6416041815310388e+02	
  1.0110000000000000e+04	 3.0707109675713639e+02	  -2.9651405519070431e+02	
  1.0140000000000000e+04	 3.2824193874151882e+02	  -3.4233265782253847e+02	
  1.0170000000000000e+04	 3.3443362473012718e+02	  -3.7034166189628286e+02	
  1.0200000000000000e+04	 3.4994662248765400e+02	  -3.9847227558653259e+02	
  1.0230000000000000e+04	 3.5943498539104451e+02	  -4.1665766577762611e+02	
  1.0260000000000000e+04	 3.7631847615741572e+02	  -4.6468115539728569e+02	
  1.0290000000000000e+04	 3.9211818667368317e+02	  -5.0526356493580829e+02	
  1.0320000000000000e+04	 4.0307180304728445e+02	  -5.4740319579335051e+02	
  1.0350000000000000e+04	 4.0345468251487557e+02	  -5.4670064035275777e+02	
  1.0380000000000000e+04	 4.0278450620815988e+02	  -5.4779782058703370e+02	
  1.0410000000000000e+04	 4.0099528039747690e+02	  -5.4931937663191320e+02	
  1.0440000000000000e+04	 4.0131805538267696e+02	  -5.4827576610708684e+02	
  1.0470000000000000e+04	 4.0199888711087334e+02	  -5.4708853397588678e+02	
  1.0500000000000000e+04	 4.0247200941821620e+02	  -5.4718764172979263e+02	
  1.0530000000000000e+04	 4.0338199859569698e+02	  -5.4734633224794186e+02	
  1.0560000000000000e+04	 4.0350620768466086e+02	  -5.4839614647134647e+02	
  1.0590000000000000e+04	 4.0770837754038052e+02	  -5.0224094021103321e+02	
  1.0620000000000000e+04	 4.0914491353954458e+02	  -4.6249284980759137e+02	
  1.0650000000000000e+04	 4.1019133204253319e+02	  -4.2424413658884532e+02	
  1.0680000000000000e+04	 4.0882978617760295e+02	  -3.9750860117815478e+02	
  1.0710000000000000e+04	 4.0812642556215286e+02	  -3.5839839232475163e+02	
  1.0740000000000000e+04	 4.0748723143682793e+02	  -3.1969340710965508e+02	
  1.0770000000000000e+04	 4.1019402333535550e+02	  -2.9205007583688382e+02	
  1.0800000000000000e+04	 4.1550108564243538e+02	  -2.4647593220412443e+02	
  1.0830000000000000e+04	 4.2060848703953781e+02	  -2.0928205797506192e+02	
  1.0860000000000000e+04	 4.2655401367514901e+02	  -1.8069112307416154e+02	
  1.0890000000000000e+04	 4.3108737297434146e+02	  -1.3814496669761891e+02	
  1.0920000000000000e+04	 4.3636829525123761e+02	  -9.3180582359417087e+01	
  1.0950000000000000e+04	 4.4181859499168985e+02	  -4.6768417848504029e+01	
  1.0980000000000000e+04	 4.3929583092477463e+02	  2.7887825309896570e+00	
  1.1010000000000000e+04	 4.4314041479086035e+02	  3.3566311937505567e+01	
  1.1040000000000000e+04	 4.4505057102971227e+02	  7.4155739302110049e+01	
  1.1070000000000000e+04	 4.4616390041771530e+02	  1.0624653447074476e+02	
  1.1100000000000000e+04	 4.4857548228637165e+02	  1.2069682320515570e+02	
  1.1130000000000000e+04	 4.4884003031492136e+02	  1.1926759060762345e+02	
  1.1160000000000000e+04	 4.5015263487491080e+02	  1.1945064398774861e+02	
  1.1190000000000000e+04	 4.4990701846999235e+02	  1.2016253286184831e+02	
  1.1220000000000000e+04	 4.5048054024869640e+02	  1.1969120072416246e+02	
  1.1250000000000000e+04	 4.5203283694492706e+02	  1.2135196351642334e+02	
  1.1280000000000000e+04	 4.5353016203896908e+02	  1.2289028428925397e+02	
  1.1310000000000000e+04	 4.5497783218793921e+02	  1.2451175677828505e+02	
  1.1340000000000000e+04	 4.5689857412559564e+02	  1.2274958040708091e+02	
  1.1370000000000000e+04	 4.3420232011459058e+02	  1.3508238164707009e+02	
  1.1400000000000000e+04	 4.1489166731272780e+02	  1.4425926303602208e+02	
  1.1430000000000000e+04	 3.7994130960757064e+02	  1.6538196645946249e+02	
  1.1460000000000000e+04	 3.5794651836210056e+02	  1.8521772240020124e+02	
  1.1490000000000000e+04	 3.1691522168422449e+02	  2.1132186072664300e+02	
  1.1520000000000000e+04	 3.0179078217215010e+02	  2.2752013490970182e+02	
  1.1550000000000000e+04	 2.6952234931596752e+02	  2.5544909104440046e+02	
  1.1580000000000000e+04	 2.3007754928913951e+02	  2.8157531941245719e+02	
  1.1610000000000000e+04	 1.9545133403967031e+02	  3.1397224771746062e+02	
  1.1640000000000000e+04	 1.7103377697324714e+02	  3.3980378392059470e+02	
  1.1670000000000000e+04	 1.5305026498876634e+02	  3.5102323427731125e+02	
  1.1700000000000000e+04	 1.2440292130088955e+02	  3.7512575883781619e+02	
  1.1730000000000000e+04	 1.1088862312214310e+02	  3.8326565906702439e+02	
  1.1760000000000000e+04	 7.4844331195231206e+01	  4.0893795220305583e+02	
  1.1790000000000000e+04	 7.4569891880261409e+01	  4.1047382024989446e+02	
  1.1820000000000000e+04	 7.3807023746592506e+01	  4.1122279930424315e+02	
  1.1850000000000000e+04	 7.2232671796385688e+01	  4.1192679403521129e+02	
  1.1880000000000000e+04	 7.1467849075705232e+01	  4.1340831402772375e+02	
  1.1910000000000000e+04	 7.0916251939972199e+01	  4.1178260479595616e+02	
  1.1940000000000000e+04	 7.1416696736359413e+01	  4.1345854923015617e+02	
  1.1970000000000000e+04	 1.1410080854927827e+02	  4.2955124645891033e+02	
  1.2000000000000000e+04	 1.3734808581481758e+02	  4.3324381162992017e+02	
  1.2030000000000000e+04	 1.5563823184052256e+02	  4.3572481026549195e+02	
  1.2060000000000000e+04	 1.9494797080118994e+02	  4.4615526649898959e+02	
  1.2090000000000000e+04	 2.3583627141738731e+02	  4.5624984293379902e+02	
  1.2120000000000000e+04	 2.7843299347444054e+02	  4.6381273127387891e+02	
  1.2150000000000000e+04	 3.1794105024724746e+02	  4.7661185847830853e+02	
  1.2180000000000000e+04	 3.3862239150126305e+02	  4.8043711013887622e+02	
  1.2210000000000000e+04	 3.6054898057501509e+02	  4.8794768636285204e+02	
  1.2240000000000000e+04	 3.8592836059546295e+02	  4.9464221548367522e+02	
  1.2270000000000000e+04	 4.2039605572013750e+02	  5.0381000571466114e+02	
  1.2300000000000000e+04	 4.5090422428561016e+02	  5.1463040505791719e+02	
  1.2330000000000000e+04	 4.7619059133749056e+02	  5.2033512384459550e+02	
  1.2360000000000000e+04	 5.1245910312504952e+02	  5.3468569924975532e+02	
  1.2390000000000000e+04	 5.5425488883810488e+02	  5.4757958943288804e+02	
  1.2420000000000000e+04	 5.9506627474340644e+02	  5.5622829192276788e+02	
  1.2450000000000000e+04	 6.4306674351822255e+02	  5.6688436710184874e+02	
  1.2480000000000000e+04	 6.6772415319043102e+02	  5.7795864436639511e+02	
  1.2510000000000000e+04	 6.9258565380149435e+02	  5.8774124784134790e+02	
  1.2540000000000000e+04	 7.3727092596226612e+02	  5.9601121640530812e+02	
  1.2570000000000000e+04	 7.7519029785609405e+02	  6.0738869439123300e+02	
  1.2600000000000000e+04	 8.0667291878403068e+02	  6.2016363640180964e+02	
  1.2630000000000000e+04	 8.4519062797301467e+02	  6.3476829811826769e+02	
  1.2660000000000000e+04	 8.4841561918759407e+02	  6.3462228796608611e+02	
  1.2690000000000000e+04	 8.4904881957292775e+02	  6.3444881371639917e+02	
  1.2720000000000000e+04	 8.4713437108721257e+02	  6.3439906194329694e+02	
  1.2750000000000000e+04	 8.4516917366165103e+02	  6.3410981024404953e+02	
  1.2780000000000000e+04	 8.4336502016523389e+02	  6.3501565592979625e+02	
  1.2810000000000000e+04	 8.4148106278563637e+02	  6.3575505982301547e+02	
  1.2840000000000000e+04	 8.3151636711681761e+02	  6.1898059898117504e+02	
  1.2870000000000000e+04	 8.0936864830040713e+02	  5.8698682426935613e+02	
  1.2900000000000000e+04	 7.9139667286543511e+02	  5.4629547637420330e+02	
  1.2930000000000000e+04	 7.7412622463998855e+02	  5.1892829597105253e+02	
  1.2960000000000000e+04	 7.5292848649175005e+02	  4.8255185184108319e+02	
  1.2990000000000000e+04	 7.3655412693622179e+02	  4.4936159288836274e+02	
  1.3020000000000000e+04	 7.2184260185777373e+02	  4.2139130065732229e+02	
  1.3050000000000000e+04	 7.0292939470393969e+02	  3.9411866602322692e+02	
  1.3080000000000000e+04	 6.8409623044516081e+02	  3.5670100580631970e+02	
  1.3110000000000000e+04	 6.7525868528210833e+02	  3.4222218767439932e+02	
  1.3140000000000000e+04	 6.5832197283589574e+02	  3.0271137959466284e+02	
  1.3170000000000000e+04	 6.3522174448626015e+02	  2.6484814429122110e+02	
  1.3200000000000000e+04	 6.2050925802384188e+02	  2.2974783217623721e+02	
  1.3230000000000000e+04	 6.0718714309077382e+02	  2.0434279633982482e+02	
  1.3260000000000000e+04	 5.7988139149293818e+02	  1.5711760811464308e+02	
  1.3290000000000000e+04	 5.6466632416070354e+02	  1.2508565917858317e+02	
  1.3320000000000000e+04	 5.4904134987021951e+02	  9.6738825301511568e+01	
  1.3350000000000000e+04	 5.2157682801845726e+02	  5.3383752385818767e+01	
  1.3380000000000000e+04	 5.0444457108809559e+02	  2.7091851023844669e+01	
  1.3410000000000000e+04	 4.8658623891784407e+02	  -3.8276479096851759e+00	
  1.3440000000000000e+04	 4.8032963937530565e+02	  -2.6118926803387204e+01	
  1.3470000000000000e+04	 4.5698671800300866e+02	  -5.9656762866876562e+01	
  1.3500000000000000e+04	 4.3622580647065911e+02	  -9.1786602928520011e+01	
  1.3530000000000000e+04	 4.3108357556146700e+02	  -1.0688269751803618e+02	
  1.3560000000000000e+04	 4.1566985662721919e+02	  -1.4010965149304783e+02	
  1.3590000000000000e+04	 3.8944664110252546e+02	  -1.7900715680638586e+02	
  1.3620000000000000e+04	 3.7370128629800479e+02	  -2.0567959938198979e+02	
  1.3650000000000000e+04	 3.6867666856465314e+02	  -2.2323991109082789e+02	
  1.3680000000000000e+04	 3.5732124159864651e+02	  -2.4460840279532545e+02	
  1.3710000000000000e+04	 3.4400024614559123e+02	  -2.6379736184960223e+02	
  1.3740000000000000e+04	 3.2198229127304171e+02	  -2.9710454604585851e+02	
  1.3770000000000000e+04	 3.0852114994863507e+02	  -3.2513304026118828e+02	
  1.3800000000000000e+04	 3.4162448096325596e+02	  -3.4211229346709393e+02	
  1.3830000000000000e+04	 3.8908467202090031e+02	  -3.5269385758980064e+02	
  1.3860000000000000e+04	 4.1330348151262092e+02	  -3.6573114082191734e+02	
  1.3890000000000000e+04	 4.5291663403413673e+02	  -3.7336415951940734e+02	
  1.3920000000000000e+04	 4.8588633821183777e+02	  -3.8968069448572294e+02	
  1.3950000000000000e+04	 5.2065376691770530e+02	  -3.9467965382740437e+02	
  1.3980000000000000e+04	 4.9517654312027815e+02	  -3.9835108533679505e+02	
  1.4010000000000000e+04	 4.7487390879199455e+02	  -4.0907955757442522e+02	
  1.4040000000000000e+04	 4.4614903235242247e+02	  -4.1435232695338982e+02	
  1.4070000000000000e+04	 4.1061090241885881e+02	  -4.2583716782660764e+02	
  1.4100000000000000e+04	 3.8832748490875588e+02	  -4.3398649196394666e+02	
  1.4130000000000000e+04	 3.4452566752142877e+02	  -4.4217062509283727e+02	
  1.4160000000000000e+04	 3.0866056589729459e+02	  -4.4893499742848837e+02	
  1.4190000000000000e+04	 2.8134060820327721e+02	  -4.6270495804887423e+02	
  1.4220000000000000e+04	 2.5755716196107511e+02	  -4.7126252871562258e+02	
  1.4250000000000000e+04	 2.2324999639962951e+02	  -4.8455220587332929e+02	
  1.4280000000000000e+04	 1.9888852360295891e+02	  -4.9384059372679627e+02	
  1.4310000000000000e+04	 1.7838778302132656e+02	  -5.0203813863120132e+02	
  1.4340000000000000e+04	 1.3341316333360186e+02	  -5.1026632691244146e+02	
  1.4370000000000000e+04	 9.8966635127863213e+01	  -5.2012575928557533e+02	
  1.4400000000000000e+04	 5.7317690952334075e+01	  -5.2939595653318906e+02	
  1.4430000000000000e+04	 2.3980762325885053e+01	  -5.4110516285354618e+02	
  1.4460000000000000e+04	 7.6611628361582973e-01	  -5.5417036335833961e+02	
  1.4490000000000000e+04	 -2.5699915876026882e+01	  -5.6412880387392750e+02	
  1.4520000000000000e+04	 -7.2729671891482738e+01	  -5.7507475782273616e+02	
  1.4550000000000000e+04	 -1.2184672315743316e+02	  -5.8731269623877472e+02	
  1.4580000000000000e+04	 -1.6476707614169288e+02	  -6.0182049483878802e+02	
  1.4610000000000000e+04	 -1.9756365738783944e+02	  -6.1422067055027196e+02	
  1.4640000000000000e+04	 -2.1991099275420069e+02	  -6.2530625693810703e+02	
  1.4670000000000000e+04	 -2.6128646849580525e+02	  -6.3561051245037083e+02	
  1.4700000000000000e+04	 -3.0068408848781877e+02	  -6.4759861810468874e+02	
  1.4730000000000000e+04	 -3.4014829313100881e+02	  -6.6034225048086512e+02	
  1.4760000000000000e+04	 -3.7109830728322152e+02	  -6.6871435495854087e+02	
  1.4790000000000000e+04	 -3.9692870564422026e+02	  -6.7209105346723641e+02	
  1.4820000000000000e+04	 -4.2240597995121357e+02	  -6.7948495756645639e+02	
  1.4850000000000000e+04	 -4.4202797370020130e+02	  -6.8470573575066010e+02	
  1.4880000000000000e+04	 -4.7494335042824611e+02	  -6.9536315180726956e+02	
  1.4910000000000000e+04	 -5.0472753383376522e+02	  -7.0482329295256773e+02	
  1.4940000000000000e+04	 -5.4142727936950962e+02	  -7.1238879986057646e+02	
  1.4970000000000000e+04	 -5.6412665938965142e+02	  -7.2011484442572180e+02	
  1.5000000000000000e+04	 -6.0081378907279031e+02	  -7.3375618207421019e+02	
  1.5030000000000000e+04	 -5.8060400660609594e+02	  -7.0470189928977675e+02	
  1.5060000000000000e+04	 -5.5323117394239478e+02	  -6.6709836413231471e+02	
  1.5090000000000000e+04	 -5.2836073314118175e+02	  -6.3008121025470336e+02	
  1.5120000000000000e+04	 -5.1712189723905442e+02	  -6.1536868531091807e+02	
  1.5150000000000000e+04	 -4.9382179206532658e+02	  -5.7962430220614476e+02	
  1.5180000000000000e+04	 -4.6908981481831501e+02	  -5.4444990548840667e+02	
  1.5210000000000000e+04	 -4.5373030636177032e+02	  -5.2093936034189937e+02	
  1.5240000000000000e+04	 -4.3553955076538921e+02	  -4.9158739880419290e+02	
  1.5270000000000000e+04	 -4.2533727166784519e+02	  -4.7454421380793133e+02	
  1.5300000000000000e+04	 -4.1402433146580802e+02	  -4.4773103048846843e+02	
  1.5330000000000000e+04	 -3.9735484937254114e+02	  -4.2023960227518114e+02	
  1.5360000000000000e+04	 -3.6970884820234130e+02	  -3.8081920516810294e+02	
  1.5390000000000000e+04	 -3.4586479793182889e+02	  -3.4200245658489894e+02	
  1.5420000000000000e+04	 -3.2131321215566771e+02	  -3.0206315680985659e+02	
  1.5450000000000000e+04	 -3.0450637751056598e+02	  -2.6904885348783739e+02	
  1.5480000000000000e+04	 -2.8218437210817683e+02	  -2.3339900709255284e+02	
  1.5510000000000000e+04	 -2.6939459522524203e+02	  -2.0563530229969359e+02	
  1.5540000000000000e+04	 -2.5415790635751770e+02	  -1.7842825638985801e+02	
  1.5570000000000000e+04	 -2.3698765556752235e+02	  -1.5504412338803101e+02	
  1.5600000000000000e+04	 -2.2210057110115986e+02	  -1.2631992524034484e+02	
  1.5630000000000000e+04	 -2.0811733196599360e+02	  -1.0536898725597324e+02	
  1.5660000000000000e+04	 -1.9322791448962479e+02	  -8.9396747155153690e+01	
  1.5690000000000000e+04	 -1.6805436540277137e+02	  -5.6576289165375925e+01	
  1.5720000000000000e+04	 -1.5544848031533394e+02	  -3.1400745400777907e+01	
  1.5750000000000000e+04	 -1.2626436462943767e+02	  1.3462982022717945e+01	
  1.5780000000000000e+04	 -1.0648889109693114e+02	  4.2504492128525705e+01	
  1.5810000000000000e+04	 -9.3392477012259803e+01	  5.7518924007592808e+01	
  1.5840000000000000e+04	 -7.4187565845097780e+01	  8.6968048114245036e+01	
  1.5870000000000000e+04	 -6.6540778678515238e+01	  1.1068068505031442e+02	
  1.5900000000000000e+04	 -4.6321574264092689e+01	  1.4408951710737989e+02	
  1.5930000000000000e+04	 -2.5630248499062397e+01	  1.7298409167209303e+02	
  1.5960000000000000e+04	 -1.6260157074582011e+01	  1.9445201431171364e+02	
  1.5990000000000000e+04	 6.1526494321378458e+00	  2.3822551647412706e+02	
  1.6020000000000000e+04	 2.2395154449035054e+01	  2.7430279738104002e+02	
  1.6050000000000000e+04	 3.6503623371256197e+01	  3.0718415954297410e+02	
  1.6080000000000000e+04	 5.9072237714823174e+01	  3.3779925122307367e+02	
  1.6110000000000000e+04	 7.1914087692719050e+01	  3.5592698706841969e+02	
  1.6140000000000000e+04	 8.7248276082318299e+01	  3.7787199295244159e+02	
  1.6170000000000000e+04	 9.4414961364570019e+01	  3.9316560669432636e+02	
  1.6200000000000000e+04	 1.0615745543654884e+02	  4.1106697936614825e+02	
  1.6230000000000000e+04	 1.0542799250818538e+02	  4.0946799071701781e+02	
  1.6260000000000000e+04	 1.0350616546260957e+02	  4.1005950088619244e+02	
  1.6290000000000000e+04	 1.0427558315360777e+02	  4.1073291938835649e+02	
  1.6320000000000000e+04	 1.0460796315123528e+02	  4.1082429322897048e+02	
  1.6350000000000000e+04	 1.0395520939451937e+02	  4.1028762858972038e+02	
  1.6380000000000000e+04	 1.0563208446963516e+02	  4.0986262256384191e+02	
  1.6410000000000000e+04	 1.0561633019598389e+02	  4.0901933835662402e+02	
  1.6440000000000000e+04	 1.2658516719217499e+02	  3.8843780072032956e+02	
  1.6470000000000000e+04	 1.5576473355388586e+02	  3.5925685534674619e+02	
  1.6500000000000000e+04	 1.8282145503029292e+02	  3.4068104078571719e+02	
  1.6530000000000000e+04	 2.1340847218231045e+02	  3.1348572552772049e+02	
  1.6560000000000000e+04	 2.4189247514470873e+02	  2.9322750376747786e+02	
  1.6590000000000000e+04	 2.6451644087778743e+02	  2.7711928032487060e+02	
  1.6620000000000000e+04	 2.9024889159530767e+02	  2.6051823443615393e+02	
  1.6650000000000000e+04	 3.1385906687461022e+02	  2.3528601158006094e+02	
  1.6680000000000000e+04	 3.4001358383074131e+02	  2.1782505912962267e+02	
  1.6710000000000000e+04	 3.5669395308561690e+02	  1.9711989505799681e+02	
  1.6740000000000000e+04	 3.9188037311756682e+02	  1.7698152906783787e+02	
  1.6770000000000000e+04	 4.2237457437456612e+02	  1.4447930570471243e+02	
  1.6800000000000000e+04	 4.2809481756004459e+02	  1.4137305779232210e+02	
  1.6830000000000000e+04	 4.3009368345442067e+02	  1.4212411872409464e+02	
  1.6860000000000000e+04	 4.3197890606909993e+02	  1.4204402667233788e+02	
  1.6890000000000000e+04	 4.3201976002608166e+02	  1.4065918125800977e+02	
  1.6920000000000000e+04	 4.3161027262777213e+02	  1.4251821027869397e+02	
  1.6950000000000000e+04	 4.3132528723505357e+02	  1.4398616861794369e+02	
  1.6980000000000000e+04	 4.3221785148679947e+02	  1.4262712100845849e+02	
  1.7010000000000000e+04	 4.3380931093583490e+02	  1.4274448296572871e+02	
  1.7040000000000000e+04	 4.3254518822168399e+02	  1.4191150406939127e+02	
  1.7070000000000000e+04	 4.0277562020900808e+02	  1.3819144730789498e+02	
  1.7100000000000000e+04	 3.6830698379457635e+02	  1.3361231134955980e+02	
  1.7130000000000000e+04	 3.3844450013186042e+02	  1.2930980925489811e+02	
  1.7160000000000000e+04	 2.9265945611554270e+02	  1.1974662076501552e+02	
  1.7190000000000000e+04	 2.5376795313687941e+02	  1.0995921659907373e+02	
  1.7220000000000000e+04	 2.2970692633372090e+02	  9.9412173512361363e+01	
  1.7250000000000000e+04	 1.8140933692341920e+02	  8.2530513482142112e+01	
  1.7280000000000000e+04	 1.4166720076663728e+02	  7.4182585206000738e+01	
  1.7310000000000000e+04	 1.0350123524304519e+02	  5.6773079203569537e+01	
  1.7340000000000000e+04	 6.9049435788526921e+01	  4.6946432911378338e+01	
  1.7370000000000000e+04	 4.4592705903106072e+01	  3.5183799917028196e+01	
  1.7400000000000000e+04	 1.5683987830326334e+01	  3.5562161352656396e+01	
  1.7430000000000000e+04	 -3.3711657339720560e+00	  2.8711266861195220e+01	
  1.7460000000000000e+04	 -1.6388846623340498e+00	  2.6957984695301633e+01	
  1.7490000000000000e+04	 -3.2779475266763929e+00	  2.7925991751543336e+01	
  1.7520000000000000e+04	 -2.2030618643674833e+00	  2.9036815735157226e+01	
  1.7550000000000000e+04	 1.0599699207349836e+01	  1.0927281935406075e+01	
  1.7580000000000000e+04	 2.3954991122424524e+01	  -1.0944934240647971e+01	
  1.7610000000000000e+04	 3.9704082493782529e+01	  -3.7845291944923460e+01	
  1.7640000000000000e+04	 4.6518748798589606e+01	  -5.7692003895438987e+01	
  1.7670000000000000e+04	 6.5773992860607635e+01	  -8.8365346027321152e+01	
  1.7700000000000000e+04	 8.9562300061106527e+01	  -1.2523683907219339e+02	
  1.7730000000000000e+04	 7.4015709873860260e+01	  -9.4710323626530112e+01	
  1.7760000000000000e+04	 5.7897077849982125e+01	  -6.6394730064361099e+01	
  1.7790000000000000e+04	 3.5905501803575284e+01	  -2.3147699233633141e+01	
  1.7820000000000000e+04	 9.8965667003568996e+00	  1.5800210974072861e+01	
  1.7850000000000000e+04	 -1.3321526790850587e+01	  4.4787990064399722e+01	
  1.7880000000000000e+04	 -2.9316761776129404e+01	  6.3768716670678998e+01	
  1.7910000000000000e+04	 -3.6872600836317027e+01	  8.4580305110312509e+01	
  1.7940000000000000e+04	 -5.8431847819386547e+01	  1.1127349746927437e+02	
  1.7970000000000000e+04	 -8.4603825100240869e+01	  1.4917742846579856e+02	
  1.8000000000000000e+04	 -1.0265927879015861e+02	  1.7876085490620821e+02	
  1.8030000000000000e+04	 -1.2323946573970542e+02	  2.0072493356070811e+02	
  1.8060000000000000e+04	 -1.4797043435344020e+02	  2.3252250256071119e+02	
  1.8090000000000000e+04	 -1.5725909334515671e+02	  2.5005943701617244e+02	
  1.8120000000000000e+04	 -1.7052108367637743e+02	  2.8067589764650580e+02	
  1.8150000000000000e+04	 -1.8694185665809974e+02	  3.1063187301248513e+02	
  1.8180000000000000e+04	 -1.8506235920599150e+02	  3.1021965968117740e+02	
  1.8210000000000000e+04	 -1.8309214525446012e+02	  3.1009308177480466e+02	
  1.8240000000000000e+04	 -1.8502644367842555e+02	  3.0870031906801307e+02	
  1.8270000000000000e+04	 -1.8329972053692023e+02	  3.1039379392215744e+02	
  1.8300000000000000e+04	 -1.8268233848131345e+02	  3.1165073924822707e+02	
  1.8330000000000000e+04	 -1.8107298258546012e+02	  3.1067867206853640e+02	
  1.8360000000000000e+04	 -2.0744148469498401e+02	  2.8207593638145141e+02	
  1.8390000000000000e+04	 -2.3350061658978601e+02	  2.5401247162005021e+02	
  1.8420000000000000e+04	 -2.5273789028518578e+02	  2.3438420351387492e+02	
  1.8450000000000000e+04	 -2.7179489393489303e+02	  2.1037726874045831e+02	
  1.8480000000000000e+04	 -3.0108900405945366e+02	  1.7737454977630085e+02	
  1.8510000000000000e+04	 -3.1198113470509583e+02	  1.6094109382280396e+02	
  1.8540000000000000e+04	 -3.4368693724549320e+02	  1.2593099837539037e+02	
  1.8570000000000000e+04	 -3.6262106000992043e+02	  1.0454834598904793e+02	
  1.8600000000000000e+04	 -3.9165537761126768e+02	  7.1003318304198871e+01	
  1.8630000000000000e+04	 -4.2040564196982211e+02	  4.7219170638314878e+01	
  1.8660000000000000e+04	 -4.4943099078225555e+02	  1.7785792161837982e+01	
  1.8690000000000000e+04	 -4.7062778669077153e+02	  4.4529084198494218e-01	
  1.8720000000000000e+04	 -4.9269029539621459e+02	  -2.6064260964800972e+01	
  1.8750000000000000e+04	 -5.2114158293069022e+02	  -5.4761353189333882e+01	
  1.8780000000000000e+04	 -5.3996833487590754e+02	  -7.7366953909383625e+01	
  1.8810000000000000e+04	 -5.6073263231797830e+02	  -1.0015180217123469e+02	
  1.8840000000000000e+04	 -5.8805205682375458e+02	  -1.3142621227996153e+02	
  1.8870000000000000e+04	 -6.0777879742541495e+02	  -1.4917719031998342e+02	
  1.8900000000000000e+04	 -6.3667319865700881e+02	  -1.8167969784605327e+02	
  1.8930000000000000e+04	 -6.4769772008092127e+02	  -1.9687385289096761e+02	
  1.8960000000000000e+04	 -6.2106918511282277e+02	  -2.0277647115105876e+02	
  1.8990000000000000e+04	 -5.9821751933395183e+02	  -2.0624755104870226e+02	
  1.9020000000000000e+04	 -5.5952336651905671e+02	  -2.0942591771835271e+02	
  1.9050000000000000e+04	 -5.3427385739362830e+02	  -2.0556652092177910e+02	
  1.9080000000000000e+04	 -5.0381586847718961e+02	  -2.0519586891561570e+02	
  1.9110000000000000e+04	 -4.8645922204993752e+02	  -2.0256503262846965e+02	
  1.9140000000000000e+04	 -4.3984464702196067e+02	  -2.0923943024124270e+02	
  1.9170000000000000e+04	 -4.1297301247399128e+02	  -2.1026298248023710e+02	
  1.9200000000000000e+04	 -3.8130727960879369e+02	  -2.1473687116911697e+02	
  1.9230000000000000e+04	 -3.3620496928463172e+02	  -2.1529591843416347e+02	
  1.9260000000000000e+04	 -3.1016054430384150e+02	  -2.1460678268309820e+02	
  1.9290000000000000e+04	 -2.8545695597379148e+02	  -2.1174545918043447e+02	
  1.9320000000000000e+04	 -2.3865108320742956e+02	  -2.1225379508417905e+02	
  1.9350000000000000e+04	 -2.2053183022387003e+02	  -2.1280439944208874e+02	
  1.9380000000000000e+04	 -1.7702691181952386e+02	  -2.1227958170255167e+02	
  1.9410000000000000e+04	 -1.3800381958326591e+02	  -2.1920100606089505e+02	
  1.9440000000000000e+04	 -9.2463494674650320e+01	  -2.1765546550064326e+02	
  1.9470000000000000e+04	 -5.7724155701044268e+01	  -2.2133766099016029e+02	
  1.9500000000000000e+04	 -2.7253732831840345e+01	  -2.2591231472158472e+02	
  1.9530000000000000e+04	 -5.8801263424811658e+00	  -2.2757224683534815e+02	
  1.9560000000000000e+04	 2.8644216064933079e+01	  -2.3116789679755522e+02	
  1.9590000000000000e+04	 6.5225838037556983e+01	  -2.3663090151161575e+02	
  1.9620000000000000e+04	 4.6186989122560647e+01	  -2.1910357122806238e+02	
  1.9650000000000000e+04	 1.6632178591649158e+01	  -1.9634995895423032e+02	
  1.9680000000000000e+04	 -8.3057787128530620e+00	  -1.6522287468508324e+02	
  1.9710000000000000e+04	 -3.7081920945937902e+01	  -1.3094313269326932e+02	
  1.9740000000000000e+04	 -6.1214807833821624e+01	  -9.8543064565736984e+01	
  1.9770000000000000e+04	 -8.7595761250909888e+01	  -6.7067997070809810e+01	
  1.9800000000000000e+04	 -9.7274979952527332e+01	  -5.1172997867285169e+01	
  1.9830000000000000e+04	 -1.1541468202284528e+02	  -3.2223421471028786e+01	
  1.9860000000000000e+04	 -1.4326437423708612e+02	  -8.0191897056295183e+00	
  1.9890000000000000e+04	 -1.5825151909054810e+02	  8.5707993822457418e+00	
  1.9920000000000000e+04	 -1.8786109658703319e+02	  4.2359703795281234e+01	
  1.9950000000000000e+04	 -2.1621357685582163e+02	  7.2819384812594848e+01	
  1.9980000000000000e+04	 -2.5142206986270259e+02	  1.0147759712868114e+02	
  2.0010000000000000e+04	 -2.8118163054422558e+02	  1.2858854778525821e+02	
  2.0040000000000000e+04	 -3.0566081869789019e+02	  1.5448831777605432e+02	
  2.0070000000000000e+04	 -3.2961109110567077e+02	  1.7787106978554544e+02	
  2.0100000000000000e+04	 -3.5133019323444637e+02	  1.9928484588838123e+02	
  2.0130000000000000e+04	 -3.7850987452294106e+02	  2.3455843204894123e+02	
  2.0160000000000000e+04	 -4.0733030546752224e+02	  2.6452553889012000e+02	
  2.0190000000000000e+04	 -4.1789700117765182e+02	  2.8056302676020647e+02	
  2.0220000000000000e+04	 -4.3830833802588631e+02	  3.0331377150015834e+02	
  2.0250000000000000e+04	 -4.5518827542440113e+02	  3.2463494374838638e+02	
  2.0280000000000000e+04	 -4.8633735480522500e+02	  3.5019433792297912e+02	
  2.0310000000000000e+04	 -5.1148667915364825e+02	  3.7015699654417222e+02	
  2.0340000000000000e+04	 -5.2784807354453142e+02	  3.9097366062952148e+02	
  2.0370000000000000e+04	 -5.2848316729780277e+02	  3.9134264771620872e+02	
  2.0400000000000000e+04	 -5.2818414302538974e+02	  3.9122028837959721e+02	
  2.0430000000000000e+04	 -4.9278609359349787e+02	  3.8294203804109003e+02	
  2.0460000000000000e+04	 -4.6759702594972254e+02	  3.7204563768189865e+02	
  2.0490000000000000e+04	 -4.3060999070596330e+02	  3.5761035761985642e+02	
  2.0520000000000000e+04	 -3.8251705919474369e+02	  3.4772287303900328e+02	
  2.0550000000000000e+04	 -3.3412076270585573e+02	  3.3405246224874998e+02	
  2.0580000000000000e+04	 -3.1528325744703545e+02	  3.3052176386612967e+02	
  2.0610000000000000e+04	 -2.7432402047012494e+02	  3.2340635589996293e+02	
  2.0640000000000000e+04	 -2.5535756427378124e+02	  3.1577101573137287e+02	
  2.0670000000000000e+04	 -2.1548483886487168e+02	  3.0266819919896449e+02	
  2.0700000000000000e+04	 -1.8321997975821225e+02	  2.9790701567274050e+02	
  2.0730000000000000e+04	 -1.4531565837627252e+02	  2.8858654377579546e+02	
  2.0760000000000000e+04	 -1.1440700575942577e+02	  2.8343229919935726e+02	
  2.0790000000000000e+04	 -6.7991052531918768e+01	  2.7562188491994243e+02	
  2.0820000000000000e+04	 -3.2976928702405154e+01	  2.6940115574143891e+02	
  2.0850000000000000e+04	 -1.6025026534807338e+01	  2.6820903592379614e+02	
  2.0880000000000000e+04	 1.9865561932953170e+01	  2.6059165995605662e+02	
  2.0910000000000000e+04	 4.6166367790241850e+01	  2.5220691120508053e+02	
  2.0940000000000000e+04	 8.0818362986793105e+01	  2.4400983873730243e+02	
  2.0970000000000000e+04	 9.7940044762224858e+01	  2.4037736209857661e+02	
  2.1000000000000000e+04	 1.3079336568290080e+02	  2.3188365329724334e+02	
  2.1030000000000000e+04	 1.6088217799700175e+02	  2.1822535923814996e+02	
  2.1060000000000000e+04	 1.9417239627133151e+02	  2.1020450046422917e+02	
  2.1090000000000000e+04	 2.3715326198987987e+02	  1.9937368335388624e+02	
  2.1120000000000000e+04	 2.6052594011470075e+02	  1.9345933096394290e+02	
  2.1150000000000000e+04	 3.0107739043979581e+02	  1.8507738864311833e+02	
  2.1180000000000000e+04	 2.6864055370597447e+02	  1.6228555759308765e+02	
  2.1210000000000000e+04	 2.3688436311302655e+02	  1.3639100052520743e+02	
  2.1240000000000000e+04	 2.2227584109309544e+02	  1.2659084763404053e+02	
  2.1270000000000000e+04	 2.0745537158760391e+02	  1.1192774533011703e+02	
  2.1300000000000000e+04	 1.8432592619637484e+02	  9.5947033015987188e+01	
  2.1330000000000000e+04	 1.4824224191585208e+02	  6.7241367320830349e+01	
  2.1360000000000000e+04	 1.1293746034379144e+02	  4.0657732067935889e+01	
  2.1390000000000000e+04	 7.8889921914695435e+01	  2.0482925272619795e+01	
  2.1420000000000000e+04	 5.3356894192844400e+01	  1.1059849938949208e+01	
  2.1450000000000000e+04	 8.4863347971555214e+00	  -1.6503935625953609e+01	
  2.1480000000000000e+04	 -1.0737834731516219e+01	  -2.8839718615667913e+01	
  2.1510000000000000e+04	 -4.3171354262214194e+01	  -5.2274669704986735e+01	
  2.1540000000000000e+04	 -7.3822402709929577e+01	  -6.6856580131574447e+01	
  2.1570000000000000e+04	 -9.4933139489862128e+01	  -8.4961851048731347e+01	
  2.1600000000000000e+04	 -1.1855675735933281e+02	  -9.4091584405469533e+01	
  2.1630000000000000e+04	 -1.5700685120052648e+02	  -1.2432858977521572e+02	
  2.1660000000000000e+04	 -1.7890979992189204e+02	  -1.3973751771548760e+02	
  2.1690000000000000e+04	 -2.0644084376000575e+02	  -1.5965434676230859e+02	
  2.1720000000000000e+04	 -2.3038668232852189e+02	  -1.7595919082811906e+02	
  2.1750000000000000e+04	 -2.7471261413761897e+02	  -2.0280540494438975e+02	
  2.1780000000000000e+04	 -3.0543309133015623e+02	  -2.2024851723035576e+02	
  2.1810000000000000e+04	 -3.4091209563067804e+02	  -2.4794906695162285e+02	
  2.1840000000000000e+04	 -3.6504718268147064e+02	  -2.6140860173304094e+02	
  2.1870000000000000e+04	 -3.8933835553455992e+02	  -2.7242581163796706e+02	
  2.1900000000000000e+04	 -4.1058689429602475e+02	  -2.9348058888138036e+02	
  2.1930000000000000e+04	 -4.2928474008749635e+02	  -3.0822724781952024e+02	
  2.1960000000000000e+04	 -4.5339387938457884e+02	  -3.2560282336755461e+02	
  2.1990000000000000e+04	 -4.9324330273292509e+02	  -3.5577339776364022e+02	
  2.2020000000000000e+04	 -5.2392077401595589e+02	  -3.6951869652422840e+02	
  2.2050000000000000e+04	 -5.5947202095593104e+02	  -3.9505072811975856e+02	
  2.2080000000000000e+04	 -5.8502519669810363e+02	  -4.1987274616539281e+02	
  2.2110000000000000e+04	 -6.0222687225099946e+02	  -4.3792415183385657e+02	
  2.2140000000000000e+04	 -6.2986662984301597e+02	  -4.5317451852132763e+02	
  2.2170000000000000e+04	 -6.5723224078254407e+02	  -4.7086102271207028e+02	
  2.2200000000000000e+04	 -6.5796310508749718e+02	  -4.6962430726763967e+02	
  2.2230000000000000e+04	 -6.5956794975940795e+02	  -4.6877420099391321e+02	
  2.2260000000000000e+04	 -6.2394582611258750e+02	  -4.7150292943181540e+02	
  2.2290000000000000e+04	 -5.8676942638032938e+02	  -4.7416444561390068e+02	
  2.2320000000000000e+04	 -5.6304140794417083e+02	  -4.7490437004605258e+02	
  2.2350000000000000e+04	 -5.2775887953936376e+02	  -4.8103557757511680e+02	
  2.2380000000000000e+04	 -5.0777264060345112e+02	  -4.7903414522149484e+02	
  2.2410000000000000e+04	 -4.8334924279179216e+02	  -4.7567626166393751e+02	
  2.2440000000000000e+04	 -4.5715876359978034e+02	  -4.7357068305129940e+02	
  2.2470000000000000e+04	 -4.1208260983393376e+02	  -4.7520500487386664e+02	
  2.2500000000000000e+04	 -3.8781145168032180e+02	  -4.8195920445583010e+02	
  2.2530000000000000e+04	 -3.5184488976608543e+02	  -4.8609702899085988e+02	
  2.2560000000000000e+04	 -3.1003796907406644e+02	  -4.8812582698311530e+02	
  2.2590000000000000e+04	 -2.7640059165801893e+02	  -4.8551337530618576e+02	
  2.2620000000000000e+04	 -2.4398140096176178e+02	  -4.9210871607631549e+02	
  2.2650000000000000e+04	 -2.1424372359786625e+02	  -4.9477639211150296e+02	
  2.2680000000000000e+04	 -1.7865728444504254e+02	  -4.9408206015654292e+02	
  2.2710000000000000e+04	 -1.4969739830519075e+02	  -4.9555661766540396e+02	
  2.2740000000000000e+04	 -1.1590808377457356e+02	  -4.9598385789638741e+02	
  2.2770000000000000e+04	 -9.4027615284810452e+01	  -4.9706376563028340e+02	
  2.2800000000000000e+04	 -4.8820394889907071e+01	  -5.0419673590456068e+02	
  2.2830000000000000e+04	 4.4700212459494821e+00	  -5.0845736656673773e+02	
  2.2860000000000000e+04	 4.5288433196875786e+01	  -5.0805854413050281e+02	
  2.2890000000000000e+04	 9.4025932505272522e+01	  -5.1437378354838597e+02	
  2.2920000000000000e+04	 1.1561386067424108e+02	  -5.1974392652527172e+02	
  2.2950000000000000e+04	 1.2719920189899399e+02	  -4.9429663681125345e+02	
  2.2980000000000000e+04	 1.3811639630952220e+02	  -4.7904832219637433e+02	
  2.3010000000000000e+04	 1.6444941177365345e+02	  -4.5213448421515687e+02	
  2.3040000000000000e+04	 1.8640855109787984e+02	  -4.1736605160807608e+02	
  2.3070000000000000e+04	 2.0619901569460649e+02	  -3.8902042110703047e+02	
  2.3100000000000000e+04	 2.3042633165869540e+02	  -3.4832731808635282e+02	
  2.3130000000000000e+04	 2.5529637616670021e+02	  -3.1885565227436001e+02	
  2.3160000000000000e+04	 2.8117848521905910e+02	  -2.8570657447785447e+02	
  2.3190000000000000e+04	 3.0435526499652838e+02	  -2.4316557315711250e+02	
  2.3220000000000000e+04	 3.1914557584420896e+02	  -2.2816400832744216e+02	
  2.3250000000000000e+04	 3.3425869181284486e+02	  -2.0580261469935189e+02	
  2.3280000000000000e+04	 3.4041402102962212e+02	  -1.8504837553644711e+02	
  2.3310000000000000e+04	 3.6460408835541574e+02	  -1.4388996220280782e+02	
  2.3340000000000000e+04	 3.3387001167155432e+02	  -1.6651935388140345e+02	
  2.3370000000000000e+04	 3.0125877283803470e+02	  -1.9193241652162254e+02	
  2.3400000000000000e+04	 2.7472310435887988e+02	  -2.1123232084177630e+02	
  2.3430000000000000e+04	 2.4469945324851400e+02	  -2.3792093527671562e+02	
  2.3460000000000000e+04	 2.2786566073673458e+02	  -2.6089192258255264e+02	
  2.3490000000000000e+04	 2.0113337955868710e+02	  -2.8458848659927202e+02	
  2.3520000000000000e+04	 1.6906742802498377e+02	  -3.1616881739685363e+02	
  2.3550000000000000e+04	 1.4256309472411075e+02	  -3.4188267391725600e+02	
  2.3580000000000000e+04	 1.1475575653556639e+02	  -3.6638526559006505e+02	
  2.3610000000000000e+04	 7.9485388181817115e+01	  -4.0368872869000177e+02	
  2.3640000000000000e+04	 5.2811166778114881e+01	  -4.2747168232184447e+02	
  2.3670000000000000e+04	 4.0271139923876760e+01	  -4.3898247366875171e+02	
  2.3700000000000000e+04	 1.7700397367148408e+01	  -4.5859545603302274e+02	
  2.3730000000000000e+04	 -5.7645067363560045e+00	  -4.7726975364601321e+02	
  2.3760000000000000e+04	 -2.8588902221206411e+01	  -4.9917257761753842e+02	
  2.3790000000000000e+04	 -4.0884155292217713e+01	  -5.1195680205299192e+02	
  2.3820000000000000e+04	 -4.1538874458160095e+01	  -5.1160284546242809e+02	
  2.3850000000000000e+04	 -4.2707087911758080e+01	  -5.1348543126199763e+02	
  2.3880000000000000e+04	 -4.4634383182713734e+01	  -5.1377006810874502e+02	
  2.3910000000000000e+04	 -4.5720858080178495e+01	  -5.1379360564781371e+02	
  2.3940000000000000e+04	 -4.5717031799674984e+01	  -5.1510255839681497e+02	
  2.3970000000000000e+04	 -1.6744348372646883e+01	  -5.1345031580959824e+02	
  2.4000000000000000e+04	 1.0693080583844210e+01	  -5.1285811536880590e+02	
  2.4030000000000000e+04	 5.6483233972629847e+01	  -5.1067963482916520e+02	
  2.4060000000000000e+04	 9.8310915883555708e+01	  -5.1066244907511867e+02	
  2.4090000000000000e+04	 1.4186744163561673e+02	  -5.0805495843832841e+02	
  2.4120000000000000e+04	 1.6964852479428450e+02	  -5.0946855955482238e+02	
  2.4150000000000000e+04	 2.0550608129458612e+02	  -5.0662687945779942e+02	
  2.4180000000000000e+04	 2.4675088260962332e+02	  -5.1136639298138942e+02	
  2.4210000000000000e+04	 2.7116645905238363e+02	  -5.0893307243872641e+02	
  2.4240000000000000e+04	 3.0506915115264439e+02	  -5.1020429356603756e+02	
  2.4270000000000000e+04	 3.3536814827168848e+02	  -5.1155455764052249e+02	
  2.4300000000000000e+04	 3.7822546505034660e+02	  -5.0718988643515786e+02	
  2.4330000000000000e+04	 4.2058292913892274e+02	  -5.1072940551678874e+02	
  2.4360000000000000e+04	 4.5504796843188865e+02	  -5.1289650452577268e+02	
  2.4390000000000000e+04	 4.8885024585498115e+02	  -5.1453514296320225e+02	
  2.4420000000000000e+04	 5.2863440202135314e+02	  -5.1235581399675198e+02	
  2.4450000000000000e+04	 5.0193236299460466e+02	  -4.9184459612537830e+02	
  2.4480000000000000e+04	 4.7627019871787991e+02	  -4.7195492676790701e+02	
  2.4510000000000000e+04	 4.5393109764515316e+02	  -4.5673679425941947e+02	
  2.4540000000000000e+04	 4.3781441296209795e+02	  -4.3786993091129744e+02	
  2.4570000000000000e+04	 4.0944235562791266e+02	  -4.2301090397885946e+02	
  2.4600000000000000e+04	 3.8349187768564309e+02	  -4.0543699986792979e+02	
  2.4630000000000000e+04	 3.7500706644910025e+02	  -3.5893942583065660e+02	
  2.4660000000000000e+04	 3.6448776575752089e+02	  -3.2805852943845770e+02	
  2.4690000000000000e+04	 3.6034907457959991e+02	  -2.9461317148409785e+02	
  2.4720000000000000e+04	 3.5825438061608526e+02	  -2.6381101903107168e+02	
  2.4750000000000000e+04	 3.5540494430806206e+02	  -2.3306542947660679e+02	
  2.4780000000000000e+04	 3.4745832412030893e+02	  -1.9369155994027574e+02	
  2.4810000000000000e+04	 3.4011387057085614e+02	  -1.7414307149178467e+02	
  2.4840000000000000e+04	 3.3638645102836301e+02	  -1.4452312855869528e+02	
  2.4870000000000000e+04	 3.3504086901193796e+02	  -1.2280962438448098e+02	
  2.4900000000000000e+04	 3.2932545348777325e+02	  -7.9099770886369626e+01	
  2.4930000000000000e+04	 3.1884006036979571e+02	  -3.4563109000361322e+01	
  2.4960000000000000e+04	 3.0965352820225553e+02	  8.8195653152648461e+00	
  2.4990000000000000e+04	 3.0825084173309841e+02	  3.5004452186811434e+01	
  2.5020000000000000e+04	 3.0185490824438745e+02	  5.9411060593877451e+01	
  2.5050000000000000e+04	 2.9676303269385119e+02	  9.2220611310771972e+01	
  2.5080000000000000e+04	 2.8445964415213462e+02	  1.3247505583903188e+02	
  2.5110000000000000e+04	 2.7808020505201404e+02	  1.4944475977097309e+02	
  2.5140000000000000e+04	 2.7541371083969028e+02	  1.7797271480370512e+02	
  2.5170000000000000e+04	 2.7296717451459415e+02	  2.2064485217831404e+02	
  2.5200000000000000e+04	 2.7101091785066467e+02	  2.2160757954442434e+02	
  2.5230000000000000e+04	 2.7044788578875745e+02	  2.2248119638162746e+02	
  2.5260000000000000e+04	 2.7063544833717782e+02	  2.2079853568393307e+02	
  2.5290000000000000e+04	 2.7130859193445201e+02	  2.2274985539374421e+02	
  2.5320000000000000e+04	 2.7269686602541066e+02	  2.2341021455026240e+02	
  2.5350000000000000e+04	 2.7309866621064629e+02	  2.2535442431065010e+02	
  2.5380000000000000e+04	 2.7121413178806722e+02	  2.2642184893592480e+02	
  2.5410000000000000e+04	 2.7008265850479773e+02	  2.2587532693686867e+02	
  2.5440000000000000e+04	 2.3975832903302182e+02	  2.1985620949234081e+02	
  2.5470000000000000e+04	 2.0002773096718707e+02	  2.0412813442699471e+02	
  2.5500000000000000e+04	 1.6068177397100328e+02	  1.9402737741023290e+02	
  2.5530000000000000e+04	 1.2809832720294742e+02	  1.8173249743674108e+02	
  2.5560000000000000e+04	 9.0066526477523553e+01	  1.6517974985226886e+02	
  2.5590000000000000e+04	 6.1402240353273498e+01	  1.5147422920773607e+02	
  2.5620000000000000e+04	 4.4834310362340517e+01	  1.4124483609383594e+02	
  2.5650000000000000e+04	 1.2316669753678106e+01	  1.2510072145069397e+02	
  2.5680000000000000e+04	 -1.1814829868003990e+01	  1.2222982560496554e+02	
  2.5710000000000000e+04	 -5.5892765486340650e+01	  1.0924543419629815e+02	
  2.5740000000000000e+04	 -1.0681507761489145e+02	  9.7335556863987065e+01	
  2.5770000000000000e+04	 -1.2657147013135911e+02	  9.0496470393686863e+01	
  2.5800000000000000e+04	 -1.4561183919722626e+02	  8.0514987695028026e+01	
  2.5830000000000000e+04	 -1.8942336489566941e+02	  6.3629389364678616e+01	
  2.5860000000000000e+04	 -2.1544730229881023e+02	  5.8759829564139409e+01	
  2.5890000000000000e+04	 -2.3069418299501510e+02	  5.3547192739761037e+01	
  2.5920000000000000e+04	 -2.5075560107040522e+02	  4.9411783308000302e+01	
  2.5950000000000000e+04	 -2.8697087970734469e+02	  3.6330524486629194e+01	
  2.5980000000000000e+04	 -3.3058660967021365e+02	  1.5100503139776105e+01	
  2.6010000000000000e+04	 -3.3919895863358880e+02	  -2.6099351559940157e+01	
  2.6040000000000000e+04	 -3.4682087790554272e+02	  -4.1694478842743486e+01	
  2.6070000000000000e+04	 -3.4980365035222093e+02	  -6.4826944718759393e+01	
  2.6100000000000000e+04	 -3.6004942483749414e+02	  -1.0536598463698697e+02	
  2.6130000000000000e+04	 -3.7390420210481551e+02	  -1.3916889596546577e+02	
  2.6160000000000000e+04	 -3.8676577765860389e+02	  -1.7481641223861158e+02	
  2.6190000000000000e+04	 -4.0198423804295368e+02	  -2.1078773597673108e+02	
  2.6220000000000000e+04	 -4.1171531043331674e+02	  -2.6308558859077959e+02	
  2.6250000000000000e+04	 -4.2889210208610172e+02	  -3.1009421317173133e+02	
  2.6280000000000000e+04	 -4.4065455387769344e+02	  -3.3831125556443828e+02	
  2.6310000000000000e+04	 -4.5156177757371393e+02	  -3.7925774758747400e+02	
  2.6340000000000000e+04	 -4.5419270378442826e+02	  -4.0056660927668923e+02	
  2.6370000000000000e+04	 -4.4023087482324297e+02	  -3.7856273833176067e+02	
  2.6400000000000000e+04	 -4.1963574249863200e+02	  -3.4931145186862949e+02	
  2.6430000000000000e+04	 -4.0126063348404853e+02	  -3.2700806412277797e+02	
  2.6460000000000000e+04	 -3.8509723561967178e+02	  -3.1261955699284408e+02	
  2.6490000000000000e+04	 -3.5265348672950756e+02	  -2.7797568708343891e+02	
  2.6520000000000000e+04	 -3.4053146176975628e+02	  -2.6208435242887106e+02	
  2.6550000000000000e+04	 -3.1438177710521711e+02	  -2.2474467374678889e+02	
  2.6580000000000000e+04	 -2.9361438855647231e+02	  -2.0850796056649625e+02	
  2.6610000000000000e+04	 -2.6868620397359513e+02	  -1.7735897305750325e+02	
  2.6640000000000000e+04	 -2.4669537809615764e+02	  -1.5383500062151163e+02	
  2.6670000000000000e+04	 -2.1316764186011966e+02	  -1.1784967136957090e+02	
  2.6700000000000000e+04	 -1.9363539120413455e+02	  -9.5771211855203020e+01	
  2.6730000000000000e+04	 -1.6552688596901859e+02	  -5.3602403972249775e+01	
  2.6760000000000000e+04	 -1.4001037040996903e+02	  -2.3727913885116735e+01	
  2.6790000000000000e+04	 -1.0347856903145038e+02	  1.2012552193183403e+01	
  2.6820000000000000e+04	 -8.2434504447102313e+01	  3.8803098220848256e+01	
  2.6850000000000000e+04	 -8.1353166896429769e+01	  3.9677041739756802e+01	
  2.6880000000000000e+04	 -8.2429280146541487e+01	  3.9689123187025992e+01	
  2.6910000000000000e+04	 -8.2980370037752408e+01	  3.9515764171003354e+01	
  2.6940000000000000e+04	 -8.3605216774215421e+01	  3.8542533093037967e+01	
  2.6970000000000000e+04	 -8.4447594744562934e+01	  3.7310848397327270e+01	
  2.7000000000000000e+04	 -8.2970248803859107e+01	  3.7372844009710363e+01	
  2.7030000000000000e+04	 -1.2558774150356467e+02	  6.2262733102537311e+01	
  2.7060000000000000e+04	 -1.5703796629733120e+02	  7.3402414530494809e+01	
  2.7090000000000000e+04	 -1.8453554752492047e+02	  9.0950629478694736e+01	
  2.7120000000000000e+04	 -2.1267885763558564e+02	  1.0628813848835128e+02	
  2.7150000000000000e+04	 -2.4238660056463087e+02	  1.1654924967802111e+02	
  2.7180000000000000e+04	 -2.6727488088127558e+02	  1.2963641728835273e+02	
  2.7210000000000000e+04	 -3.0828633743201641e+02	  1.5838544512916712e+02	
  2.7240000000000000e+04	 -3.3497456366061681e+02	  1.7567451765859548e+02	
  2.7270000000000000e+04	 -3.4056009523385643e+02	  1.7657191146748249e+02	
  2.7300000000000000e+04	 -3.3883046753623125e+02	  1.7681456485105886e+02	
  2.7330000000000000e+04	 -2.9691833089273280e+02	  1.5629383116756975e+02	
  2.7360000000000000e+04	 -2.6534089165388218e+02	  1.4664153100638364e+02	
  2.7390000000000000e+04	 -2.3230578340637533e+02	  1.3330496910462182e+02	
  2.7420000000000000e+04	 -1.9754768351856075e+02	  1.1971406374738552e+02	
  2.7450000000000000e+04	 -1.7355933581451546e+02	  1.0973728386011565e+02	
  2.7480000000000000e+04	 -1.5639082713509313e+02	  1.0721340071490539e+02	
  2.7510000000000000e+04	 -1.0719967429936219e+02	  9.4111767207769262e+01	
  2.7540000000000000e+04	 -6.4071580619924319e+01	  7.7131116193342521e+01	
  2.7570000000000000e+04	 -3.2705110145632347e+01	  6.2363514260349753e+01	
  2.7600000000000000e+04	 9.3030526427126432e+00	  5.0101810713081520e+01	
  2.7630000000000000e+04	 4.2498223612258087e+01	  3.4498978171516207e+01	
  2.7660000000000000e+04	 6.4972678522578803e+01	  2.6357827672104165e+01	
  2.7690000000000000e+04	 1.1021099176349315e+02	  9.6090684294879871e+00	
  2.7720000000000000e+04	 1.5374793112090185e+02	  -6.3803114767811469e+00	
  2.7750000000000000e+04	 1.8555477130476703e+02	  -1.7522434648943047e+01	
  2.7780000000000000e+04	 2.0868775763187222e+02	  -2.0641923890521689e+01	
  2.7810000000000000e+04	 2.4137591402110138e+02	  -3.3079794387755811e+01	
  2.7840000000000000e+04	 2.8941649587880772e+02	  -4.7296275405252260e+01	
  2.7870000000000000e+04	 3.1540536083767751e+02	  -5.8977615665340025e+01	
  2.7900000000000000e+04	 3.4242039403800891e+02	  -7.2892912538694844e+01	
  2.7930000000000000e+04	 3.6660941562378639e+02	  -8.7243689572366819e+01	
  2.7960000000000000e+04	 3.9744983240014227e+02	  -1.0041367711471352e+02	
  2.7990000000000000e+04	 4.3532105346636786e+02	  -1.1983213773115496e+02	
  2.8020000000000000e+04	 4.8031570511877072e+02	  -1.3792515844218318e+02	
  2.8050000000000000e+04	 5.1514475139539013e+02	  -1.5754691164755448e+02	
  2.8080000000000000e+04	 5.3887847129075442e+02	  -1.6914299582553059e+02	
  2.8110000000000000e+04	 5.7486955503644901e+02	  -1.8733884009625660e+02	
  2.8140000000000000e+04	 6.0667941123506330e+02	  -1.9762225831473967e+02	
  2.8170000000000000e+04	 6.3839612667664710e+02	  -2.0558852408574626e+02	
  2.8200000000000000e+04	 6.6785721851272751e+02	  -2.2084447602557302e+02	
  2.8230000000000000e+04	 6.9934094734629582e+02	  -2.3387717390755881e+02	
  2.8260000000000000e+04	 7.1773572661517528e+02	  -2.3423379783652013e+02	
  2.8290000000000000e+04	 7.1809466137870425e+02	  -2.3272577524310708e+02	
  2.8320000000000000e+04	 7.1705371834494235e+02	  -2.3288686449743673e+02	
  2.8350000000000000e+04	 6.9867963692023591e+02	  -2.0548277976032466e+02	
  2.8380000000000000e+04	 6.7657376464789820e+02	  -1.6410602243271003e+02	
  2.8410000000000000e+04	 6.6067807181370017e+02	  -1.2819708805483464e+02	
  2.8440000000000000e+04	 6.4067404525812265e+02	  -9.7182329702100432e+01	
  2.8470000000000000e+04	 6.2413572071983560e+02	  -6.1912417614434403e+01	
  2.8500000000000000e+04	 6.0155678490597722e+02	  -2.5477801525354863e+01	
  2.8530000000000000e+04	 5.8770414273127278e+02	  6.0790465841463970e-02	
  2.8560000000000000e+04	 5.8112439312501544e+02	  1.3854384058830021e+01	
  2.8590000000000000e+04	 5.6727202119362266e+02	  4.2814682781136824e+01	
  2.8620000000000000e+04	 5.5070781638679955e+02	  6.9312579375383450e+01	
  2.8650000000000000e+04	 5.2710925415097529e+02	  2.6899552302473417e+01	
  2.8680000000000000e+04	 5.1372098306321573e+02	  1.0853107424309346e+01	
  2.8710000000000000e+04	 5.0178312536630602e+02	  -2.3616241194814886e+01	
  2.8740000000000000e+04	 4.9163632136500308e+02	  -5.2304104351822893e+01	
  2.8770000000000000e+04	 4.6846609872488909e+02	  -8.8737366766857662e+01	
  2.8800000000000000e+04	 4.5955241253994592e+02	  -1.0966761195807416e+02	
  2.8830000000000000e+04	 4.4648977443670793e+02	  -1.3396205255704990e+02	
  2.8860000000000000e+04	 4.1891505017610814e+02	  -1.8009993999315580e+02	
  2.8890000000000000e+04	 4.0072840239320362e+02	  -2.1178374728345656e+02	
  2.8920000000000000e+04	 3.7929357159025329e+02	  -2.4356604845886579e+02	
  2.8950000000000000e+04	 3.6904415378955935e+02	  -2.5695690292135083e+02	
  2.8980000000000000e+04	 3.5951229043823747e+02	  -2.8101621573913832e+02	
  2.9010000000000000e+04	 3.4717140811102519e+02	  -3.0374089313997541e+02	
  2.9040000000000000e+04	 3.3576210073701259e+02	  -3.2210078871505846e+02	
  2.9070000000000000e+04	 3.3571203193958848e+02	  -3.2064287517523803e+02	
  2.9100000000000000e+04	 3.3421281064897181e+02	  -2.8966692170959470e+02	
  2.9130000000000000e+04	 3.3494182970314898e+02	  -2.6493290072709408e+02	
  2.9160000000000000e+04	 3.2719399139466179e+02	  -2.3643409269455231e+02	
  2.9190000000000000e+04	 3.2349859257619039e+02	  -1.9233754744952790e+02	
  2.9220000000000000e+04	 3.2008158071665844e+02	  -1.4701593487302054e+02	
  2.9250000000000000e+04	 3.1508641572080074e+02	  -1.2108619260718267e+02	
  2.9280000000000000e+04	 3.1290928089363246e+02	  -1.0418794587954989e+02	
  2.9310000000000000e+04	 3.1045216498079731e+02	  -7.9845216406076389e+01	
  2.9340000000000000e+04	 3.0269622502724593e+02	  -4.3140467415059106e+01	
  2.9370000000000000e+04	 2.9574594494945444e+02	  -4.7644158322384556e+00	
  2.9400000000000000e+04	 2.9059156298202743e+02	  2.8184926352697005e+01	
  2.9430000000000000e+04	 2.8958628050722012e+02	  7.9651166756891882e+01	
  2.9460000000000000e+04	 2.8848049357752564e+02	  1.3141772320178632e+02	
  2.9490000000000000e+04	 2.9814094823109468e+02	  1.0802314515481766e+02	
  2.9520000000000000e+04	 3.1027406398758478e+02	  7.5330723790305385e+01	
  2.9550000000000000e+04	 3.2499688878277277e+02	  3.7409997402516531e+01	
  2.9580000000000000e+04	 3.3403172478578250e+02	  4.6889364547871537e-01	
  2.9610000000000000e+04	 3.4789336890167112e+02	  -3.5180510766732596e+01	
  2.9640000000000000e+04	 3.5713029860152591e+02	  -6.5212929704840761e+01	
  2.9670000000000000e+04	 3.6888964787769692e+02	  -1.1430696415634981e+02	
  2.9700000000000000e+04	 3.7515850034350018e+02	  -1.3371665921466766e+02	
  2.9730000000000000e+04	 3.9346650796262611e+02	  -1.7456463284451240e+02	
  2.9760000000000000e+04	 4.0019514139398245e+02	  -2.0510261172936532e+02	
  2.9790000000000000e+04	 4.0566586932901987e+02	  -2.2802786531491816e+02	
  2.9820000000000000e+04	 4.2254744714246124e+02	  -2.7589630045397860e+02	
  2.9850000000000000e+04	 4.3293385418144538e+02	  -2.9187689286139579e+02	
  2.9880000000000000e+04	 4.4727297047291580e+02	  -3.2481174395757807e+02	
  2.9910000000000000e+04	 4.5568548306668760e+02	  -3.5593420364002742e+02	
  2.9940000000000000e+04	 4.7357800324730152e+02	  -3.8964832732359622e+02	
  2.9970000000000000e+04	 4.7991101692109345e+02	  -4.1549007426839233e+02	
  3.0000000000000000e+04	 4.8808489893023136e+02	  -4.3632643149149112e+02	
  3.0030000000000000e+04	 5.0720990009266256e+02	  -4.8049375017840345e+02	
  3.0060000000000000e+04	 5.0315832006546526e+02	  -4.4894916931786810e+02	
  3.0090000000000000e+04	 4.9460336767527923e+02	  -4.1318805463019186e+02	
  3.0120000000000000e+04	 4.7903229464354848e+02	  -3.6929333475381480e+02	
  3.0150000000000000e+04	 4.6891161983277345e+02	  -3.2991733542345679e+02	
  3.0180000000000000e+04	 4.6199429226461115e+02	  -2.8052561084279591e+02	
  3.0210000000000000e+04	 4.4595607049408977e+02	  -2.3592060378462679e+02	
  3.0240000000000000e+04	 4.3320553535412262e+02	  -1.9601127652082113e+02	
  3.0270000000000000e+04	 4.3074280033799238e+02	  -1.6665465874678472e+02	
  3.0300000000000000e+04	 4.2372900517024220e+02	  -1.2449509193316106e+02	
  3.0330000000000000e+04	 4.1760244855661944e+02	  -8.7527835359088783e+01	
  3.0360000000000000e+04	 4.1227247123793251e+02	  -4.7177552055356557e+01	
  3.0390000000000000e+04	 3.9784914266969980e+02	  -1.4766231349238431e+01	
  3.0420000000000000e+04	 3.8581692224236895e+02	  1.8086789826652449e+01	
  3.0450000000000000e+04	 3.7993670280306884e+02	  5.2110535252892980e+01	
  3.0480000000000000e+04	 3.7083682616979536e+02	  9.2682498617270852e+01	
  3.0510000000000000e+04	 3.5962032747834570e+02	  1.2125640449967921e+02	
  3.0540000000000000e+04	 3.4593268834434826e+02	  1.6596391154740888e+02	
  3.0570000000000000e+04	 3.4010489198800673e+02	  1.9877762245683485e+02	
  3.0600000000000000e+04	 3.4015561080444593e+02	  2.1516821251348830e+02	
  3.0630000000000000e+04	 3.2732408813674152e+02	  2.6384800141266214e+02	
  3.0660000000000000e+04	 3.2517410291371101e+02	  2.7804121198662449e+02	
  3.0690000000000000e+04	 3.2333500367328054e+02	  2.7915193907179287e+02	
  3.0720000000000000e+04	 3.2491150102345631e+02	  2.8060268511451767e+02	
  3.0750000000000000e+04	 3.2632317351509636e+02	  2.7940223971822564e+02	
  3.0780000000000000e+04	 3.2760173835603683e+02	  2.7995099771439880e+02	
  3.0810000000000000e+04	 3.2890495983002785e+02	  2.7873184070346696e+02	
  3.0840000000000000e+04	 3.1410613755340688e+02	  3.2151971934737952e+02	
  3.0870000000000000e+04	 3.0513762835391157e+02	  3.4656994040705354e+02	
  3.0900000000000000e+04	 2.9262495199751538e+02	  3.7295534717816918e+02	
  3.0930000000000000e+04	 2.7315875213919730e+02	  4.2066859546580633e+02	
  3.0960000000000000e+04	 2.5123196142534687e+02	  4.5647042609550772e+02	
  3.0990000000000000e+04	 2.3481455472865412e+02	  5.0019170882850631e+02	
  3.1020000000000000e+04	 2.3191116517186862e+02	  5.0586816029427126e+02	
  3.1050000000000000e+04	 2.3356847619164927e+02	  5.0480732345536381e+02	
  3.1080000000000000e+04	 2.3198243414760614e+02	  5.0628566745622646e+02	
  3.1110000000000000e+04	 2.3068615738782532e+02	  5.0751110066620100e+02	
  3.1140000000000000e+04	 2.3163948061704758e+02	  5.0781464875374036e+02	
  3.1170000000000000e+04	 2.3301370183831844e+02	  5.0643117176555114e+02	
  3.1200000000000000e+04	 2.3264503872946136e+02	  5.0817691411990762e+02	
  3.1230000000000000e+04	 2.3088901818270850e+02	  5.0852233671639135e+02	
  3.1260000000000000e+04	 2.3228936812190403e+02	  5.0830884451128696e+02	
  3.1290000000000000e+04	 2.5517293739238494e+02	  4.9245959411910547e+02	
  3.1320000000000000e+04	 2.8540424645172175e+02	  4.5619030875827031e+02	
  3.1350000000000000e+04	 3.0686523206455070e+02	  4.2888643809676250e+02	
  3.1380000000000000e+04	 3.2506859036011002e+02	  4.0953491078253404e+02	
  3.1410000000000000e+04	 3.5079579002029681e+02	  3.7960142439942211e+02	
  3.1440000000000000e+04	 3.8387797064205500e+02	  3.4580927346622013e+02	
  3.1470000000000000e+04	 4.0267711186411435e+02	  3.2723918348735845e+02	
  3.1500000000000000e+04	 4.2248425014961987e+02	  3.0031749445380399e+02	
  3.1530000000000000e+04	 4.3331087298198224e+02	  2.8844918958761889e+02	
  3.1560000000000000e+04	 4.6573022151920821e+02	  2.5554384365845365e+02	
  3.1590000000000000e+04	 4.8226491031639682e+02	  2.3793745178458281e+02	
  3.1620000000000000e+04	 5.0795218089397275e+02	  2.1291476729178390e+02	
  3.1650000000000000e+04	 5.2879036297761263e+02	  1.8367123091707080e+02	
  3.1680000000000000e+04	 5.4494758973544458e+02	  1.7387665971369427e+02	
  3.1710000000000000e+04	 5.4295025535861112e+02	  1.7208079452600037e+02	
  3.1740000000000000e+04	 5.4171457435281729e+02	  1.7075149112400507e+02	
  3.1770000000000000e+04	 5.4044814498478672e+02	  1.7113194249779656e+02	
  3.1800000000000000e+04	 5.4195023023855936e+02	  1.6998688889915857e+02	
  3.1830000000000000e+04	 5.4106095823714281e+02	  1.7006656026643105e+02	
  3.1860000000000000e+04	 5.0701320581663146e+02	  1.8642585857138198e+02	
  3.1890000000000000e+04	 4.7024784467176335e+02	  2.0687760750619321e+02	
  3.1920000000000000e+04	 4.3860318833166428e+02	  2.2108791304108337e+02	
  3.1950000000000000e+04	 3.9941511529880887e+02	  2.3369481225713085e+02	
  3.1980000000000000e+04	 3.5319938374776223e+02	  2.5214071125776462e+02	
  3.2010000000000000e+04	 3.3358829384007782e+02	  2.6288535107124000e+02	
  3.2040000000000000e+04	 2.9557461838921108e+02	  2.8347164433967799e+02	
  3.2070000000000000e+04	 2.6633544797164575e+02	  2.9683577656212987e+02	
  3.2100000000000000e+04	 2.2134773055081624e+02	  3.1760444195873151e+02	
  3.2130000000000000e+04	 1.8657851394528322e+02	  3.3550683987797203e+02	
  3.2160000000000000e+04	 1.5129199174100944e+02	  3.4818723476857161e+02	
  3.2190000000000000e+04	 1.2252098429482292e+02	  3.6406158610010567e+02	
  3.2220000000000000e+04	 9.9245780850442145e+01	  3.6816395009517396e+02	
  3.2250000000000000e+04	 7.7014580235425441e+01	  3.7800008035831485e+02	
  3.2280000000000000e+04	 2.9764020218812618e+01	  3.9283698475096122e+02	
  3.2310000000000000e+04	 -1.4863193888584952e+01	  4.1517226712613581e+02	
  3.2340000000000000e+04	 -5.3029493034582963e+01	  4.3581642567299497e+02	
  3.2370000000000000e+04	 -7.3315046167176902e+01	  4.4611323159516763e+02	
  3.2400000000000000e+04	 -1.0704821567901394e+02	  4.5837586965589389e+02	
  3.2430000000000000e+04	 -1.3220167573300674e+02	  4.7456519702304053e+02	
  3.2460000000000000e+04	 -1.7401595002666110e+02	  4.9318816961177629e+02	
  3.2490000000000000e+04	 -2.1655972231683356e+02	  5.1316762911092371e+02	
  3.2520000000000000e+04	 -2.4784599355624039e+02	  5.1979288983205322e+02	
  3.2550000000000000e+04	 -2.7402213147951801e+02	  5.2848078277167383e+02	
  3.2580000000000000e+04	 -2.7547942216548176e+02	  5.2722154977153593e+02	
  3.2610000000000000e+04	 -2.7680419698287915e+02	  5.2627490289763523e+02	
  3.2640000000000000e+04	 -2.7667830212031515e+02	  5.2430582170609716e+02	
  3.2670000000000000e+04	 -2.7645697968080225e+02	  5.2375159214076200e+02	
  3.2700000000000000e+04	 -2.7695621683672789e+02	  5.2497428212801458e+02	
  3.2730000000000000e+04	 -2.7844727095833406e+02	  5.2356269455394465e+02	
  3.2760000000000000e+04	 -2.7875853710471603e+02	  5.2288559067225719e+02	
  3.2790000000000000e+04	 -2.7717208778126474e+02	  5.2389893061916212e+02	
  3.2820000000000000e+04	 -2.8382004289966358e+02	  4.7627059953253155e+02	
  3.2850000000000000e+04	 -2.8803875446111192e+02	  4.5211598383945352e+02	
  3.2880000000000000e+04	 -2.9408480722495125e+02	  4.0207740066834577e+02	
  3.2910000000000000e+04	 -2.9318675974704627e+02	  3.7341852304051076e+02	
  3.2940000000000000e+04	 -2.9876971668034008e+02	  3.4863179268351200e+02	
  3.2970000000000000e+04	 -2.9990579202030943e+02	  3.2596452662235595e+02	
  3.3000000000000000e+04	 -3.0133808711218427e+02	  3.0484709280583007e+02	
  3.3030000000000000e+04	 -2.9759931136826606e+02	  2.7005241689999951e+02	
  3.3060000000000000e+04	 -2.9620137202181087e+02	  2.3038672816788829e+02	
  3.3090000000000000e+04	 -2.9512441037581050e+02	  1.9367300589240804e+02	
  3.3120000000000000e+04	 -2.9312157620535663e+02	  1.6900603265259559e+02	
  3.3150000000000000e+04	 -2.9365412527447540e+02	  1.3782760495697414e+02	
  3.3180000000000000e+04	 -2.9173388475966868e+02	  9.2047494302135291e+01	
  3.3210000000000000e+04	 -2.9311596612382056e+02	  6.5297490658560307e+01	
  3.3240000000000000e+04	 -2.9833987010420606e+02	  3.8488948005635706e+01	
  3.3270000000000000e+04	 -2.9627540924324848e+02	  -3.6037445323628958e-01	
  3.3300000000000000e+04	 -2.9768857685412593e+02	  -3.9387753819294758e+01	
  3.3330000000000000e+04	 -3.0087399507220482e+02	  -7.6105428620107062e+01	
  3.3360000000000000e+04	 -3.0418580566447065e+02	  -1.1094265030287931e+02	
  3.3390000000000000e+04	 -3.0859767163444815e+02	  -1.3726528563170112e+02	
  3.3420000000000000e+04	 -3.1323684967892757e+02	  -1.7708484103191478e+02	
  3.3450000000000000e+04	 -3.1551335985646728e+02	  -2.2227951782014969e+02	
  3.3480000000000000e+04	 -3.1614693280703568e+02	  -2.6568146876927034e+02	
  3.3510000000000000e+04	 -3.6200269763710639e+02	  -2.5214802343352903e+02	
  3.3540000000000000e+04	 -3.8571466544823272e+02	  -2.4152407900925857e+02	
  3.3570000000000000e+04	 -4.0910816799037360e+02	  -2.3124994844942631e+02	
  3.3600000000000000e+04	 -4.3666562188311406e+02	  -2.1914729763560837e+02	
  3.3630000000000000e+04	 -4.6959335637574344e+02	  -2.0785584514007212e+02	
  3.3660000000000000e+04	 -4.9760211610832067e+02	  -1.9118176200624151e+02	
  3.3690000000000000e+04	 -5.3844816623353813e+02	  -1.7559937496971199e+02	
  3.3720000000000000e+04	 -5.7823476317138454e+02	  -1.5849795748088633e+02	
  3.3750000000000000e+04	 -6.0111910524393488e+02	  -1.4612102383194866e+02	
  3.3780000000000000e+04	 -6.2503680829546420e+02	  -1.4219869095452242e+02	
  3.3810000000000000e+04	 -6.5915185466831531e+02	  -1.2743358834981130e+02	
