  0.0000000000000000e+00	 -6.1368359232594855e+02	  -7.5373908766860680e+01	
  3.0000000000000000e+01	 -5.7620074285949238e+02	  -4.4510341437626046e+01	
  6.0000000000000000e+01	 -5.4756691443972943e+02	  -2.8979825829540381e+01	
  9.0000000000000000e+01	 -5.0922791341250502e+02	  -8.8977877428573251e+00	
  1.2000000000000000e+02	 -4.8517380312030491e+02	  9.7236058901931663e+00	
  1.5000000000000000e+02	 -4.4341489609176557e+02	  3.9208751726987693e+01	
  1.8000000000000000e+02	 -4.1606723350106046e+02	  5.6198609242594209e+01	
  2.1000000000000000e+02	 -3.9520827853163127e+02	  6.6986274851062760e+01	
  2.4000000000000000e+02	 -3.7622420012051572e+02	  8.2164460949932646e+01	
  2.7000000000000000e+02	 -3.4549294981644812e+02	  1.0526952317797868e+02	
  3.0000000000000000e+02	 -3.1348834567916134e+02	  1.2646507321648301e+02	
  3.3000000000000000e+02	 -2.8055633188104821e+02	  1.5096257089969794e+02	
  3.6000000000000000e+02	 -2.3613913955151705e+02	  1.7770490363752128e+02	
  3.9000000000000000e+02	 -2.0823849230662694e+02	  2.0127054265867429e+02	
  4.2000000000000000e+02	 -1.8810921499962191e+02	  2.1380828735345338e+02	
  4.5000000000000000e+02	 -1.7250759569591952e+02	  2.2193104351459399e+02	
  4.8000000000000000e+02	 -1.2829007848461706e+02	  2.4751474404952148e+02	
  5.1000000000000000e+02	 -1.0514342311954992e+02	  2.5984163537685617e+02	
  5.4000000000000000e+02	 -6.1270664627926990e+01	  2.9026445533566101e+02	
  5.7000000000000000e+02	 -4.1200495101310054e+01	  3.0582907902272404e+02	
  6.0000000000000000e+02	 -2.3523317697534704e+01	  3.1543186161971880e+02	
  6.3000000000000000e+02	 1.2107052260157705e+01	  3.3445949921954940e+02	
  6.6000000000000000e+02	 3.6552175423769825e+01	  3.4697819194895266e+02	
  6.9000000000000000e+02	 6.7164409195875166e+01	  3.7172924609940873e+02	
  7.2000000000000000e+02	 8.6766469754490458e+01	  3.8685266127472573e+02	
  7.5000000000000000e+02	 1.1004359158104884e+02	  4.0396020102011641e+02	
  7.8000000000000000e+02	 1.4996247401522646e+02	  4.3276518212500383e+02	
  8.1000000000000000e+02	 1.7278993925469700e+02	  4.5024886285890409e+02	
  8.4000000000000000e+02	 2.0383439883123702e+02	  4.7273687948667197e+02	
  8.7000000000000000e+02	 2.3124194931447485e+02	  4.9003976147246959e+02	
  9.0000000000000000e+02	 2.5945731507506548e+02	  5.0463310951179187e+02	
  9.3000000000000000e+02	 2.7370099655042947e+02	  5.1527069211044716e+02	
  9.6000000000000000e+02	 2.7345183684086476e+02	  5.1333447064345683e+02	
  9.9000000000000000e+02	 2.7162242451263108e+02	  5.1462119072704422e+02	
  1.0200000000000000e+03	 2.7141607024448086e+02	  5.1514447079924753e+02	
  1.0500000000000000e+03	 2.7313810546026389e+02	  5.1603915274834560e+02	
  1.0800000000000000e+03	 2.5486734293086215e+02	  4.9118593978513616e+02	
  1.1100000000000000e+03	 2.5371497040856266e+02	  4.9219145553139765e+02	
  1.1400000000000000e+03	 2.5342015903187345e+02	  4.9129879518331950e+02	
  1.1700000000000000e+03	 2.6026900812821549e+02	  4.6459563981289779e+02	
  1.2000000000000000e+03	 2.6716217754988895e+02	  4.2139986366265646e+02	
  1.2300000000000000e+03	 2.7234059499204216e+02	  3.9054526995989681e+02	
  1.2600000000000000e+03	 2.7885181343350291e+02	  3.6331259530338775e+02	
  1.2900000000000000e+03	 2.8632967913118421e+02	  3.4203832775875435e+02	
  1.3200000000000000e+03	 2.9881356334741957e+02	  3.1806266717244819e+02	
  1.3500000000000000e+03	 2.7835271786590209e+02	  3.1212339208887886e+02	
  1.3800000000000000e+03	 2.3621293879043077e+02	  3.0946114969371342e+02	
  1.4100000000000000e+03	 1.9969436658969889e+02	  3.1080703346466066e+02	
  1.4400000000000000e+03	 1.4748547230391654e+02	  3.0890019194193201e+02	
  1.4700000000000000e+03	 1.2218930926295266e+02	  3.1123936538082654e+02	
  1.5000000000000000e+03	 1.0024911422482597e+02	  3.0750644412801103e+02	
  1.5300000000000000e+03	 7.2892835552372915e+01	  3.1058978268054432e+02	
  1.5600000000000000e+03	 4.8603110052050589e+01	  3.0527648683569345e+02	
  1.5900000000000000e+03	 1.8569087725985014e+00	  3.0607327628622892e+02	
  1.6200000000000000e+03	 -1.7095693771639766e+01	  3.0387932975875776e+02	
  1.6500000000000000e+03	 -5.4088179191202634e+01	  2.9848038159881520e+02	
  1.6800000000000000e+03	 -9.9356469896093174e+01	  2.9911887183119086e+02	
  1.7100000000000000e+03	 -1.3145969816468377e+02	  2.9758289364379107e+02	
  1.7400000000000000e+03	 -1.7911560544736022e+02	  2.9831865772939716e+02	
  1.7700000000000000e+03	 -2.2214144015614426e+02	  2.8995619080426218e+02	
  1.8000000000000000e+03	 -2.5139196058452976e+02	  2.8478553954401679e+02	
  1.8300000000000000e+03	 -2.7146916689412069e+02	  2.8023897985298663e+02	
  1.8600000000000000e+03	 -3.0563149252979116e+02	  2.8332153827923264e+02	
  1.8900000000000000e+03	 -3.3446990674405782e+02	  2.8296629805308515e+02	
  1.9200000000000000e+03	 -3.8420147804480177e+02	  2.7991254093266957e+02	
  1.9500000000000000e+03	 -3.6134649295155253e+02	  2.5446002048454170e+02	
  1.9800000000000000e+03	 -3.3580431946058644e+02	  2.2639474744230640e+02	
  2.0100000000000000e+03	 -3.2144607045026237e+02	  2.1252024212955345e+02	
  2.0400000000000000e+03	 -2.9231835356189362e+02	  1.8260877102323519e+02	
  2.0700000000000000e+03	 -2.7157145216369167e+02	  1.6407687655391197e+02	
  2.1000000000000000e+03	 -2.5328091151530157e+02	  1.4751898985517442e+02	
  2.1300000000000000e+03	 -2.2955971183267073e+02	  1.3077218977299538e+02	
  2.1600000000000000e+03	 -2.0824511711477970e+02	  1.0742071496147854e+02	
  2.1900000000000000e+03	 -1.8535225928921014e+02	  8.5539279580605921e+01	
  2.2200000000000000e+03	 -1.7107255449435337e+02	  7.1019838978303682e+01	
  2.2500000000000000e+03	 -1.3275571493460245e+02	  3.8846207162080631e+01	
  2.2800000000000000e+03	 -1.1518726717413520e+02	  1.1412073498341158e+01	
  2.3100000000000000e+03	 -9.2235281671863106e+01	  -1.0351054103105369e+01	
  2.3400000000000000e+03	 -7.4784095194299510e+01	  -2.8588549187288478e+01	
  2.3700000000000000e+03	 -5.8521143581822656e+01	  -4.2918144496813220e+01	
  2.4000000000000000e+03	 -2.0098402157730966e+01	  -8.2757688894948629e+01	
  2.4300000000000000e+03	 -6.4128212084283778e+00	  -1.0390911127597680e+02	
  2.4600000000000000e+03	 1.0446972714910641e+01	  -1.2068991087475419e+02	
  2.4900000000000000e+03	 3.8377362238850360e+01	  -1.4712622538582602e+02	
  2.5200000000000000e+03	 6.5239826405500679e+01	  -1.5489852504282123e+02	
  2.5500000000000000e+03	 9.1958040538937468e+01	  -1.5862094829834464e+02	
  2.5800000000000000e+03	 1.2103174718346054e+02	  -1.5898998552093911e+02	
  2.6100000000000000e+03	 1.5378196243756551e+02	  -1.6096253464465036e+02	
  2.6400000000000000e+03	 1.9257265596002568e+02	  -1.6484277737698685e+02	
  2.6700000000000000e+03	 2.3686415460471375e+02	  -1.6913735677892251e+02	
  2.7000000000000000e+03	 2.5968107852146341e+02	  -1.7465410211114516e+02	
  2.7300000000000000e+03	 3.0696868789030111e+02	  -1.7636938613131321e+02	
  2.7600000000000000e+03	 3.5927304316538903e+02	  -1.8024807345403252e+02	
  2.7900000000000000e+03	 3.9599990958920449e+02	  -1.8585566212977457e+02	
  2.8200000000000000e+03	 4.3071249432197379e+02	  -1.8905251199951934e+02	
  2.8500000000000000e+03	 4.5757412640876589e+02	  -1.9791646283640111e+02	
  2.8800000000000000e+03	 4.5556583036956465e+02	  -1.5678698894346664e+02	
  2.9100000000000000e+03	 4.5655101065649660e+02	  -1.2497745545108489e+02	
  2.9400000000000000e+03	 4.5912321169593133e+02	  -1.0189862507794282e+02	
  2.9700000000000000e+03	 4.5585846943524632e+02	  -5.5699447254022218e+01	
  3.0000000000000000e+03	 4.5238317022824350e+02	  -1.0199072000512373e+01	
  3.0300000000000000e+03	 4.5095892697459766e+02	  2.6913812705106423e+01	
  3.0600000000000000e+03	 4.4073294908949748e+02	  6.4261961229591932e+01	
  3.0900000000000000e+03	 4.3779336797748709e+02	  1.0976905370195951e+02	
  3.1200000000000000e+03	 4.3589873083846055e+02	  1.2705321870695212e+02	
  3.1500000000000000e+03	 4.3408680105564372e+02	  1.2673702954250381e+02	
  3.1800000000000000e+03	 4.3392251592208510e+02	  1.2803272702792921e+02	
  3.2100000000000000e+03	 4.3985383356046640e+02	  1.0041222363757419e+02	
  3.2400000000000000e+03	 4.4808313703599180e+02	  7.8993036966115682e+01	
  3.2700000000000000e+03	 4.6343208319054230e+02	  3.2631457181618771e+01	
  3.3000000000000000e+03	 4.8054894901998398e+02	  -5.0125459685750400e+00	
  3.3300000000000000e+03	 4.9136383005728095e+02	  -3.9736862570333415e+01	
  3.3600000000000000e+03	 5.0338536338627313e+02	  -6.3100043157180366e+01	
  3.3900000000000000e+03	 5.2028796796083145e+02	  -1.0147743112997446e+02	
  3.4200000000000000e+03	 5.2730762164901830e+02	  -1.3336288207533659e+02	
  3.4500000000000000e+03	 5.4054150803209268e+02	  -1.7488116435065911e+02	
  3.4800000000000000e+03	 5.5330899095016616e+02	  -2.0625980627020121e+02	
  3.5100000000000000e+03	 5.7029522682431502e+02	  -2.5026557629512024e+02	
  3.5400000000000000e+03	 5.7859881935243425e+02	  -2.6611174074970239e+02	
  3.5700000000000000e+03	 5.9157546371039700e+02	  -3.0716817015755214e+02	
  3.6000000000000000e+03	 5.5261676807223978e+02	  -3.3431798604718244e+02	
  3.6300000000000000e+03	 5.2632563469533147e+02	  -3.5807140190059170e+02	
  3.6600000000000000e+03	 4.9254079035128564e+02	  -3.8524767016605489e+02	
  3.6900000000000000e+03	 4.5856827159500654e+02	  -4.1182272306019712e+02	
  3.7200000000000000e+03	 4.2906672977230244e+02	  -4.2824354921654293e+02	
  3.7500000000000000e+03	 4.0034490576683891e+02	  -4.5923819094490079e+02	
  3.7800000000000000e+03	 3.8618130531159881e+02	  -4.6687645054330210e+02	
  3.8100000000000000e+03	 3.4566326085804957e+02	  -4.9365909733396506e+02	
  3.8400000000000000e+03	 3.1552316597495860e+02	  -5.1996317127038901e+02	
  3.8700000000000000e+03	 2.8402455018676648e+02	  -5.4294620592338572e+02	
  3.9000000000000000e+03	 2.6751154895623176e+02	  -5.5545404617539555e+02	
  3.9300000000000000e+03	 2.6741150568588029e+02	  -5.5590887609585332e+02	
  3.9600000000000000e+03	 2.6936024227710448e+02	  -5.5664561719194080e+02	
  3.9900000000000000e+03	 2.6844347786394587e+02	  -5.5702207122651168e+02	
  4.0200000000000000e+03	 2.5078106267672328e+02	  -5.1713587569587662e+02	
  4.0500000000000000e+03	 2.3345291319399826e+02	  -4.7800761045511376e+02	
  4.0800000000000000e+03	 2.1847656145639209e+02	  -4.4452546077992690e+02	
  4.1100000000000000e+03	 1.9944100200562386e+02	  -4.0358000590712436e+02	
  4.1400000000000000e+03	 1.8879791454913405e+02	  -3.7030201121196535e+02	
  4.1700000000000000e+03	 1.7600533492094252e+02	  -3.4906122409573197e+02	
  4.2000000000000000e+03	 1.5550438900786878e+02	  -3.0703509829897007e+02	
  4.2300000000000000e+03	 1.4260478260894180e+02	  -2.7968989733206507e+02	
  4.2600000000000000e+03	 1.3680903522306772e+02	  -2.5737087619572657e+02	
  4.2900000000000000e+03	 1.2176228625842322e+02	  -2.3313197235753745e+02	
  4.3200000000000000e+03	 1.0023327238135886e+02	  -1.8856222409147668e+02	
  4.3500000000000000e+03	 8.2680243940022962e+01	  -1.5510988967101326e+02	
  4.3800000000000000e+03	 6.6208253482659160e+01	  -1.1695263954635990e+02	
  4.4100000000000000e+03	 6.2695951664885115e+01	  -1.1326210074058599e+02	
  4.4400000000000000e+03	 6.2199204115681695e+01	  -1.1190246700972725e+02	
  4.4700000000000000e+03	 6.4058517814109436e+01	  -1.1251052092890615e+02	
  4.5000000000000000e+03	 6.2551789784415071e+01	  -1.1398189570540204e+02	
  4.5300000000000000e+03	 6.4165364730231317e+01	  -1.1384550184268744e+02	
  4.5600000000000000e+03	 6.5056185110202833e+01	  -1.1436668544301129e+02	
  4.5900000000000000e+03	 6.5830372321904520e+01	  -1.1421729253017483e+02	
  4.6200000000000000e+03	 6.7601337357771612e+01	  -1.1543949961400676e+02	
  4.6500000000000000e+03	 6.8786995774718847e+01	  -1.1523417781321152e+02	
  4.6800000000000000e+03	 6.3591017033782890e+01	  -9.3704681072297106e+01	
  4.7100000000000000e+03	 4.1928746189464320e+01	  -4.8998081476387071e+01	
  4.7400000000000000e+03	 2.7136533949317545e+01	  -1.6258272618366156e+01	
  4.7700000000000000e+03	 1.5542100165247904e+01	  1.6224567350783246e+01	
  4.8000000000000000e+03	 9.2257915535730106e+00	  3.7965440033083560e+01	
  4.8300000000000000e+03	 -6.5892120204578610e+00	  7.2012591608566794e+01	
  4.8600000000000000e+03	 -2.2458873113179333e+01	  1.1574420918777855e+02	
  4.8900000000000000e+03	 -4.1307839685426913e+01	  1.5216125902537914e+02	
  4.9200000000000000e+03	 -5.5407056233377240e+01	  1.7580157222466840e+02	
  4.9500000000000000e+03	 -6.7816457155048980e+01	  2.1289350894348456e+02	
  4.9800000000000000e+03	 -8.1565037310153429e+01	  2.3681363698488252e+02	
  5.0100000000000000e+03	 -1.0036519755806502e+02	  2.7251784606454817e+02	
  5.0400000000000000e+03	 -1.1151761360184585e+02	  2.9340122519894516e+02	
  5.0700000000000000e+03	 -1.3150678857198537e+02	  3.3674487618746798e+02	
  5.1000000000000000e+03	 -1.5134209418543190e+02	  3.7906353525083841e+02	
  5.1300000000000000e+03	 -1.6053635214001497e+02	  4.1434807683485701e+02	
  5.1600000000000000e+03	 -1.7559681722886185e+02	  4.4610576137555046e+02	
  5.1900000000000000e+03	 -1.8725442741154083e+02	  4.8195409887458118e+02	
  5.2200000000000000e+03	 -2.0534248459234180e+02	  5.1956031328483937e+02	
  5.2500000000000000e+03	 -2.1499734740199270e+02	  4.9548597904189648e+02	
  5.2800000000000000e+03	 -2.4060736606647419e+02	  4.5202733906092550e+02	
  5.3100000000000000e+03	 -2.5714981685472378e+02	  4.1424073414182135e+02	
  5.3400000000000000e+03	 -2.6797414196021151e+02	  3.9760451756258033e+02	
  5.3700000000000000e+03	 -2.8908381561059133e+02	  3.6131780336766207e+02	
  5.4000000000000000e+03	 -3.0720823881607856e+02	  3.2645670571954599e+02	
  5.4300000000000000e+03	 -3.1866278205437430e+02	  2.9863803645072699e+02	
  5.4600000000000000e+03	 -3.2980882534899985e+02	  2.7650470508411416e+02	
  5.4900000000000000e+03	 -3.3853827001249022e+02	  2.5393066689742506e+02	
  5.5200000000000000e+03	 -3.5276365066827884e+02	  2.2068606667762961e+02	
  5.5500000000000000e+03	 -3.6006742368085031e+02	  1.9940149012708585e+02	
  5.5800000000000000e+03	 -3.7704914495735341e+02	  1.7522334075135575e+02	
  5.6100000000000000e+03	 -3.9162584932516819e+02	  1.4753248367154072e+02	
  5.6400000000000000e+03	 -4.0246454579366861e+02	  1.3019144314253356e+02	
  5.6700000000000000e+03	 -4.2012041612384490e+02	  8.9522246783368047e+01	
  5.7000000000000000e+03	 -4.4129615583756640e+02	  6.4479317028531455e+01	
  5.7300000000000000e+03	 -4.4315879641694363e+02	  6.3379056182302946e+01	
  5.7600000000000000e+03	 -4.4416651549492798e+02	  6.4868530900555967e+01	
  5.7900000000000000e+03	 -4.4507286811971500e+02	  6.6049010256361797e+01	
  5.8200000000000000e+03	 -4.4398041442753549e+02	  6.4179824556226521e+01	
  5.8500000000000000e+03	 -4.4491913677694930e+02	  6.4864267565379265e+01	
  5.8800000000000000e+03	 -4.4332874827495431e+02	  6.3541020343681808e+01	
  5.9100000000000000e+03	 -4.4502085045459205e+02	  6.5513637073729782e+01	
  5.9400000000000000e+03	 -4.2148676379577921e+02	  6.0762107877273856e+01	
  5.9700000000000000e+03	 -3.9833639015406362e+02	  6.2914738277705034e+01	
  6.0000000000000000e+03	 -3.5917742525904225e+02	  5.9887527953634468e+01	
  6.0300000000000000e+03	 -3.0740608397606587e+02	  5.1483458918567536e+01	
  6.0600000000000000e+03	 -2.7497603207156618e+02	  4.5523556118985802e+01	
  6.0900000000000000e+03	 -2.3864438672979719e+02	  4.7644777321821110e+01	
  6.1200000000000000e+03	 -1.8701192833991612e+02	  4.5622068063951254e+01	
  6.1500000000000000e+03	 -1.6227879525117203e+02	  3.8086922986369373e+01	
  6.1800000000000000e+03	 -1.1170045655046101e+02	  3.7619037821703309e+01	
  6.2100000000000000e+03	 -6.7931165162362049e+01	  3.0440386880881789e+01	
  6.2400000000000000e+03	 -2.5748030018715177e+01	  2.9412651419984382e+01	
  6.2700000000000000e+03	 -6.3290979572236445e+01	  1.7636467976647193e+01	
  6.3000000000000000e+03	 -8.0408722404618402e+01	  1.3489333412835839e+01	
  6.3300000000000000e+03	 -1.1955886719818324e+02	  4.3824126898657685e+00	
  6.3600000000000000e+03	 -1.5962814960453699e+02	  -8.1915181185286805e+00	
  6.3900000000000000e+03	 -1.8518925411962874e+02	  -1.2113791347861788e+01	
  6.4200000000000000e+03	 -2.1137287379318516e+02	  -1.5320381537560316e+01	
  6.4500000000000000e+03	 -2.3782508855735111e+02	  -2.3106265553252058e+01	
  6.4800000000000000e+03	 -2.6642553585777267e+02	  -2.5936036493135461e+01	
  6.5100000000000000e+03	 -3.0676190927598833e+02	  -3.5600194944303169e+01	
  6.5400000000000000e+03	 -3.4954108302942177e+02	  -4.5986634326411490e+01	
  6.5700000000000000e+03	 -3.8860401986958038e+02	  -5.6190542186752879e+01	
  6.6000000000000000e+03	 -4.1286097863647626e+02	  -6.2467929128174454e+01	
  6.6300000000000000e+03	 -4.5895334877250434e+02	  -7.0849954135588590e+01	
  6.6600000000000000e+03	 -4.8171515787995889e+02	  -7.3492259553530687e+01	
  6.6900000000000000e+03	 -5.1398022498389821e+02	  -7.6644590789041402e+01	
  6.7200000000000000e+03	 -5.3850747795307416e+02	  -8.2953185163114213e+01	
  6.7500000000000000e+03	 -5.6675562406935421e+02	  -9.3129384910384275e+01	
  6.7800000000000000e+03	 -5.4353217177302145e+02	  -1.2332804105350343e+02	
  6.8100000000000000e+03	 -5.1470553190770818e+02	  -1.4921660959539108e+02	
  6.8400000000000000e+03	 -4.8269894599841228e+02	  -1.8092937100067616e+02	
  6.8700000000000000e+03	 -4.5865266351264256e+02	  -2.1131955023848866e+02	
  6.9000000000000000e+03	 -4.4016619783319697e+02	  -2.3705862568104274e+02	
  6.9300000000000000e+03	 -4.2127597861945219e+02	  -2.5439051082855181e+02	
  6.9600000000000000e+03	 -3.9519505092503209e+02	  -2.7590602975154172e+02	
  6.9900000000000000e+03	 -3.7203071824012721e+02	  -3.0718739850971991e+02	
  7.0200000000000000e+03	 -3.5693872183852875e+02	  -3.1867369493377566e+02	
  7.0500000000000000e+03	 -3.2709609298190884e+02	  -3.4232988926263113e+02	
  7.0800000000000000e+03	 -2.9178068823409768e+02	  -3.6508061278222368e+02	
  7.1100000000000000e+03	 -2.5741835483897580e+02	  -3.8371554969359323e+02	
  7.1400000000000000e+03	 -2.4064918969418528e+02	  -3.9397093019908772e+02	
  7.1700000000000000e+03	 -2.1413645864620341e+02	  -4.1272008568335889e+02	
  7.2000000000000000e+03	 -1.8548446758413920e+02	  -4.4045535288479039e+02	
  7.2300000000000000e+03	 -1.4690791542732296e+02	  -4.6801575040784530e+02	
  7.2600000000000000e+03	 -1.3260466694555981e+02	  -4.3871513275520164e+02	
  7.2900000000000000e+03	 -1.0893082250301681e+02	  -4.0651654417050116e+02	
  7.3200000000000000e+03	 -9.0191534091732564e+01	  -3.7534738833179114e+02	
  7.3500000000000000e+03	 -6.3032104381145089e+01	  -3.3204129766650033e+02	
  7.3800000000000000e+03	 -4.1973363474904957e+01	  -3.0505685320207579e+02	
  7.4100000000000000e+03	 -2.2098508578094151e+01	  -2.8055102454466174e+02	
  7.4400000000000000e+03	 2.3562289913014176e+00	  -2.4642192966937969e+02	
  7.4700000000000000e+03	 2.7746989903424431e+01	  -2.1178746863299912e+02	
  7.5000000000000000e+03	 4.5292128642905638e+01	  -1.8315165130530752e+02	
  7.5300000000000000e+03	 7.1568247586077476e+01	  -1.4110830326257272e+02	
  7.5600000000000000e+03	 9.6643334891567150e+01	  -1.0843454749382721e+02	
  7.5900000000000000e+03	 1.2345891974513162e+02	  -7.4004646877134206e+01	
  7.6200000000000000e+03	 1.3853949431485665e+02	  -4.8469824669964794e+01	
  7.6500000000000000e+03	 1.6182224134815129e+02	  -2.0691712010389573e+01	
  7.6800000000000000e+03	 1.8014859621055544e+02	  1.0062442272917266e+01	
  7.7100000000000000e+03	 2.0996639261727498e+02	  4.6613542823626013e+01	
  7.7400000000000000e+03	 2.2802359539324408e+02	  7.5001101344316794e+01	
  7.7700000000000000e+03	 2.4115359122734597e+02	  9.7377647139116078e+01	
  7.8000000000000000e+03	 2.5963849130568065e+02	  1.2650159689320009e+02	
  7.8300000000000000e+03	 2.8545145374240792e+02	  1.6570306472346678e+02	
  7.8600000000000000e+03	 3.0470606416597803e+02	  1.9622053701363799e+02	
  7.8900000000000000e+03	 3.2123884555463405e+02	  2.2174475689259367e+02	
  7.9200000000000000e+03	 3.1766877626349986e+02	  2.2781786145999160e+02	
  7.9500000000000000e+03	 3.1620232698399343e+02	  2.2776859069488359e+02	
  7.9800000000000000e+03	 3.1493358576302109e+02	  2.2895514407085773e+02	
  8.0100000000000000e+03	 3.1610136308552921e+02	  2.3049339188644018e+02	
  8.0400000000000000e+03	 3.1538526489110529e+02	  2.3143924262640422e+02	
  8.0700000000000000e+03	 3.1667578179110717e+02	  2.3132563744178171e+02	
  8.1000000000000000e+03	 3.1517562848795870e+02	  2.3122686187708342e+02	
  8.1300000000000000e+03	 3.1407879223733721e+02	  2.3288960416620299e+02	
  8.1600000000000000e+03	 3.1449829509418828e+02	  2.3180891715731741e+02	
  8.1900000000000000e+03	 3.0072502527872530e+02	  2.5999167058440918e+02	
  8.2200000000000000e+03	 2.6568644486682302e+02	  2.1603687611696574e+02	
  8.2500000000000000e+03	 2.4632070356245072e+02	  1.8528296659787796e+02	
  8.2800000000000000e+03	 2.3091643542936939e+02	  1.5809850717348013e+02	
  8.3100000000000000e+03	 2.0397091605413181e+02	  1.2269086135736768e+02	
  8.3400000000000000e+03	 1.7683905243497443e+02	  9.2698989251472199e+01	
  8.3700000000000000e+03	 1.5751400276236842e+02	  6.5580683316183283e+01	
  8.4000000000000000e+03	 1.3856169921496598e+02	  4.7527722931805954e+01	
  8.4300000000000000e+03	 1.2277363578418525e+02	  2.5056810430391121e+01	
  8.4600000000000000e+03	 9.8893793281114910e+01	  -7.6685699272076953e+00	
  8.4900000000000000e+03	 6.7942991757015776e+01	  -4.5639334737769829e+01	
  8.5200000000000000e+03	 4.9318722843137913e+01	  -6.9987437632431636e+01	
  8.5500000000000000e+03	 3.6142863655977280e+01	  -8.9016038895464078e+01	
  8.5800000000000000e+03	 1.2799636108468960e+01	  -1.1763540384166151e+02	
  8.6100000000000000e+03	 -1.8335803240987211e+01	  -1.5444824598293047e+02	
  8.6400000000000000e+03	 -3.2196929572842329e+01	  -1.7016996940444622e+02	
  8.6700000000000000e+03	 -5.5584836120414138e+01	  -2.0590822991541177e+02	
  8.7000000000000000e+03	 -8.3925361698708699e+01	  -2.4295237714400031e+02	
  8.7300000000000000e+03	 -1.0645683015217688e+02	  -2.8256983155020328e+02	
  8.7600000000000000e+03	 -1.1714350060437340e+02	  -3.0703889053774498e+02	
  8.7900000000000000e+03	 -1.3653878722471188e+02	  -3.3566294715101907e+02	
  8.8200000000000000e+03	 -1.4612097018766875e+02	  -3.5611490411061692e+02	
  8.8500000000000000e+03	 -1.6700785255192068e+02	  -3.8221300953373765e+02	
  8.8800000000000000e+03	 -1.9375320150578523e+02	  -4.2111585385669474e+02	
  8.9100000000000000e+03	 -2.1089088045715053e+02	  -4.3653643924247922e+02	
  8.9400000000000000e+03	 -2.2747659643762393e+02	  -4.6049932464594599e+02	
  8.9700000000000000e+03	 -2.4087094963247233e+02	  -4.7700279798169231e+02	
  9.0000000000000000e+03	 -2.6077932542277154e+02	  -5.0173555516482980e+02	
  9.0300000000000000e+03	 -2.8141204722720624e+02	  -5.1610433671173189e+02	
  9.0600000000000000e+03	 -3.0843412591785869e+02	  -5.4880954745361964e+02	
  9.0900000000000000e+03	 -3.4126544133672775e+02	  -5.8182193930524602e+02	
  9.1200000000000000e+03	 -3.0758003476577233e+02	  -5.4936563721360244e+02	
  9.1500000000000000e+03	 -2.7047762416530520e+02	  -5.1797229699303000e+02	
  9.1800000000000000e+03	 -2.5768890829385145e+02	  -4.9664181868724285e+02	
  9.2100000000000000e+03	 -2.3868598920833341e+02	  -4.8096066166816689e+02	
  9.2400000000000000e+03	 -2.1936519157375190e+02	  -4.5864201300367171e+02	
  9.2700000000000000e+03	 -1.8662723932085947e+02	  -4.2373446243475996e+02	
  9.3000000000000000e+03	 -1.5841944973802711e+02	  -4.0057615258177680e+02	
  9.3300000000000000e+03	 -1.2325511101605625e+02	  -3.7205594618506035e+02	
  9.3600000000000000e+03	 -8.9460497393901903e+01	  -3.4689459607358827e+02	
  9.3900000000000000e+03	 -6.8682981323255206e+01	  -3.2331776938969460e+02	
  9.4200000000000000e+03	 -4.8658980611887870e+01	  -3.0114549073696867e+02	
  9.4500000000000000e+03	 -2.9177947188483135e+01	  -2.7747642684702009e+02	
  9.4800000000000000e+03	 1.5284270594957405e-02	  -2.4827275104396958e+02	
  9.5100000000000000e+03	 3.0109429295275977e+01	  -2.2032167597159787e+02	
  9.5400000000000000e+03	 6.2056452061015023e+01	  -1.9160073400388569e+02	
  9.5700000000000000e+03	 8.2783129568486629e+01	  -1.7830692808694695e+02	
  9.6000000000000000e+03	 1.1103682010337320e+02	  -1.5336056435576708e+02	
  9.6300000000000000e+03	 1.4008641239855893e+02	  -1.2434859315416605e+02	
  9.6600000000000000e+03	 1.6455547394855503e+02	  -1.0222821636885446e+02	
  9.6900000000000000e+03	 1.9843410495180143e+02	  -6.5634726890091272e+01	
  9.7200000000000000e+03	 2.2249371932596026e+02	  -4.3501656490671607e+01	
  9.7500000000000000e+03	 2.5239905064383251e+02	  -1.9550495396221930e+01	
  9.7800000000000000e+03	 2.7053842460788320e+02	  -1.9072484420225528e+00	
  9.8100000000000000e+03	 2.9795904760156276e+02	  2.0610378066037612e+01	
  9.8400000000000000e+03	 3.3255187755028015e+02	  5.0137928965169188e+01	
  9.8700000000000000e+03	 3.5805612055025222e+02	  7.0010884330964331e+01	
  9.9000000000000000e+03	 3.8585107767863497e+02	  9.8200430407757835e+01	
  9.9300000000000000e+03	 4.0079869684227839e+02	  1.2067018899903300e+02	
  9.9600000000000000e+03	 4.1510974418276840e+02	  1.4356779226379902e+02	
  9.9900000000000000e+03	 4.2210205093515543e+02	  1.4177866443881973e+02	
  1.0020000000000000e+04	 4.2395960392998234e+02	  1.4126880954149667e+02	
  1.0050000000000000e+04	 4.2267141761662236e+02	  1.4184705847046115e+02	
  1.0080000000000000e+04	 4.2185365970087611e+02	  1.4375428956442485e+02	
  1.0110000000000000e+04	 4.0083732939681425e+02	  1.2588441715854350e+02	
  1.0140000000000000e+04	 3.7156522835074804e+02	  1.0255841107119436e+02	
  1.0170000000000000e+04	 3.5048718342842403e+02	  9.0348083722286646e+01	
  1.0200000000000000e+04	 3.2524699875524630e+02	  7.3300222127612969e+01	
  1.0230000000000000e+04	 3.0908170199838844e+02	  5.4474598929217400e+01	
  1.0260000000000000e+04	 2.7480916160949829e+02	  3.0470182277618616e+01	
  1.0290000000000000e+04	 2.3950628407240734e+02	  -4.3869469761035695e+00	
  1.0320000000000000e+04	 2.7293466420304952e+02	  -1.3589741752162618e+01	
  1.0350000000000000e+04	 3.0886658035425586e+02	  -2.5455987649317386e+01	
  1.0380000000000000e+04	 3.5702504322538152e+02	  -3.8365670849622290e+01	
  1.0410000000000000e+04	 3.9446390080793986e+02	  -4.7630886691632746e+01	
  1.0440000000000000e+04	 4.2865715219093698e+02	  -5.1405696780527904e+01	
  1.0470000000000000e+04	 4.5955292297560538e+02	  -5.7276060672460254e+01	
  1.0500000000000000e+04	 4.9406867741287437e+02	  -6.9923392015695370e+01	
  1.0530000000000000e+04	 5.1664237484988632e+02	  -7.6516087930319969e+01	
  1.0560000000000000e+04	 5.6001440872220064e+02	  -8.5563861161774426e+01	
  1.0590000000000000e+04	 6.0324169694174509e+02	  -9.3107077864965845e+01	
  1.0620000000000000e+04	 6.2292489837182995e+02	  -1.0037047045966024e+02	
  1.0650000000000000e+04	 6.5520064002061554e+02	  -1.0883177503682958e+02	
  1.0680000000000000e+04	 6.9023693768011640e+02	  -1.1836122794765693e+02	
  1.0710000000000000e+04	 7.2788903275638108e+02	  -1.2709943850076520e+02	
  1.0740000000000000e+04	 7.5762384471564928e+02	  -1.2899477806763247e+02	
  1.0770000000000000e+04	 7.8222589825500711e+02	  -1.4197446253124019e+02	
  1.0800000000000000e+04	 7.9156889569487021e+02	  -1.4159354449638408e+02	
  1.0830000000000000e+04	 7.9220618714873069e+02	  -1.3993586202571794e+02	
  1.0860000000000000e+04	 7.9053529162917221e+02	  -1.3811871122051343e+02	
  1.0890000000000000e+04	 7.8964641701506082e+02	  -1.3998273354678838e+02	
  1.0920000000000000e+04	 7.9101524974147446e+02	  -1.4094900811766703e+02	
  1.0950000000000000e+04	 7.6491222327388243e+02	  -1.3627673624457560e+02	
  1.0980000000000000e+04	 7.3858155341685483e+02	  -1.2610783912366369e+02	
  1.1010000000000000e+04	 7.1002011595070167e+02	  -1.1537419064736829e+02	
  1.1040000000000000e+04	 6.7461187160194470e+02	  -1.0788790752768124e+02	
  1.1070000000000000e+04	 6.3036055349407718e+02	  -9.6025105644908678e+01	
  1.1100000000000000e+04	 6.0257015398690999e+02	  -9.3529150631025686e+01	
  1.1130000000000000e+04	 5.6244462407275250e+02	  -7.8930427689946924e+01	
  1.1160000000000000e+04	 5.2995826695190249e+02	  -6.6495590751290024e+01	
  1.1190000000000000e+04	 5.1437069007634864e+02	  -5.9118660635320637e+01	
  1.1220000000000000e+04	 4.9805610081355792e+02	  -5.2224919112344729e+01	
  1.1250000000000000e+04	 4.7596066784159223e+02	  -4.6478163201797472e+01	
  1.1280000000000000e+04	 4.3762305734975615e+02	  -4.2294280991830341e+01	
  1.1310000000000000e+04	 4.0641852571177623e+02	  -3.6954456433993187e+01	
  1.1340000000000000e+04	 3.7401843313436916e+02	  -2.5940243971300355e+01	
  1.1370000000000000e+04	 3.2891713464935242e+02	  -4.4332464238292246e+00	
  1.1400000000000000e+04	 3.0491968953235016e+02	  5.3655191194535661e+00	
  1.1430000000000000e+04	 2.7025134122407366e+02	  1.8430562867954919e+01	
  1.1460000000000000e+04	 2.4129469505364008e+02	  3.7743720001731901e+01	
  1.1490000000000000e+04	 2.1531066365175653e+02	  5.1906696880026395e+01	
  1.1520000000000000e+04	 1.8926182920384520e+02	  5.9815734692423135e+01	
  1.1550000000000000e+04	 1.5767120075964681e+02	  7.4584223289982901e+01	
  1.1580000000000000e+04	 1.4168546349675381e+02	  7.9902036134956731e+01	
  1.1610000000000000e+04	 1.1279891083882633e+02	  9.7555211895218633e+01	
  1.1640000000000000e+04	 9.6432047209795684e+01	  1.0510174912132121e+02	
  1.1670000000000000e+04	 5.0981389793843846e+01	  1.2803203122183567e+02	
  1.1700000000000000e+04	 2.2361083268580870e+01	  1.3623761694204151e+02	
  1.1730000000000000e+04	 4.3823011108756162e+00	  1.4953894163924798e+02	
  1.1760000000000000e+04	 -3.0631468221155330e+01	  1.6561662538295346e+02	
  1.1790000000000000e+04	 -6.2745215153485717e+01	  1.8085344944215677e+02	
  1.1820000000000000e+04	 -9.9188210840687830e+01	  1.9977645453996695e+02	
  1.1850000000000000e+04	 -1.2461905886960999e+02	  2.1755897168749712e+02	
  1.1880000000000000e+04	 -1.6886149913438305e+02	  2.3582362920149984e+02	
  1.1910000000000000e+04	 -1.9391529871052919e+02	  2.5066173675198317e+02	
  1.1940000000000000e+04	 -2.2043288941343772e+02	  2.6049711831190962e+02	
  1.1970000000000000e+04	 -2.5674488959550689e+02	  2.7708268731768317e+02	
  1.2000000000000000e+04	 -2.9026632798441977e+02	  2.9313385851785836e+02	
  1.2030000000000000e+04	 -2.7325338711651546e+02	  2.7182110948553787e+02	
  1.2060000000000000e+04	 -2.5170410851584174e+02	  2.4235219286222645e+02	
  1.2090000000000000e+04	 -2.2738015475054831e+02	  2.1233754336542933e+02	
  1.2120000000000000e+04	 -2.0125681889744664e+02	  1.8405297961263483e+02	
  1.2150000000000000e+04	 -1.7255439038909927e+02	  1.4462741204423850e+02	
  1.2180000000000000e+04	 -1.5794155982097996e+02	  1.2494315310098044e+02	
  1.2210000000000000e+04	 -1.3680932019895775e+02	  9.7295643871022406e+01	
  1.2240000000000000e+04	 -1.1603475933567908e+02	  6.7040411913860964e+01	
  1.2270000000000000e+04	 -8.9483822839454106e+01	  3.3998720352613340e+01	
  1.2300000000000000e+04	 -6.2519922722944685e+01	  3.7910942236654677e-01	
  1.2330000000000000e+04	 -3.8152364753876029e+01	  -3.1913740316688163e+01	
  1.2360000000000000e+04	 -1.6617409377359923e+01	  -5.1561342462298775e+01	
  1.2390000000000000e+04	 2.1242520969439202e+01	  -8.3422694747533910e+01	
  1.2420000000000000e+04	 3.5844227521655810e+01	  -9.8757345899336386e+01	
  1.2450000000000000e+04	 4.3227491698591905e+01	  -7.6263496238151959e+01	
  1.2480000000000000e+04	 5.5382682529091390e+01	  -3.7599782529597448e+01	
  1.2510000000000000e+04	 6.6740216970466591e+01	  -1.3623457416342482e+01	
  1.2540000000000000e+04	 7.7774229640406944e+01	  1.0050784136828995e+01	
  1.2570000000000000e+04	 8.8229716390006317e+01	  3.0981029418451396e+01	
  1.2600000000000000e+04	 1.0353055376557472e+02	  7.4989817279886680e+01	
  1.2630000000000000e+04	 1.1341964870744054e+02	  1.0306290401460041e+02	
  1.2660000000000000e+04	 1.2372518562210503e+02	  1.3230560903617979e+02	
  1.2690000000000000e+04	 1.4070432125557005e+02	  1.6459076615427486e+02	
  1.2720000000000000e+04	 1.4813107116095020e+02	  1.8860621122599605e+02	
  1.2750000000000000e+04	 1.6312051762846286e+02	  2.3030016452529662e+02	
  1.2780000000000000e+04	 1.7129822593801865e+02	  2.6655467237237025e+02	
  1.2810000000000000e+04	 1.8722275919522167e+02	  2.9588471247361878e+02	
  1.2840000000000000e+04	 1.9579736619738239e+02	  3.1386364602322891e+02	
  1.2870000000000000e+04	 2.0696185345283692e+02	  3.4343295583431086e+02	
  1.2900000000000000e+04	 2.2922660227447699e+02	  3.9225846443334416e+02	
  1.2930000000000000e+04	 2.4484493240881994e+02	  4.4104415790915073e+02	
  1.2960000000000000e+04	 2.6316704224829499e+02	  4.8008001445979960e+02	
  1.2990000000000000e+04	 2.7735625040900652e+02	  5.2072223632093642e+02	
  1.3020000000000000e+04	 2.7816309500148662e+02	  5.2685440070723348e+02	
  1.3050000000000000e+04	 2.7694752980908959e+02	  5.2780767664300129e+02	
  1.3080000000000000e+04	 2.7797000058284664e+02	  5.2832773972555844e+02	
  1.3110000000000000e+04	 2.7655011543485119e+02	  5.2788063489145770e+02	
  1.3140000000000000e+04	 2.7549467199831213e+02	  5.2636985547324980e+02	
  1.3170000000000000e+04	 2.7645785183973783e+02	  5.2704753682797127e+02	
  1.3200000000000000e+04	 2.7540895015571334e+02	  5.2624298693148376e+02	
  1.3230000000000000e+04	 2.7443179672762000e+02	  5.2688571197176702e+02	
  1.3260000000000000e+04	 2.6819142965389898e+02	  4.9575954232855776e+02	
  1.3290000000000000e+04	 2.6159634574700266e+02	  4.7792408141437534e+02	
  1.3320000000000000e+04	 2.5624759247000992e+02	  4.5607900208956647e+02	
  1.3350000000000000e+04	 2.4324362041335215e+02	  4.2396897845462513e+02	
  1.3380000000000000e+04	 2.2660919327022361e+02	  3.7919440541605462e+02	
  1.3410000000000000e+04	 2.1659242291826706e+02	  3.4417650536620795e+02	
  1.3440000000000000e+04	 2.0319849660445990e+02	  3.0323134392910640e+02	
  1.3470000000000000e+04	 1.9638668421687120e+02	  2.7217302018993462e+02	
  1.3500000000000000e+04	 1.8147800036402361e+02	  2.3677793056242803e+02	
  1.3530000000000000e+04	 1.6744184101594817e+02	  1.9857994689773037e+02	
  1.3560000000000000e+04	 1.5430519497988914e+02	  1.5223392326366147e+02	
  1.3590000000000000e+04	 1.4413728436322677e+02	  1.0777717022181500e+02	
  1.3620000000000000e+04	 1.2666270541759908e+02	  7.7207872169791841e+01	
  1.3650000000000000e+04	 1.1915046354456011e+02	  4.4418233567692759e+01	
  1.3680000000000000e+04	 1.0659411093747465e+02	  1.5729832730892596e+01	
  1.3710000000000000e+04	 9.3146396123754073e+01	  -2.6540465243290129e+01	
  1.3740000000000000e+04	 7.3415261277824584e+01	  -6.7113062613376243e+01	
  1.3770000000000000e+04	 6.2920738417761541e+01	  -1.0734227781173774e+02	
  1.3800000000000000e+04	 4.5353592655587320e+01	  -1.5521461229092998e+02	
  1.3830000000000000e+04	 3.4639792783897107e+01	  -1.8297607477477555e+02	
  1.3860000000000000e+04	 2.7068026158480535e+01	  -2.1105071252293536e+02	
  1.3890000000000000e+04	 1.4406583074172275e+01	  -2.4929121672562519e+02	
  1.3920000000000000e+04	 1.3707314574662490e+00	  -2.8901578697198778e+02	
  1.3950000000000000e+04	 -1.8013150550537738e+01	  -3.2680239726588610e+02	
  1.3980000000000000e+04	 -2.4543209408051226e+01	  -3.4551001733512362e+02	
  1.4010000000000000e+04	 -3.4146364978191642e+01	  -3.7416357721760312e+02	
  1.4040000000000000e+04	 -3.8977957041410193e+01	  -3.9441054439382617e+02	
  1.4070000000000000e+04	 -4.3418752587643503e+01	  -4.1199184369222064e+02	
  1.4100000000000000e+04	 -5.9932801547095401e+01	  -4.4772178595352835e+02	
  1.4130000000000000e+04	 -4.2675683936859400e+01	  -4.2702389768945955e+02	
  1.4160000000000000e+04	 -9.0692447600811050e+00	  -3.9244762873108948e+02	
  1.4190000000000000e+04	 2.2179703826564765e+01	  -3.5732580518309754e+02	
  1.4220000000000000e+04	 5.2253310318099388e+01	  -3.2703225445257732e+02	
  1.4250000000000000e+04	 6.4944525229257465e+01	  -3.0600953082270718e+02	
  1.4280000000000000e+04	 9.4158593804497769e+01	  -2.7221487534329663e+02	
  1.4310000000000000e+04	 1.2470308614807958e+02	  -2.4141210528254305e+02	
  1.4340000000000000e+04	 1.5256725535946489e+02	  -2.1539206600020847e+02	
  1.4370000000000000e+04	 1.7117686192065423e+02	  -1.9465126483416606e+02	
  1.4400000000000000e+04	 1.9832590024423459e+02	  -1.6964304878668636e+02	
  1.4430000000000000e+04	 2.1969127895261954e+02	  -1.4678002205896343e+02	
  1.4460000000000000e+04	 2.5687434470414456e+02	  -1.1514274895085927e+02	
  1.4490000000000000e+04	 2.8454696545814568e+02	  -9.2950164206720686e+01	
  1.4520000000000000e+04	 3.0935725795977174e+02	  -6.5116456758057296e+01	
  1.4550000000000000e+04	 3.2444764318621498e+02	  -4.8911151691332137e+01	
  1.4580000000000000e+04	 3.4263818346427888e+02	  -3.5237629508648752e+01	
  1.4610000000000000e+04	 3.6832735794599620e+02	  -9.3530735319398275e+00	
  1.4640000000000000e+04	 3.9744461294724164e+02	  1.8173410056403863e+01	
  1.4670000000000000e+04	 4.1050802372083837e+02	  3.0525069669077112e+01	
  1.4700000000000000e+04	 4.2336938583573101e+02	  5.2158218007442663e+01	
  1.4730000000000000e+04	 4.4181430602257694e+02	  7.2891691892372720e+01	
  1.4760000000000000e+04	 4.7061257290016317e+02	  1.0909783510133722e+02	
  1.4790000000000000e+04	 4.7480150121332372e+02	  1.2026453264919553e+02	
  1.4820000000000000e+04	 4.7303131811049974e+02	  1.2171731471500981e+02	
  1.4850000000000000e+04	 4.7354544688129550e+02	  1.2054864111310518e+02	
  1.4880000000000000e+04	 4.7297776132094606e+02	  1.2226359498522969e+02	
  1.4910000000000000e+04	 4.8821451491511829e+02	  1.0209143254461215e+02	
  1.4940000000000000e+04	 5.0371508474020550e+02	  6.2902761998299908e+01	
  1.4970000000000000e+04	 5.1365091787614813e+02	  4.0730308543639239e+01	
  1.5000000000000000e+04	 5.2805479278717314e+02	  1.9258509875186846e+01	
  1.5030000000000000e+04	 5.4001970534232782e+02	  -3.6971438611052996e+00	
  1.5060000000000000e+04	 5.5681680588043628e+02	  -4.0695616911731165e+01	
  1.5090000000000000e+04	 5.7517548686557200e+02	  -8.2159232200467983e+01	
  1.5120000000000000e+04	 5.9216790631883157e+02	  -1.1405013815478900e+02	
  1.5150000000000000e+04	 6.0016577478491229e+02	  -1.3517512858884166e+02	
  1.5180000000000000e+04	 6.1397441844132891e+02	  -1.5911170255932953e+02	
  1.5210000000000000e+04	 6.2426701297095440e+02	  -1.8675443906423411e+02	
  1.5240000000000000e+04	 6.3762306509209009e+02	  -2.1516731532888298e+02	
  1.5270000000000000e+04	 6.5523330932484578e+02	  -2.5321379301765279e+02	
  1.5300000000000000e+04	 6.7738195250824992e+02	  -2.8920292191025044e+02	
  1.5330000000000000e+04	 6.8767781536030429e+02	  -3.0307666219261409e+02	
  1.5360000000000000e+04	 6.8640753167451555e+02	  -3.0256848973891948e+02	
  1.5390000000000000e+04	 6.8731837729546874e+02	  -3.0338218706058359e+02	
  1.5420000000000000e+04	 6.8900310213705291e+02	  -3.0505678300150203e+02	
  1.5450000000000000e+04	 6.8985779901145770e+02	  -3.0506847716483429e+02	
  1.5480000000000000e+04	 6.8830767344710966e+02	  -3.0473545372308996e+02	
  1.5510000000000000e+04	 6.8812102078370776e+02	  -3.0342396001723699e+02	
  1.5540000000000000e+04	 6.8858412987503061e+02	  -3.0333467185485955e+02	
  1.5570000000000000e+04	 6.8684771178145616e+02	  -3.0341587576684634e+02	
  1.5600000000000000e+04	 6.9324966029895108e+02	  -3.3712002286981931e+02	
  1.5630000000000000e+04	 7.0153234328064070e+02	  -3.6725119503271418e+02	
  1.5660000000000000e+04	 7.0901477166004804e+02	  -3.9406304238198391e+02	
  1.5690000000000000e+04	 7.2319809451327251e+02	  -4.2273991035987757e+02	
  1.5720000000000000e+04	 7.3386683427138826e+02	  -4.4734139509458845e+02	
  1.5750000000000000e+04	 7.4351522780145388e+02	  -4.7967566834209833e+02	
  1.5780000000000000e+04	 7.5148504905078426e+02	  -5.0868223994042802e+02	
  1.5810000000000000e+04	 7.5072538203819761e+02	  -5.0929864978487734e+02	
  1.5840000000000000e+04	 7.4917871184665921e+02	  -5.1040316010296294e+02	
  1.5870000000000000e+04	 7.4757456945835452e+02	  -5.1228663220362182e+02	
  1.5900000000000000e+04	 7.3706831584046063e+02	  -4.6430030661681553e+02	
  1.5930000000000000e+04	 7.3334934910842117e+02	  -4.2688461263746558e+02	
  1.5960000000000000e+04	 7.2217021449835158e+02	  -3.7614651792731269e+02	
  1.5990000000000000e+04	 7.0781845267060328e+02	  -3.3256129614826483e+02	
  1.6020000000000000e+04	 6.9904514574771372e+02	  -3.1095744257981534e+02	
  1.6050000000000000e+04	 6.9051642655544674e+02	  -2.7828651135997762e+02	
  1.6080000000000000e+04	 6.8510911586853206e+02	  -2.5078534892718883e+02	
  1.6110000000000000e+04	 6.8381727588072738e+02	  -2.2326857593869411e+02	
  1.6140000000000000e+04	 6.7446177917615921e+02	  -1.9390066235916441e+02	
  1.6170000000000000e+04	 6.7162478725491258e+02	  -1.5517480982288652e+02	
  1.6200000000000000e+04	 6.5787653630464911e+02	  -1.1563623747417006e+02	
  1.6230000000000000e+04	 6.4723633540870810e+02	  -6.8887376957450456e+01	
  1.6260000000000000e+04	 6.3851879613986637e+02	  -3.9191777269268712e+01	
  1.6290000000000000e+04	 6.3441383324003027e+02	  -6.9890068272117034e+00	
  1.6320000000000000e+04	 6.2552325560023723e+02	  4.3659971923783530e+01	
  1.6350000000000000e+04	 6.1779275362957083e+02	  8.0768990694525854e+01	
  1.6380000000000000e+04	 6.1720397605658309e+02	  9.9937279129077282e+01	
  1.6410000000000000e+04	 6.0579891456284963e+02	  1.5090168503806098e+02	
  1.6440000000000000e+04	 6.0028497352682098e+02	  1.7918771287278182e+02	
  1.6470000000000000e+04	 5.9564036164997481e+02	  2.0101109893009379e+02	
  1.6500000000000000e+04	 5.8590509209013510e+02	  2.2287474681766182e+02	
  1.6530000000000000e+04	 5.7221318007624211e+02	  2.5832353737582332e+02	
  1.6560000000000000e+04	 5.6515027810865706e+02	  2.9004635063154342e+02	
  1.6590000000000000e+04	 5.1824748245193757e+02	  2.8584025988576002e+02	
  1.6620000000000000e+04	 4.7070380888758734e+02	  2.8029215845408174e+02	
  1.6650000000000000e+04	 4.3201188362779067e+02	  2.7688440330355309e+02	
  1.6680000000000000e+04	 4.0953496564983283e+02	  2.7198179950328858e+02	
  1.6710000000000000e+04	 3.7512757854886991e+02	  2.6478085331987444e+02	
  1.6740000000000000e+04	 3.3126993198907917e+02	  2.5451981513212723e+02	
  1.6770000000000000e+04	 3.0873228150291277e+02	  2.4675569555177404e+02	
  1.6800000000000000e+04	 2.7095727868194888e+02	  2.3825913141204802e+02	
  1.6830000000000000e+04	 2.4009287779998803e+02	  2.3759809570689245e+02	
  1.6860000000000000e+04	 1.9862542866210967e+02	  2.3048348539385739e+02	
  1.6890000000000000e+04	 1.8055537085294020e+02	  2.2400999381184994e+02	
  1.6920000000000000e+04	 1.5416329789033594e+02	  2.2263451254579329e+02	
  1.6950000000000000e+04	 1.2815147278129285e+02	  2.2336587954769706e+02	
  1.6980000000000000e+04	 1.0326777759411949e+02	  2.2372786224330105e+02	
  1.7010000000000000e+04	 7.1844965261801349e+01	  2.2353057674928033e+02	
  1.7040000000000000e+04	 3.0831683675886850e+01	  2.1585127410267867e+02	
  1.7070000000000000e+04	 -5.1141120791965946e+00	  2.0953125288816517e+02	
  1.7100000000000000e+04	 -3.4958975925934013e+01	  2.0727470009500874e+02	
  1.7130000000000000e+04	 -7.9757342881925197e+01	  2.0300283149756009e+02	
  1.7160000000000000e+04	 -6.0868084946844000e+01	  2.4753440297916643e+02	
  1.7190000000000000e+04	 -4.3699617766499273e+01	  2.9106691072194337e+02	
  1.7220000000000000e+04	 -2.8896003910154683e+01	  3.2264665172768946e+02	
  1.7250000000000000e+04	 -1.6685118610497803e+01	  3.4834162767815076e+02	
  1.7280000000000000e+04	 -4.7357042448653921e+00	  3.7888598104816231e+02	
  1.7310000000000000e+04	 1.0144076060587196e+01	  4.1695070680848386e+02	
  1.7340000000000000e+04	 1.9559708284949579e+01	  4.4491162599601984e+02	
  1.7370000000000000e+04	 2.9728251175818272e+01	  4.7297227107031324e+02	
  1.7400000000000000e+04	 4.0320004865672530e+01	  5.1001279111885850e+02	
  1.7430000000000000e+04	 5.6090302880472564e+01	  5.5783697985188201e+02	
  1.7460000000000000e+04	 7.3837571270933466e+01	  6.0247142894452850e+02	
  1.7490000000000000e+04	 7.9741935399054313e+01	  6.2744489407743174e+02	
  1.7520000000000000e+04	 9.3840326730064618e+01	  6.6967371163614268e+02	
  1.7550000000000000e+04	 1.0913868363257819e+02	  7.1516120201250715e+02	
  1.7580000000000000e+04	 1.1467440181143895e+02	  7.3582690965147663e+02	
  1.7610000000000000e+04	 1.2337299432494103e+02	  7.5872583292398963e+02	
  1.7640000000000000e+04	 1.2301825235081121e+02	  7.5998878818699870e+02	
  1.7670000000000000e+04	 1.2303158103703102e+02	  7.5892197194911319e+02	
  1.7700000000000000e+04	 1.2280621568431778e+02	  7.6079380293452562e+02	
  1.7730000000000000e+04	 1.2304306697929297e+02	  7.6279313859804302e+02	
  1.7760000000000000e+04	 1.2482165284323936e+02	  7.6265001036662466e+02	
  1.7790000000000000e+04	 1.2449137940389610e+02	  7.6076436308966004e+02	
  1.7820000000000000e+04	 1.2370852704899444e+02	  7.6048511250347985e+02	
  1.7850000000000000e+04	 1.2255129688423300e+02	  7.2649336339111028e+02	
  1.7880000000000000e+04	 1.1754297626506018e+02	  6.8802937184403925e+02	
  1.7910000000000000e+04	 1.1382704390791800e+02	  6.3674442291697005e+02	
  1.7940000000000000e+04	 1.1678463039194935e+02	  6.0832295586982309e+02	
  1.7970000000000000e+04	 1.1146991919913918e+02	  5.5990258891698102e+02	
  1.8000000000000000e+04	 1.0655050503649525e+02	  5.1209879628369640e+02	
  1.8030000000000000e+04	 1.0363259685854223e+02	  4.9307851189696794e+02	
  1.8060000000000000e+04	 1.0587578790031372e+02	  4.6037242032880317e+02	
  1.8090000000000000e+04	 1.0250775782922749e+02	  4.2683132145911043e+02	
  1.8120000000000000e+04	 1.0446932578314606e+02	  3.8594021775769221e+02	
  1.8150000000000000e+04	 1.0157349939075189e+02	  3.5333179586945312e+02	
  1.8180000000000000e+04	 1.0435510780737484e+02	  3.1039848466112096e+02	
  1.8210000000000000e+04	 1.0216070431211517e+02	  2.6854460641487941e+02	
  1.8240000000000000e+04	 9.8186869113084683e+01	  2.4370244247239043e+02	
  1.8270000000000000e+04	 9.3919689410447589e+01	  2.0232998166255027e+02	
  1.8300000000000000e+04	 8.9944102374090605e+01	  1.6087778242045715e+02	
  1.8330000000000000e+04	 8.6156430803008021e+01	  1.1637358608620880e+02	
  1.8360000000000000e+04	 8.2400367803854095e+01	  8.7977764813708603e+01	
  1.8390000000000000e+04	 8.2479762353006720e+01	  5.5888648215414570e+01	
  1.8420000000000000e+04	 8.8626786977588011e+01	  1.0070778621576082e+01	
  1.8450000000000000e+04	 9.2710831813542583e+01	  -2.2984898482314286e+01	
  1.8480000000000000e+04	 9.4014614563711334e+01	  -6.7578076292473369e+01	
  1.8510000000000000e+04	 9.3794537692691677e+01	  -1.1492698394895336e+02	
  1.8540000000000000e+04	 9.6791967706954509e+01	  -1.4050449989643013e+02	
  1.8570000000000000e+04	 1.2025575128573669e+02	  -9.9213007750402554e+01	
  1.8600000000000000e+04	 1.4418255051687956e+02	  -5.7283850857927945e+01	
  1.8630000000000000e+04	 1.5088320412130227e+02	  -3.6583352099932007e+01	
  1.8660000000000000e+04	 1.7261611116953117e+02	  6.2828975854956681e+00	
  1.8690000000000000e+04	 1.8334114939849741e+02	  2.7791448786015241e+01	
  1.8720000000000000e+04	 1.9768671433047197e+02	  5.5812144358472651e+01	
  1.8750000000000000e+04	 2.1498291095608312e+02	  8.2851413930824521e+01	
  1.8780000000000000e+04	 2.2859738657290754e+02	  1.0198187651828954e+02	
  1.8810000000000000e+04	 2.3992668730287895e+02	  1.3215820777807710e+02	
  1.8840000000000000e+04	 2.4983759825364643e+02	  1.6078755511361686e+02	
  1.8870000000000000e+04	 2.7223276975738565e+02	  2.0205382708922554e+02	
  1.8900000000000000e+04	 2.9031971727067588e+02	  2.3786607159199684e+02	
  1.8930000000000000e+04	 2.9759844919233882e+02	  2.6027782808629667e+02	
  1.8960000000000000e+04	 2.9647352278434687e+02	  2.5937048996858442e+02	
  1.8990000000000000e+04	 2.9592291864823204e+02	  2.6077975261304567e+02	
  1.9020000000000000e+04	 2.9719268585582665e+02	  2.6082568917704646e+02	
  1.9050000000000000e+04	 2.9858377866171907e+02	  2.5937979595540702e+02	
  1.9080000000000000e+04	 2.9696797476238038e+02	  2.5929094689988449e+02	
  1.9110000000000000e+04	 2.9767819794905597e+02	  2.5866687202986310e+02	
  1.9140000000000000e+04	 2.9588307941728101e+02	  2.3438556808826786e+02	
  1.9170000000000000e+04	 2.9485945436429705e+02	  2.0861093536111292e+02	
  1.9200000000000000e+04	 2.9704346342389533e+02	  1.8693818732577881e+02	
  1.9230000000000000e+04	 3.0077182264771011e+02	  1.5356624776757093e+02	
  1.9260000000000000e+04	 3.0378397719805201e+02	  1.1829602551996734e+02	
  1.9290000000000000e+04	 3.0169075592331995e+02	  1.0307540223864872e+02	
  1.9320000000000000e+04	 3.0610282779952377e+02	  5.8626341238987138e+01	
  1.9350000000000000e+04	 3.0788082920574078e+02	  2.9574399378737805e+01	
  1.9380000000000000e+04	 3.1011885667442579e+02	  -2.2447134704542126e+01	
  1.9410000000000000e+04	 3.0929413661805489e+02	  -5.1925427387138299e+01	
  1.9440000000000000e+04	 3.1187491934023882e+02	  -8.6282080464338492e+01	
  1.9470000000000000e+04	 3.0868111081160248e+02	  -1.3407643692863934e+02	
  1.9500000000000000e+04	 3.0837975227964051e+02	  -1.7679003850990648e+02	
  1.9530000000000000e+04	 3.0973609797558038e+02	  -1.9842971020371812e+02	
  1.9560000000000000e+04	 3.1146298843530911e+02	  -2.2093206231305740e+02	
  1.9590000000000000e+04	 3.1104406126093079e+02	  -2.6379065864050466e+02	
  1.9620000000000000e+04	 3.0743689499864286e+02	  -2.8427406555296591e+02	
  1.9650000000000000e+04	 3.0354488078279451e+02	  -3.1065107056680495e+02	
  1.9680000000000000e+04	 3.0595232750739945e+02	  -3.5251996225959289e+02	
  1.9710000000000000e+04	 3.0323721452811731e+02	  -3.9464058375570710e+02	
  1.9740000000000000e+04	 2.9880186413433637e+02	  -4.1454729017411921e+02	
  1.9770000000000000e+04	 2.9482210012294723e+02	  -4.4098859741113017e+02	
  1.9800000000000000e+04	 3.0146211060397155e+02	  -4.7685304959230552e+02	
  1.9830000000000000e+04	 2.9846057578959523e+02	  -5.0889997510358728e+02	
  1.9860000000000000e+04	 2.9720374051886796e+02	  -5.4707325521102666e+02	
  1.9890000000000000e+04	 2.9467265560691050e+02	  -5.7266613573263248e+02	
  1.9920000000000000e+04	 2.9636850815783970e+02	  -6.1378189911712957e+02	
  1.9950000000000000e+04	 3.0061478166213868e+02	  -6.4701105362030773e+02	
  1.9980000000000000e+04	 3.0434100628392304e+02	  -6.9457242447977546e+02	
  2.0010000000000000e+04	 3.0513693135393197e+02	  -7.3418362777903189e+02	
  2.0040000000000000e+04	 3.1082031036019589e+02	  -7.4329660403221624e+02	
  2.0070000000000000e+04	 3.0919063528766674e+02	  -7.4456679273429438e+02	
  2.0100000000000000e+04	 3.1025667631202032e+02	  -7.4297892659403124e+02	
  2.0130000000000000e+04	 3.1121192808509028e+02	  -7.4294154256754439e+02	
  2.0160000000000000e+04	 3.1045371512215399e+02	  -7.4179517268200561e+02	
  2.0190000000000000e+04	 3.0932260787691558e+02	  -7.4122849538611968e+02	
  2.0220000000000000e+04	 2.9952080595725801e+02	  -7.1780403822305357e+02	
  2.0250000000000000e+04	 2.9183982431813797e+02	  -6.8030940802397106e+02	
  2.0280000000000000e+04	 2.7833637858797749e+02	  -6.3693436392588046e+02	
  2.0310000000000000e+04	 2.7189945415144552e+02	  -6.0012888419710521e+02	
  2.0340000000000000e+04	 2.7031808186398888e+02	  -5.7833452643731573e+02	
  2.0370000000000000e+04	 2.6152421006841655e+02	  -5.4751291404710969e+02	
  2.0400000000000000e+04	 2.4887420843581401e+02	  -4.9833310868840425e+02	
  2.0430000000000000e+04	 2.4479727441507956e+02	  -4.6769004195592805e+02	
  2.0460000000000000e+04	 2.3993749457854850e+02	  -4.3029377205787318e+02	
  2.0490000000000000e+04	 2.3734981586632628e+02	  -3.9879906902567643e+02	
  2.0520000000000000e+04	 2.2484931215864617e+02	  -3.5583274453992703e+02	
  2.0550000000000000e+04	 2.4408163642615671e+02	  -3.2236678202422712e+02	
  2.0580000000000000e+04	 2.6748204481122303e+02	  -2.7965939997851626e+02	
  2.0610000000000000e+04	 2.8309725832490483e+02	  -2.4516810924254696e+02	
  2.0640000000000000e+04	 2.9879407719378162e+02	  -2.0394085230714001e+02	
  2.0670000000000000e+04	 3.1302745609171973e+02	  -1.7052853833965406e+02	
  2.0700000000000000e+04	 3.2298112569289754e+02	  -1.4528066840144757e+02	
  2.0730000000000000e+04	 3.3994277932043622e+02	  -1.0172928882370329e+02	
  2.0760000000000000e+04	 3.5326987704697905e+02	  -6.1661777982543555e+01	
  2.0790000000000000e+04	 3.6505024682982906e+02	  -3.0090317425762450e+01	
  2.0820000000000000e+04	 3.8422433815172286e+02	  1.6293972256331791e+01	
  2.0850000000000000e+04	 4.0111626185809956e+02	  6.4840002188057525e+01	
  2.0880000000000000e+04	 4.2069695465415720e+02	  1.0262191962086075e+02	
  2.0910000000000000e+04	 4.3855484519481172e+02	  1.3970846436298876e+02	
  2.0940000000000000e+04	 4.5648142257003104e+02	  1.8022664626334728e+02	
  2.0970000000000000e+04	 4.7154509099656417e+02	  2.0210605338664018e+02	
  2.1000000000000000e+04	 4.8430863363891649e+02	  2.2702654598483298e+02	
  2.1030000000000000e+04	 5.0592974472281020e+02	  2.7283483538696350e+02	
  2.1060000000000000e+04	 5.2133073106383779e+02	  3.0257755304279635e+02	
  2.1090000000000000e+04	 5.4038484914146545e+02	  3.3214972085409141e+02	
  2.1120000000000000e+04	 5.5425610636001875e+02	  3.5470468235853258e+02	
  2.1150000000000000e+04	 5.7391094569161032e+02	  3.9098455379633032e+02	
  2.1180000000000000e+04	 5.9222261144701974e+02	  4.1714033448497463e+02	
  2.1210000000000000e+04	 6.1048056744759015e+02	  4.4614032278556800e+02	
  2.1240000000000000e+04	 6.2830997746277535e+02	  4.8731109612664960e+02	
  2.1270000000000000e+04	 6.3437392741039196e+02	  5.1619735802423054e+02	
  2.1300000000000000e+04	 6.4942188641337464e+02	  5.5224751627382852e+02	
  2.1330000000000000e+04	 6.6441490736898186e+02	  5.8691464942343532e+02	
  2.1360000000000000e+04	 6.7970254264065829e+02	  6.0838131642023473e+02	
  2.1390000000000000e+04	 6.8099095359069486e+02	  6.0774928514372300e+02	
  2.1420000000000000e+04	 6.8248777685117773e+02	  6.0816913690398371e+02	
  2.1450000000000000e+04	 6.8365913316418118e+02	  6.0757699900674118e+02	
  2.1480000000000000e+04	 6.8294370162474831e+02	  6.0837348692342857e+02	
  2.1510000000000000e+04	 6.8266788427748816e+02	  6.0774255611641092e+02	
  2.1540000000000000e+04	 6.8225024609022114e+02	  6.0695760377844135e+02	
  2.1570000000000000e+04	 6.5725603556354406e+02	  5.6603388024313449e+02	
  2.1600000000000000e+04	 6.4503916970149885e+02	  5.4817471520285585e+02	
