  0.0000000000000000e+00	 2.0218728061243291e+02	  -4.6788994837522222e+02	
  3.0000000000000000e+01	 1.8592312920467549e+02	  -4.3208224501347348e+02	
  6.0000000000000000e+01	 1.7244087009313552e+02	  -4.0754469210159255e+02	
  9.0000000000000000e+01	 1.5634869889585445e+02	  -3.7869359135618913e+02	
  1.2000000000000000e+02	 1.3655702852253677e+02	  -3.3972316053825688e+02	
  1.5000000000000000e+02	 1.2621279094670389e+02	  -3.1438334493453368e+02	
  1.8000000000000000e+02	 1.0824135673289514e+02	  -2.9267067983559616e+02	
  2.1000000000000000e+02	 8.7884970372892525e+01	  -2.5979021204221152e+02	
  2.4000000000000000e+02	 6.2762456393332840e+01	  -2.2195850990757737e+02	
  2.7000000000000000e+02	 5.0206561655974340e+01	  -2.0577801905833894e+02	
  3.0000000000000000e+02	 3.6098473106333032e+01	  -1.6942720322815967e+02	
  3.3000000000000000e+02	 2.0478388461200971e+01	  -1.3134187819607217e+02	
  3.6000000000000000e+02	 8.1451692329172474e+00	  -1.1439435334163811e+02	
  3.9000000000000000e+02	 -8.9830423639258576e+00	  -7.4913217710073283e+01	
  4.2000000000000000e+02	 -2.5042732622450163e+01	  -4.2092301080770959e+01	
  4.5000000000000000e+02	 -3.3412770644335026e+01	  -2.0799971719596652e+01	
  4.8000000000000000e+02	 -5.3117967688904230e+01	  1.1476337775302813e+01	
  5.1000000000000000e+02	 -7.0233715583966131e+01	  4.1654368389658643e+01	
  5.4000000000000000e+02	 -8.3665748727012897e+01	  7.7459542812086013e+01	
  5.7000000000000000e+02	 -9.5426128904514940e+01	  1.0830477032917622e+02	
  6.0000000000000000e+02	 -1.0632633648342829e+02	  1.3303501158654092e+02	
  6.3000000000000000e+02	 -1.3279004641116791e+02	  1.7880180447230009e+02	
  6.6000000000000000e+02	 -1.4777263258388572e+02	  2.1749605067141960e+02	
  6.9000000000000000e+02	 -1.6434720651384782e+02	  2.3845642498026001e+02	
  7.2000000000000000e+02	 -1.8443228481181109e+02	  2.7195446333045788e+02	
  7.5000000000000000e+02	 -2.0623300683296156e+02	  3.0485489431436713e+02	
  7.8000000000000000e+02	 -2.1957305657211100e+02	  3.3107116900986119e+02	
  8.1000000000000000e+02	 -2.3443490174551172e+02	  3.7035519347872781e+02	
  8.4000000000000000e+02	 -2.3948358579479830e+02	  3.9462428852458589e+02	
  8.7000000000000000e+02	 -2.5363987654180607e+02	  4.3061721666244989e+02	
  9.0000000000000000e+02	 -2.7859975933700110e+02	  4.7088150098103569e+02	
  9.3000000000000000e+02	 -2.8802249484145290e+02	  4.8228032149719905e+02	
  9.6000000000000000e+02	 -2.8927467374427334e+02	  4.8289991242674142e+02	
  9.9000000000000000e+02	 -2.8831230854962968e+02	  4.8250877113350202e+02	
  1.0200000000000000e+03	 -2.8997259028906893e+02	  4.8125366845487059e+02	
  1.0500000000000000e+03	 -2.9035463137602932e+02	  4.8137807033725130e+02	
  1.0800000000000000e+03	 -2.6823638946567098e+02	  4.5076564692302219e+02	
  1.1100000000000000e+03	 -2.4713986700703427e+02	  4.2754675180976500e+02	
  1.1400000000000000e+03	 -2.2426396641218096e+02	  3.9746080612531944e+02	
  1.1700000000000000e+03	 -1.9941959760332551e+02	  3.7229586785148194e+02	
  1.2000000000000000e+03	 -1.7879740830045540e+02	  3.4239054193342497e+02	
  1.2300000000000000e+03	 -1.4838122695461811e+02	  3.1291133047392026e+02	
  1.2600000000000000e+03	 -1.3653772072792603e+02	  2.9413936775434075e+02	
  1.2900000000000000e+03	 -1.0572049693410581e+02	  2.5580982147680953e+02	
  1.3200000000000000e+03	 -9.1002288224760008e+01	  2.3633080736928878e+02	
  1.3500000000000000e+03	 -7.5424797925602974e+01	  2.1789951624835717e+02	
  1.3800000000000000e+03	 -5.6785078043646074e+01	  1.9277747531825545e+02	
  1.4100000000000000e+03	 -2.8404929221922302e+01	  1.5944837395873847e+02	
  1.4400000000000000e+03	 -1.2655849358826043e+01	  1.4034715684162416e+02	
  1.4700000000000000e+03	 3.8438658728193005e+00	  1.1465646308817111e+02	
  1.5000000000000000e+03	 2.1446684416888651e+01	  9.3139879514436473e+01	
  1.5300000000000000e+03	 4.1706289135153149e+01	  7.2088968809085586e+01	
  1.5600000000000000e+03	 6.2868826202286968e+01	  5.1031502518496730e+01	
  1.5900000000000000e+03	 8.8352421718962205e+01	  2.5345135713464373e+01	
  1.6200000000000000e+03	 1.0474674615721966e+02	  -3.0258287715423364e+00	
  1.6500000000000000e+03	 1.3294002215379999e+02	  -3.9283503101269005e+01	
  1.6800000000000000e+03	 1.5061005312563975e+02	  -6.0596500859583088e+01	
  1.7100000000000000e+03	 1.7432171168501390e+02	  -9.5653050568789254e+01	
  1.7400000000000000e+03	 1.8518443520807656e+02	  -1.1895549764121957e+02	
  1.7700000000000000e+03	 2.0095501433847988e+02	  -9.1315035671196739e+01	
  1.8000000000000000e+03	 2.0900929999735874e+02	  -7.0409704956001363e+01	
  1.8300000000000000e+03	 2.3380830659615637e+02	  -3.5315852865650413e+01	
  1.8600000000000000e+03	 2.5870173598829729e+02	  5.1637251867499856e-01	
  1.8900000000000000e+03	 2.8971319350402814e+02	  3.4855534277626710e+01	
  1.9200000000000000e+03	 3.0419057577592542e+02	  6.2108575348894483e+01	
  1.9500000000000000e+03	 3.2556507009648004e+02	  9.6264705556772611e+01	
  1.9800000000000000e+03	 3.4505552052097761e+02	  1.3281141851198879e+02	
  2.0100000000000000e+03	 3.5611143242510872e+02	  1.4926557018378801e+02	
  2.0400000000000000e+03	 3.7866899440235278e+02	  1.7811832918414328e+02	
  2.0700000000000000e+03	 4.0534979241216575e+02	  2.1146076772713127e+02	
  2.1000000000000000e+03	 4.2118951045774116e+02	  2.3213061990299951e+02	
  2.1300000000000000e+03	 4.3981480119667765e+02	  2.5391915841601002e+02	
  2.1600000000000000e+03	 4.6744045742415108e+02	  2.8202456877948845e+02	
  2.1900000000000000e+03	 4.7368174103376725e+02	  2.9888731471938354e+02	
  2.2200000000000000e+03	 4.7182175882772628e+02	  3.0016529148464349e+02	
  2.2500000000000000e+03	 4.7296325574946525e+02	  2.9937865410894671e+02	
  2.2800000000000000e+03	 4.7340206138949617e+02	  2.9879852227277348e+02	
  2.3100000000000000e+03	 4.7227035834219618e+02	  3.0034773431235232e+02	
  2.3400000000000000e+03	 4.7294645558289795e+02	  2.9949313112347943e+02	
  2.3700000000000000e+03	 4.7150907361873624e+02	  2.9832228883603437e+02	
  2.4000000000000000e+03	 5.1716037055123081e+02	  2.9086621678993976e+02	
  2.4300000000000000e+03	 5.1778088009926819e+02	  2.9185302328892641e+02	
  2.4600000000000000e+03	 5.1658814014546442e+02	  2.9212312023729265e+02	
  2.4900000000000000e+03	 5.1509576885094043e+02	  2.9055664300084203e+02	
  2.5200000000000000e+03	 5.1608355568254797e+02	  2.9018796013263972e+02	
  2.5500000000000000e+03	 5.1504872309590110e+02	  2.8862551879032725e+02	
  2.5800000000000000e+03	 5.1496300605905208e+02	  2.8958991893849861e+02	
  2.6100000000000000e+03	 4.6786559140750398e+02	  2.6975474492593361e+02	
  2.6400000000000000e+03	 4.4944798709459775e+02	  2.6460197827081760e+02	
  2.6700000000000000e+03	 4.2490678190215641e+02	  2.5342456674577113e+02	
  2.7000000000000000e+03	 3.8954487900561367e+02	  2.3566756842498671e+02	
  2.7300000000000000e+03	 3.4775713990741218e+02	  2.0976983019155725e+02	
  2.7600000000000000e+03	 3.2401377057125029e+02	  2.0286315127516383e+02	
  2.7900000000000000e+03	 3.0270942694832308e+02	  1.8740167089182910e+02	
  2.8200000000000000e+03	 2.7377144644385203e+02	  1.7347195777313399e+02	
  2.8500000000000000e+03	 2.3939716275767998e+02	  1.5757924378977438e+02	
  2.8800000000000000e+03	 2.0484571389868069e+02	  1.3579717301715067e+02	
  2.9100000000000000e+03	 1.7012940433633872e+02	  1.0956658253555611e+02	
  2.9400000000000000e+03	 1.4115203590880685e+02	  8.5618368824588984e+01	
  2.9700000000000000e+03	 1.0264496613597325e+02	  1.1031620959253874e+02	
  3.0000000000000000e+03	 6.3785269064116726e+01	  1.3392991766095213e+02	
  3.0300000000000000e+03	 2.4702786841450553e+01	  1.6184494455079965e+02	
  3.0600000000000000e+03	 2.3994881134766608e+00	  1.7789778789071380e+02	
  3.0900000000000000e+03	 -4.2977146607438939e+01	  2.0858907591389743e+02	
  3.1200000000000000e+03	 -7.2938510018259961e+01	  2.3097267071754092e+02	
  3.1500000000000000e+03	 -1.0487819797937311e+02	  2.4882790693804336e+02	
  3.1800000000000000e+03	 -1.2673493722277941e+02	  2.5763889362847181e+02	
  3.2100000000000000e+03	 -1.4654309379401803e+02	  2.7012192497836224e+02	
  3.2400000000000000e+03	 -1.7221331520340289e+02	  2.8854483226003265e+02	
  3.2700000000000000e+03	 -1.9995120325353111e+02	  3.0365606081172507e+02	
  3.3000000000000000e+03	 -2.1967821697967099e+02	  3.1575770410540542e+02	
  3.3300000000000000e+03	 -2.4657100703734724e+02	  3.3294157363415076e+02	
  3.3600000000000000e+03	 -2.7656333075725826e+02	  3.4763401324719189e+02	
  3.3900000000000000e+03	 -3.1603695837897288e+02	  3.7706984177435669e+02	
  3.4200000000000000e+03	 -2.9703559816169036e+02	  3.4172265995603891e+02	
  3.4500000000000000e+03	 -2.7736725206374871e+02	  3.0034477374320181e+02	
  3.4800000000000000e+03	 -2.9019410152029957e+02	  2.8516320829983499e+02	
  3.5100000000000000e+03	 -3.0955359551544689e+02	  2.6804904622343162e+02	
  3.5400000000000000e+03	 -3.3353401727047742e+02	  2.3408280909118594e+02	
  3.5700000000000000e+03	 -3.5703109197939966e+02	  2.0349163999791668e+02	
  3.6000000000000000e+03	 -3.7431493662921076e+02	  1.7352663987887180e+02	
  3.6300000000000000e+03	 -3.9955681352572304e+02	  1.3959323367696084e+02	
  3.6600000000000000e+03	 -4.1478629089343019e+02	  1.1562107042035427e+02	
  3.6900000000000000e+03	 -4.3830255531752266e+02	  8.4410786690942828e+01	
  3.7200000000000000e+03	 -4.4894603242008975e+02	  6.2218939038666441e+01	
  3.7500000000000000e+03	 -4.7823173521797537e+02	  2.2661557018410576e+01	
  3.7800000000000000e+03	 -4.9485876537773697e+02	  -2.4760697556957716e+00	
  3.8100000000000000e+03	 -5.0735127732490503e+02	  -3.0376940817604922e+01	
  3.8400000000000000e+03	 -5.3325683933446442e+02	  -6.4293563755783126e+01	
  3.8700000000000000e+03	 -5.5290467791115088e+02	  -9.0226957429922166e+01	
  3.9000000000000000e+03	 -5.7478950723409366e+02	  -1.2318761146543196e+02	
  3.9300000000000000e+03	 -6.0365647543377895e+02	  -1.6465405776952053e+02	
  3.9600000000000000e+03	 -6.3105753595504120e+02	  -2.0285886478121341e+02	
  3.9900000000000000e+03	 -6.5584253895195593e+02	  -2.4128847243406906e+02	
  4.0200000000000000e+03	 -6.6719515188602600e+02	  -2.6313462979933513e+02	
  4.0500000000000000e+03	 -6.8640687602744640e+02	  -2.9396645781284917e+02	
  4.0800000000000000e+03	 -7.0567039960629552e+02	  -3.2225327557510900e+02	
  4.1100000000000000e+03	 -7.2838416745278516e+02	  -3.4550376033706021e+02	
  4.1400000000000000e+03	 -7.1379182142448838e+02	  -3.1514763995606569e+02	
  4.1700000000000000e+03	 -6.9167191126218268e+02	  -2.7583395579913417e+02	
  4.2000000000000000e+03	 -6.6571761424735416e+02	  -2.3917695720154526e+02	
  4.2300000000000000e+03	 -6.5057600879493714e+02	  -2.0589505063578633e+02	
  4.2600000000000000e+03	 -6.4093322020240078e+02	  -1.7819465432199669e+02	
  4.2900000000000000e+03	 -6.2514455021813455e+02	  -1.5427562403370263e+02	
  4.3200000000000000e+03	 -6.0335423975138258e+02	  -1.1426695531077794e+02	
  4.3500000000000000e+03	 -5.7472495697115528e+02	  -8.1561850850302449e+01	
  4.3800000000000000e+03	 -5.5644945622424621e+02	  -5.8868868771655350e+01	
  4.4100000000000000e+03	 -5.2550527482268876e+02	  -2.7739283693118882e+01	
  4.4400000000000000e+03	 -4.9061383849587128e+02	  9.9421551739942622e+00	
  4.4700000000000000e+03	 -4.6401191692554727e+02	  3.7196970285464715e+01	
  4.5000000000000000e+03	 -4.5049058599876219e+02	  5.3645768391793233e+01	
  4.5300000000000000e+03	 -4.2397190495542816e+02	  8.3433140472572973e+01	
  4.5600000000000000e+03	 -4.0588925824767392e+02	  1.1325779261163801e+02	
  4.5900000000000000e+03	 -3.7570240187854927e+02	  1.5051749676282407e+02	
  4.6200000000000000e+03	 -3.4725160128265662e+02	  1.7984245471063386e+02	
  4.6500000000000000e+03	 -3.2325044720758905e+02	  2.0632198485134535e+02	
  4.6800000000000000e+03	 -2.8973628279403636e+02	  2.4395414239361088e+02	
  4.7100000000000000e+03	 -2.6927965231853432e+02	  2.6670551863360464e+02	
  4.7400000000000000e+03	 -2.4764436517554236e+02	  2.9935704367587829e+02	
  4.7700000000000000e+03	 -2.2662314208714037e+02	  3.2200519296769892e+02	
  4.8000000000000000e+03	 -2.1878451806051734e+02	  3.3534103381106769e+02	
  4.8300000000000000e+03	 -2.0766024666605125e+02	  3.5103810054506386e+02	
  4.8600000000000000e+03	 -1.9417227038306160e+02	  3.7772097177374479e+02	
  4.8900000000000000e+03	 -1.7556874543349281e+02	  4.0795461547558415e+02	
  4.9200000000000000e+03	 -1.6237017054577362e+02	  4.2795617716992678e+02	
  4.9500000000000000e+03	 -1.4801099726388384e+02	  4.4754229404055002e+02	
  4.9800000000000000e+03	 -1.2800948580472979e+02	  4.7054282435582047e+02	
  5.0100000000000000e+03	 -9.5627448185721704e+01	  5.0190252283693815e+02	
  5.0400000000000000e+03	 -7.3778240093054862e+01	  5.3152055865923512e+02	
  5.0700000000000000e+03	 -4.5304654870212843e+01	  5.5936065946106896e+02	
  5.1000000000000000e+03	 -2.4050542475478011e+01	  5.9346628727380664e+02	
  5.1300000000000000e+03	 -4.6646525818909403e+01	  5.8256120016953628e+02	
  5.1600000000000000e+03	 -8.3424211593373428e+01	  5.7103829130623910e+02	
  5.1900000000000000e+03	 -1.1628695070466998e+02	  5.6386431246781422e+02	
  5.2200000000000000e+03	 -1.4125676530101600e+02	  5.5142719842279621e+02	
  5.2500000000000000e+03	 -1.8744518026865103e+02	  5.3579260194214294e+02	
  5.2800000000000000e+03	 -2.1003884321144773e+02	  5.2429392204898920e+02	
  5.3100000000000000e+03	 -2.5233366985498523e+02	  5.1573280744968054e+02	
  5.3400000000000000e+03	 -2.9846522219066151e+02	  4.9898417133097507e+02	
  5.3700000000000000e+03	 -2.7108249115685595e+02	  4.9880061496149187e+02	
  5.4000000000000000e+03	 -2.3364561555314239e+02	  5.0029716783138747e+02	
  5.4300000000000000e+03	 -2.0741518416339053e+02	  4.9481150670123515e+02	
  5.4600000000000000e+03	 -1.8404734131707531e+02	  4.9840729179169824e+02	
  5.4900000000000000e+03	 -1.6256557858824598e+02	  5.0254261360318230e+02	
  5.5200000000000000e+03	 -1.2684570589446587e+02	  5.0384609538501718e+02	
  5.5500000000000000e+03	 -1.0645360771392528e+02	  5.0783259628642821e+02	
  5.5800000000000000e+03	 -7.7568237081350375e+01	  5.0871716122346982e+02	
  5.6100000000000000e+03	 -4.3231206588277345e+01	  5.0655042489809358e+02	
  5.6400000000000000e+03	 -6.7317766545205231e+00	  5.0671461361758196e+02	
  5.6700000000000000e+03	 1.7006698322786484e+01	  5.0125800090102337e+02	
  5.7000000000000000e+03	 5.3949844671785655e+01	  5.0043978846484305e+02	
  5.7300000000000000e+03	 7.4560860253683941e+01	  4.9822638659342709e+02	
  5.7600000000000000e+03	 9.9398920706485796e+01	  4.9942597580487779e+02	
  5.7900000000000000e+03	 1.3182632784795823e+02	  5.0285113985934532e+02	
  5.8200000000000000e+03	 1.6500422146288932e+02	  5.0319267861294890e+02	
  5.8500000000000000e+03	 1.9755542238207386e+02	  4.9689652080936628e+02	
  5.8800000000000000e+03	 2.4370969937061383e+02	  4.8891638323375554e+02	
  5.9100000000000000e+03	 2.3754780548997800e+02	  4.8540138759385991e+02	
  5.9400000000000000e+03	 2.3890446308615688e+02	  4.8551880996536153e+02	
  5.9700000000000000e+03	 2.4022124589400676e+02	  4.8664192072189167e+02	
  6.0000000000000000e+03	 2.3912434064684112e+02	  4.8789172087565180e+02	
  6.0300000000000000e+03	 2.3963889677309692e+02	  4.8858318764559522e+02	
  6.0600000000000000e+03	 2.3904390258185558e+02	  4.8715944340425074e+02	
  6.0900000000000000e+03	 2.3781417434626985e+02	  4.8660466482668426e+02	
  6.1200000000000000e+03	 2.3924637227367663e+02	  4.8646401181545127e+02	
  6.1500000000000000e+03	 2.1311320963391941e+02	  5.0162272536805347e+02	
  6.1800000000000000e+03	 1.8051415865599716e+02	  5.2016797782423203e+02	
  6.2100000000000000e+03	 1.4694893857289907e+02	  5.4225134843645321e+02	
  6.2400000000000000e+03	 1.2209633761196318e+02	  5.6199726648063506e+02	
  6.2700000000000000e+03	 9.1037442647146776e+01	  5.8076491847444345e+02	
  6.3000000000000000e+03	 6.2117967876044425e+01	  6.0137555873437873e+02	
  6.3300000000000000e+03	 6.2899517444292151e+01	  5.7680635840131424e+02	
  6.3600000000000000e+03	 6.0928236353597867e+01	  5.3336836301063636e+02	
  6.3900000000000000e+03	 5.8813260544685328e+01	  5.0444936719198364e+02	
  6.4200000000000000e+03	 5.2494995508168827e+01	  4.7494029145839875e+02	
  6.4500000000000000e+03	 4.6096916234736653e+01	  4.5505179451138054e+02	
  6.4800000000000000e+03	 4.1323922233185655e+01	  4.2140757135996250e+02	
  6.5100000000000000e+03	 4.4187483091414570e+01	  3.8689876150794595e+02	
  6.5400000000000000e+03	 4.5975341849688910e+01	  3.5525012190178978e+02	
  6.5700000000000000e+03	 3.9609899717466611e+01	  3.1958601507019779e+02	
  6.6000000000000000e+03	 4.1087143549737235e+01	  2.8554684447393066e+02	
  6.6300000000000000e+03	 3.4385960905984554e+01	  2.4134363162529763e+02	
  6.6600000000000000e+03	 2.8538208668370967e+01	  2.0483817439278414e+02	
  6.6900000000000000e+03	 2.4164251929356801e+01	  1.7141182101939501e+02	
  6.7200000000000000e+03	 2.4646659916926740e+01	  1.4191171745533771e+02	
  6.7500000000000000e+03	 1.9594422496378279e+01	  1.1628903563590541e+02	
  6.7800000000000000e+03	 -4.6894685635878588e+00	  1.0698084043684914e+02	
  6.8100000000000000e+03	 -3.3507236039553398e+01	  9.5181856242472321e+01	
  6.8400000000000000e+03	 -7.8085523891003916e+01	  8.1292080321700155e+01	
  6.8700000000000000e+03	 -1.1424666771567203e+02	  6.3567836088311580e+01	
  6.9000000000000000e+03	 -1.3955331219227665e+02	  5.4688473620608164e+01	
  6.9300000000000000e+03	 -1.7750480800762392e+02	  3.8348489205565649e+01	
  6.9600000000000000e+03	 -1.9848039995050240e+02	  3.2653605746835744e+01	
  6.9900000000000000e+03	 -2.2661217860985622e+02	  1.9447116986683689e+01	
  7.0200000000000000e+03	 -2.6792469076021843e+02	  6.4062820694112883e+00	
  7.0500000000000000e+03	 -3.1697150306461100e+02	  -1.0129159301894243e+01	
  7.0800000000000000e+03	 -3.4196710116256179e+02	  -1.8643450991483157e+01	
  7.1100000000000000e+03	 -3.7070021588872237e+02	  -3.0124664124450376e+01	
  7.1400000000000000e+03	 -4.0985979104085243e+02	  -4.4517273684967911e+01	
  7.1700000000000000e+03	 -4.4066629038424043e+02	  -5.8982102632512259e+01	
  7.2000000000000000e+03	 -4.7280325729847135e+02	  -7.5069210379545041e+01	
  7.2300000000000000e+03	 -5.0395113999856449e+02	  -8.5612799948164209e+01	
  7.2600000000000000e+03	 -5.5079951347096005e+02	  -1.0401686104224189e+02	
  7.2900000000000000e+03	 -5.6856574498240798e+02	  -1.0928705613534230e+02	
  7.3200000000000000e+03	 -5.8224420363941522e+02	  -1.1412384957058305e+02	
  7.3500000000000000e+03	 -5.8033937480914631e+02	  -1.1466911322848358e+02	
  7.3800000000000000e+03	 -5.8009890027291272e+02	  -1.1571570430082883e+02	
  7.4100000000000000e+03	 -5.7812328383409613e+02	  -1.1607431644041472e+02	
  7.4400000000000000e+03	 -5.7625863038661964e+02	  -1.1640778232815286e+02	
  7.4700000000000000e+03	 -5.7748350197580407e+02	  -1.1464880757747211e+02	
  7.5000000000000000e+03	 -5.7376574471944048e+02	  -1.3527617479099104e+02	
  7.5300000000000000e+03	 -5.6782980574139367e+02	  -1.5285131131636490e+02	
  7.5600000000000000e+03	 -5.6078641015011101e+02	  -1.6828039824805003e+02	
  7.5900000000000000e+03	 -5.4910139585265824e+02	  -2.1718573635782707e+02	
  7.6200000000000000e+03	 -5.3502865083860092e+02	  -2.6054178812833629e+02	
  7.6500000000000000e+03	 -5.2731628788764431e+02	  -2.9983625461778377e+02	
  7.6800000000000000e+03	 -5.1523392355437932e+02	  -3.3989627826499520e+02	
  7.7100000000000000e+03	 -4.9772731556971564e+02	  -3.8550530527906608e+02	
  7.7400000000000000e+03	 -4.9198072969170084e+02	  -4.2080823975279424e+02	
  7.7700000000000000e+03	 -4.7459830143600982e+02	  -4.2915247505831724e+02	
  7.8000000000000000e+03	 -4.5754758891980077e+02	  -4.4043045507715732e+02	
  7.8300000000000000e+03	 -4.2732522950792651e+02	  -4.5767064418588041e+02	
  7.8600000000000000e+03	 -3.9660305565698872e+02	  -4.7787617767608145e+02	
  7.8900000000000000e+03	 -3.7688358972709267e+02	  -4.9099822638484125e+02	
  7.9200000000000000e+03	 -3.4296498690934027e+02	  -5.1098633493279544e+02	
  7.9500000000000000e+03	 -3.0294897599397245e+02	  -5.3934112982547504e+02	
  7.9800000000000000e+03	 -2.5960545180414499e+02	  -5.5704862132166409e+02	
  8.0100000000000000e+03	 -2.3065395183055014e+02	  -5.7361058850935922e+02	
  8.0400000000000000e+03	 -2.0958566482616243e+02	  -5.8826025905244444e+02	
  8.0700000000000000e+03	 -1.6404472042874050e+02	  -6.1075369689718366e+02	
  8.1000000000000000e+03	 -1.3842970465250011e+02	  -6.2195073539749023e+02	
  8.1300000000000000e+03	 -1.0273990274910469e+02	  -6.4621203276586834e+02	
  8.1600000000000000e+03	 -7.5762578112716724e+01	  -6.6579578919539779e+02	
  8.1900000000000000e+03	 -4.5558284862616070e+01	  -6.8202108129814758e+02	
  8.2200000000000000e+03	 -1.9376384827307387e+01	  -6.9024739352851293e+02	
  8.2500000000000000e+03	 8.6908923745701863e+00	  -7.0086958867374210e+02	
  8.2800000000000000e+03	 2.8449258689959603e+01	  -7.1089542468190757e+02	
  8.3100000000000000e+03	 1.1446948771106999e+01	  -6.6660441213693957e+02	
  8.3400000000000000e+03	 3.5030736374549720e+00	  -6.4581385199251088e+02	
  8.3700000000000000e+03	 -1.2998530679087839e+01	  -6.0345540616819710e+02	
  8.4000000000000000e+03	 -2.4395781169646412e+01	  -5.7032725206100918e+02	
  8.4300000000000000e+03	 -4.7435501300388879e+01	  -5.2804849344950480e+02	
  8.4600000000000000e+03	 -6.1430269504697279e+01	  -5.0555298781310768e+02	
  8.4900000000000000e+03	 -7.6624612745885599e+01	  -4.6243202795254098e+02	
  8.5200000000000000e+03	 -8.3550113238266093e+01	  -4.4028362284677610e+02	
  8.5500000000000000e+03	 -9.5939610819550651e+01	  -4.0535331770662600e+02	
  8.5800000000000000e+03	 -1.0646840517888818e+02	  -3.8199661376510733e+02	
  8.6100000000000000e+03	 -1.2390798758461007e+02	  -3.4219852878304096e+02	
  8.6400000000000000e+03	 -1.3588213937589751e+02	  -3.1352291999556121e+02	
  8.6700000000000000e+03	 -1.5049153527661295e+02	  -2.9043459348235410e+02	
  8.7000000000000000e+03	 -1.6617595168313736e+02	  -2.5142700425278736e+02	
  8.7300000000000000e+03	 -1.7589496524038123e+02	  -2.2485674367215023e+02	
  8.7600000000000000e+03	 -1.9246834338868979e+02	  -1.8519036455644192e+02	
  8.7900000000000000e+03	 -2.1333954991802986e+02	  -1.4508802390510107e+02	
  8.8200000000000000e+03	 -2.2455426103806755e+02	  -1.1829429396797903e+02	
  8.8500000000000000e+03	 -2.3862253462014780e+02	  -8.7463974464723165e+01	
  8.8800000000000000e+03	 -2.5373740988581335e+02	  -6.4655621431536559e+01	
  8.9100000000000000e+03	 -2.7051557251963408e+02	  -3.3429532853091267e+01	
  8.9400000000000000e+03	 -2.8532517966209406e+02	  -5.6152122992188609e+00	
  8.9700000000000000e+03	 -2.9791420590902663e+02	  2.9442981265048026e+01	
  9.0000000000000000e+03	 -3.0998019592645562e+02	  5.3673721402574458e+01	
  9.0300000000000000e+03	 -3.3100054869683271e+02	  9.0697305998990117e+01	
  9.0600000000000000e+03	 -3.4215098550680494e+02	  1.2577656789153096e+02	
  9.0900000000000000e+03	 -3.5902920726024911e+02	  1.5037556442904358e+02	
  9.1200000000000000e+03	 -3.7063084780395826e+02	  1.8364195227375558e+02	
  9.1500000000000000e+03	 -3.6715093995107395e+02	  1.8718461853066322e+02	
  9.1800000000000000e+03	 -3.6668448715686014e+02	  1.8802084957302210e+02	
  9.2100000000000000e+03	 -3.6478336593855636e+02	  1.8682923294282980e+02	
  9.2400000000000000e+03	 -3.3963011678996349e+02	  2.0100833509972799e+02	
  9.2700000000000000e+03	 -3.1449730517131940e+02	  2.1074342037580510e+02	
  9.3000000000000000e+03	 -2.7079328557346349e+02	  2.2779928334098182e+02	
  9.3300000000000000e+03	 -2.3900491123688397e+02	  2.4708525394720729e+02	
  9.3600000000000000e+03	 -1.9787203043874752e+02	  2.6440821320627020e+02	
  9.3900000000000000e+03	 -1.6980443868644429e+02	  2.7797153675804486e+02	
  9.4200000000000000e+03	 -1.3848230979635844e+02	  2.9390623165031548e+02	
  9.4500000000000000e+03	 -9.9220567246493260e+01	  3.1529732993319516e+02	
  9.4800000000000000e+03	 -4.9513452720469715e+01	  3.3996036132282762e+02	
  9.5100000000000000e+03	 -3.2777294786582203e+01	  3.4798950491356351e+02	
  9.5400000000000000e+03	 7.7185440019489491e+00	  3.6705455320211081e+02	
  9.5700000000000000e+03	 3.7467038590239937e+01	  3.8113636193783452e+02	
  9.6000000000000000e+03	 3.7275221862030754e+01	  3.3924244777986303e+02	
  9.6300000000000000e+03	 3.7111117848198646e+01	  2.8953910479499575e+02	
  9.6600000000000000e+03	 2.9055676970510738e+01	  2.4106308612192379e+02	
  9.6900000000000000e+03	 2.8201789711965283e+01	  1.9746191449888130e+02	
  9.7200000000000000e+03	 2.2089175296059206e+01	  1.6443273082157063e+02	
  9.7500000000000000e+03	 1.9086296617471945e+01	  1.1924764104461784e+02	
  9.7800000000000000e+03	 1.7246558232124514e+01	  9.2062980993704201e+01	
  9.8100000000000000e+03	 1.1440137394435947e+01	  5.2366250727736585e+01	
  9.8400000000000000e+03	 1.0322267454001178e+01	  2.7347534226722800e+01	
  9.8700000000000000e+03	 9.0037054565200947e+00	  2.7547732663996037e+01	
  9.9000000000000000e+03	 1.0221468628000823e+01	  2.7210521363836868e+01	
  9.9300000000000000e+03	 8.6439571211403354e+00	  2.8938355234075804e+01	
  9.9600000000000000e+03	 7.4163038970088451e+00	  2.8278749243414033e+01	
  9.9900000000000000e+03	 7.9177499437074061e+00	  2.7971408005439216e+01	
  1.0020000000000000e+04	 9.8659960227183277e+00	  2.8278521452149995e+01	
  1.0050000000000000e+04	 -9.8509759021764367e+00	  1.5266120632245038e+01	
  1.0080000000000000e+04	 -3.7616817333612829e+01	  -3.7192330763484840e+00	
  1.0110000000000000e+04	 -7.0610004583818281e+01	  -2.1203088679625761e+01	
  1.0140000000000000e+04	 -1.0252545932205646e+02	  -3.3339250918751887e+01	
  1.0170000000000000e+04	 -1.3979267726780546e+02	  -5.2372544931275002e+01	
  1.0200000000000000e+04	 -1.6206903199092704e+02	  -6.6575036834134892e+01	
  1.0230000000000000e+04	 -1.9417449766128243e+02	  -8.0339999341151412e+01	
  1.0260000000000000e+04	 -2.3962127426090879e+02	  -1.1054223915342678e+02	
  1.0290000000000000e+04	 -2.6961107044815890e+02	  -1.3217211297882429e+02	
  1.0320000000000000e+04	 -2.9307701733673332e+02	  -1.4601549447018530e+02	
  1.0350000000000000e+04	 -3.2153192955123308e+02	  -1.6611341519765443e+02	
  1.0380000000000000e+04	 -3.5934748890388363e+02	  -1.9040117834475603e+02	
  1.0410000000000000e+04	 -3.9858682838349148e+02	  -2.1468619899287705e+02	
  1.0440000000000000e+04	 -4.2493372259173935e+02	  -2.2371064374206884e+02	
  1.0470000000000000e+04	 -4.4105480486976046e+02	  -2.3146720963978510e+02	
  1.0500000000000000e+04	 -4.7094796516325914e+02	  -2.4458872375910755e+02	
  1.0530000000000000e+04	 -4.9737823467828264e+02	  -2.5644570252591990e+02	
  1.0560000000000000e+04	 -5.1572623479703861e+02	  -2.6971699866516389e+02	
  1.0590000000000000e+04	 -5.3944739739814850e+02	  -2.8037567470347307e+02	
  1.0620000000000000e+04	 -5.6556440004122146e+02	  -2.9851108792138268e+02	
  1.0650000000000000e+04	 -5.8648966261484838e+02	  -3.1480053499637404e+02	
  1.0680000000000000e+04	 -5.9934521448836051e+02	  -3.2164712607019095e+02	
  1.0710000000000000e+04	 -6.3217022171540543e+02	  -3.3556479419862700e+02	
  1.0740000000000000e+04	 -6.6105483688137292e+02	  -3.5609221742046361e+02	
  1.0770000000000000e+04	 -6.9984456040816258e+02	  -3.7757473949274510e+02	
  1.0800000000000000e+04	 -7.2954979761097695e+02	  -3.9257220979688230e+02	
  1.0830000000000000e+04	 -7.4708171312373645e+02	  -4.1391302656886728e+02	
  1.0860000000000000e+04	 -7.4537443483088032e+02	  -4.1476557693395097e+02	
  1.0890000000000000e+04	 -7.4469283438006607e+02	  -4.1568351318347504e+02	
  1.0920000000000000e+04	 -7.4368908704598334e+02	  -4.1429806941661968e+02	
  1.0950000000000000e+04	 -7.2919402323362328e+02	  -3.9654419683341945e+02	
  1.0980000000000000e+04	 -6.9408576394017496e+02	  -3.6763096972283938e+02	
  1.1010000000000000e+04	 -6.5856431689219733e+02	  -3.3463284595944504e+02	
  1.1040000000000000e+04	 -6.2606680486672781e+02	  -3.0194009203633567e+02	
  1.1070000000000000e+04	 -5.9047092199480016e+02	  -2.7606664005700486e+02	
  1.1100000000000000e+04	 -5.7094801167529374e+02	  -2.6261647809544746e+02	
  1.1130000000000000e+04	 -5.3698710851303531e+02	  -2.3718686604431659e+02	
  1.1160000000000000e+04	 -5.0549995651583743e+02	  -2.1348704733169038e+02	
  1.1190000000000000e+04	 -4.9073969786103294e+02	  -1.9825016142642474e+02	
  1.1220000000000000e+04	 -4.6620636959969954e+02	  -1.7840856752700711e+02	
  1.1250000000000000e+04	 -4.4104334882576023e+02	  -1.5284767815034320e+02	
  1.1280000000000000e+04	 -4.1720116839029686e+02	  -1.2521079782996594e+02	
  1.1310000000000000e+04	 -3.8570140098287044e+02	  -9.4308157547898091e+01	
  1.1340000000000000e+04	 -3.6102294321550244e+02	  -6.3288633913702668e+01	
  1.1370000000000000e+04	 -3.4775272591319754e+02	  -4.6398127413259729e+01	
  1.1400000000000000e+04	 -3.3113606515621797e+02	  -2.7639573716127078e+01	
  1.1430000000000000e+04	 -3.0431605995495795e+02	  -3.4404480306765066e+00	
  1.1460000000000000e+04	 -2.6430967230418145e+02	  2.7037282780391756e+01	
  1.1490000000000000e+04	 -2.3495642652353558e+02	  5.5600105755125128e+01	
  1.1520000000000000e+04	 -2.1580662101069481e+02	  7.4737245460008452e+01	
  1.1550000000000000e+04	 -1.9995218383925575e+02	  9.5497782413128107e+01	
  1.1580000000000000e+04	 -1.8255615964468706e+02	  1.1367018238811899e+02	
  1.1610000000000000e+04	 -1.6237183435035843e+02	  1.2721696110812297e+02	
  1.1640000000000000e+04	 -1.2909462885203845e+02	  1.5680836160715683e+02	
  1.1670000000000000e+04	 -1.0101390863247153e+02	  1.8154001306315419e+02	
  1.1700000000000000e+04	 -6.5439884335559569e+01	  2.0931730159354038e+02	
  1.1730000000000000e+04	 -2.8602959132745028e+01	  2.3559023346211706e+02	
  1.1760000000000000e+04	 -9.7320849356563279e+00	  2.5689592576171020e+02	
  1.1790000000000000e+04	 3.2726286313453645e+00	  2.6841469507131831e+02	
  1.1820000000000000e+04	 3.5125974404413022e+01	  2.9232139502477435e+02	
  1.1850000000000000e+04	 5.3921213192316820e+01	  3.0805594807649027e+02	
  1.1880000000000000e+04	 9.2889476310168803e+01	  3.4381691262328849e+02	
  1.1910000000000000e+04	 1.1423082081142260e+02	  3.6861058862879901e+02	
  1.1940000000000000e+04	 1.2718693231883481e+02	  3.8305982065808701e+02	
  1.1970000000000000e+04	 1.5414037636038029e+02	  4.1035961574441387e+02	
  1.2000000000000000e+04	 1.8640835824731533e+02	  4.3588234008751726e+02	
  1.2030000000000000e+04	 2.1979980345375287e+02	  4.6007055390265049e+02	
  1.2060000000000000e+04	 2.4838087666431966e+02	  4.8683118862769021e+02	
  1.2090000000000000e+04	 2.8476628017674267e+02	  5.1884401382986141e+02	
  1.2120000000000000e+04	 2.9601979031402027e+02	  5.3610026260470170e+02	
  1.2150000000000000e+04	 3.1755236997198881e+02	  5.5871433925582539e+02	
  1.2180000000000000e+04	 3.3346085011930973e+02	  5.7517282258060186e+02	
  1.2210000000000000e+04	 3.3972069032533682e+02	  5.7420245932541161e+02	
  1.2240000000000000e+04	 3.4074305668014586e+02	  5.7537173537001263e+02	
  1.2270000000000000e+04	 3.4238564156660067e+02	  5.7640513808010769e+02	
  1.2300000000000000e+04	 3.4353066453159227e+02	  5.7616797899734513e+02	
  1.2330000000000000e+04	 3.4539783268142077e+02	  5.7430519304051052e+02	
  1.2360000000000000e+04	 3.4461612834965655e+02	  5.7476030004695917e+02	
  1.2390000000000000e+04	 3.2541144225553285e+02	  5.6862790913519689e+02	
  1.2420000000000000e+04	 3.0396853808942745e+02	  5.5901513427691839e+02	
  1.2450000000000000e+04	 2.6538345502334232e+02	  5.3602342585890767e+02	
  1.2480000000000000e+04	 2.4945402527556894e+02	  5.2234398051791175e+02	
  1.2510000000000000e+04	 2.1321881000260788e+02	  5.0555547791651662e+02	
  1.2540000000000000e+04	 1.8673778591444022e+02	  4.9030434012979742e+02	
  1.2570000000000000e+04	 1.5341820660890971e+02	  4.6782261765149940e+02	
  1.2600000000000000e+04	 1.3611005492915788e+02	  4.6058418112985606e+02	
  1.2630000000000000e+04	 1.1018536652032000e+02	  4.4398250430738182e+02	
  1.2660000000000000e+04	 8.2824760353222985e+01	  4.3458227485211967e+02	
  1.2690000000000000e+04	 4.8726892407386963e+01	  4.1903029131027733e+02	
  1.2720000000000000e+04	 2.5768152369528245e+01	  4.0816962466717666e+02	
  1.2750000000000000e+04	 -6.1995521743987467e+00	  3.9187700046851842e+02	
  1.2780000000000000e+04	 -3.2788382095617976e+01	  3.8383175448822658e+02	
  1.2810000000000000e+04	 -4.7276962940094933e+01	  3.7116060024898826e+02	
  1.2840000000000000e+04	 -9.1803720739283250e+01	  3.5192676673026330e+02	
  1.2870000000000000e+04	 -1.1262587367980031e+02	  3.4683705089122293e+02	
  1.2900000000000000e+04	 -1.4388582142877061e+02	  3.3335719854828363e+02	
  1.2930000000000000e+04	 -1.6712583089754463e+02	  3.1928045229816786e+02	
  1.2960000000000000e+04	 -1.5241808291809690e+02	  3.5408172115318075e+02	
  1.2990000000000000e+04	 -1.3486529821901169e+02	  3.9804933928446872e+02	
  1.3020000000000000e+04	 -1.2607061188616422e+02	  4.2216286099913896e+02	
  1.3050000000000000e+04	 -1.1337923852978739e+02	  4.5846027182987791e+02	
  1.3080000000000000e+04	 -9.7991881091518920e+01	  4.8202556903212417e+02	
  1.3110000000000000e+04	 -8.3080272777813917e+01	  5.1263444809390887e+02	
  1.3140000000000000e+04	 -7.7785896186452348e+01	  5.3499197594087218e+02	
  1.3170000000000000e+04	 -6.1737234920361352e+01	  5.6436751123583042e+02	
  1.3200000000000000e+04	 -4.3423634177135177e+01	  5.9953673941516297e+02	
  1.3230000000000000e+04	 -2.0796975744222490e+01	  6.4099125786246475e+02	
  1.3260000000000000e+04	 -4.1703924307903861e+00	  6.7459537637182439e+02	
  1.3290000000000000e+04	 3.4885279034368146e+00	  7.0115344561625022e+02	
  1.3320000000000000e+04	 2.0230649835153503e+01	  7.3761773586335278e+02	
  1.3350000000000000e+04	 2.9263941084035309e+01	  7.5097368908502153e+02	
  1.3380000000000000e+04	 3.0216360446617209e+01	  7.5274465136244874e+02	
  1.3410000000000000e+04	 3.0539494718427139e+01	  7.5304585907702517e+02	
  1.3440000000000000e+04	 1.2839911477940600e+01	  7.2716842292338697e+02	
  1.3470000000000000e+04	 -1.1389518930024380e+01	  7.0592947500447769e+02	
  1.3500000000000000e+04	 -4.2468753985996315e+01	  6.7286930447742304e+02	
  1.3530000000000000e+04	 -5.9839863096309088e+01	  6.5529867128289538e+02	
  1.3560000000000000e+04	 -9.6430237800962161e+01	  6.2319027360004145e+02	
  1.3590000000000000e+04	 -1.1322904310393116e+02	  6.0334722058796046e+02	
  1.3620000000000000e+04	 -1.3312414893265097e+02	  5.8023792517703441e+02	
  1.3650000000000000e+04	 -1.4410350212072683e+02	  5.6153247158057241e+02	
  1.3680000000000000e+04	 -1.7575860477880809e+02	  5.3513790019376609e+02	
  1.3710000000000000e+04	 -2.0452138528303419e+02	  5.0429418462826362e+02	
  1.3740000000000000e+04	 -2.2343999774505792e+02	  4.9438185551201741e+02	
  1.3770000000000000e+04	 -2.3901706965861501e+02	  4.7849470694039439e+02	
  1.3800000000000000e+04	 -2.6088213070078928e+02	  4.5795003350937259e+02	
  1.3830000000000000e+04	 -2.8300701957546181e+02	  4.3027087219531347e+02	
  1.3860000000000000e+04	 -3.0617689224121898e+02	  4.1287345825407510e+02	
  1.3890000000000000e+04	 -2.8883663271051734e+02	  3.8174588754241557e+02	
  1.3920000000000000e+04	 -2.6635996832796513e+02	  3.4482188190876536e+02	
  1.3950000000000000e+04	 -2.5552374997468905e+02	  3.1874235798051353e+02	
  1.3980000000000000e+04	 -2.3247563666739492e+02	  2.8338070055582381e+02	
  1.4010000000000000e+04	 -2.2296598422920508e+02	  2.5921145038586934e+02	
  1.4040000000000000e+04	 -2.0497865264630801e+02	  2.2091639078277592e+02	
  1.4070000000000000e+04	 -1.9101750357674379e+02	  1.9091422641290828e+02	
  1.4100000000000000e+04	 -1.6623273901665891e+02	  1.5197285725343019e+02	
  1.4130000000000000e+04	 -1.4538640575398253e+02	  1.2111046647677767e+02	
  1.4160000000000000e+04	 -1.3578657310574852e+02	  1.0737407416868857e+02	
  1.4190000000000000e+04	 -1.1878010902687798e+02	  7.5107867093182705e+01	
  1.4220000000000000e+04	 -1.0380747867794322e+02	  5.1068819394971783e+01	
  1.4250000000000000e+04	 -8.6594588344247711e+01	  2.8913565234822020e+01	
  1.4280000000000000e+04	 -6.4043100871514824e+01	  -1.0531804009094120e+01	
  1.4310000000000000e+04	 -4.4057104329053828e+01	  -3.6296512538102021e+01	
  1.4340000000000000e+04	 -3.0672013854703259e+01	  -6.4694005528217460e+01	
  1.4370000000000000e+04	 -1.4157606450472770e+01	  -9.0822142946181174e+01	
  1.4400000000000000e+04	 3.6610830435124271e+00	  -1.2440137883328974e+02	
  1.4430000000000000e+04	 1.8876105293887044e+01	  -1.6140424734482821e+02	
  1.4460000000000000e+04	 3.4012409440751775e+01	  -1.7629644502763173e+02	
  1.4490000000000000e+04	 4.9386757482595641e+01	  -1.9034641250460001e+02	
  1.4520000000000000e+04	 6.3041576088683470e+01	  -2.1342967663242834e+02	
  1.4550000000000000e+04	 8.3091454357519325e+01	  -2.5433376050107756e+02	
  1.4580000000000000e+04	 9.3065110178555756e+01	  -2.8013947136221856e+02	
  1.4610000000000000e+04	 1.0807152096576070e+02	  -3.1048685660580577e+02	
  1.4640000000000000e+04	 1.2672982947222327e+02	  -3.4038247969186079e+02	
  1.4670000000000000e+04	 1.4759692927925619e+02	  -3.6900407684110019e+02	
  1.4700000000000000e+04	 1.6258100813465435e+02	  -3.9395008211608882e+02	
  1.4730000000000000e+04	 1.7893144301322221e+02	  -4.2717744160686442e+02	
  1.4760000000000000e+04	 2.0541670399640753e+02	  -4.6413274259019317e+02	
  1.4790000000000000e+04	 2.1961586027459833e+02	  -4.9196622746784402e+02	
  1.4820000000000000e+04	 2.2007730745496218e+02	  -4.9066338760074700e+02	
  1.4850000000000000e+04	 2.2986343024225596e+02	  -4.5923697681359050e+02	
  1.4880000000000000e+04	 2.3993846970420955e+02	  -4.1508551040958224e+02	
  1.4910000000000000e+04	 2.4952245510799600e+02	  -3.8988699223497207e+02	
  1.4940000000000000e+04	 2.6265907165379184e+02	  -3.5256142782613824e+02	
  1.4970000000000000e+04	 2.7547923847100645e+02	  -3.1095728670127653e+02	
  1.5000000000000000e+04	 2.8426079226223084e+02	  -2.7169835133194880e+02	
  1.5030000000000000e+04	 2.9970079962062437e+02	  -2.3515084171691763e+02	
  1.5060000000000000e+04	 3.0702892801520579e+02	  -2.0532659216697985e+02	
  1.5090000000000000e+04	 3.2735146727163470e+02	  -1.6248782414044808e+02	
  1.5120000000000000e+04	 3.3284334830155763e+02	  -1.3246124905547808e+02	
  1.5150000000000000e+04	 3.5184337052355255e+02	  -8.9527276341887230e+01	
  1.5180000000000000e+04	 3.6459332934554095e+02	  -6.1159603522823446e+01	
  1.5210000000000000e+04	 3.8542402214639463e+02	  -1.9918879109463177e+01	
  1.5240000000000000e+04	 3.9846944032086708e+02	  5.8389982695674476e+00	
  1.5270000000000000e+04	 3.5886849583451294e+02	  2.6413015038400392e+01	
  1.5300000000000000e+04	 3.3588542087160539e+02	  3.6904743226136702e+01	
  1.5330000000000000e+04	 3.0611883468532073e+02	  4.9572536786608197e+01	
  1.5360000000000000e+04	 2.8262691663198314e+02	  6.3204272653100226e+01	
  1.5390000000000000e+04	 2.4631239077586625e+02	  8.2397408121308672e+01	
  1.5420000000000000e+04	 2.0107676606300501e+02	  1.0190285735074724e+02	
  1.5450000000000000e+04	 1.7446574878930713e+02	  1.1344095126400758e+02	
  1.5480000000000000e+04	 1.3601227022289916e+02	  1.3265302364939473e+02	
  1.5510000000000000e+04	 1.0693576319148545e+02	  1.4952121017277298e+02	
  1.5540000000000000e+04	 8.0535302591546014e+01	  1.6266893589081869e+02	
  1.5570000000000000e+04	 4.9792822453846561e+01	  1.7508315271814445e+02	
  1.5600000000000000e+04	 2.3722915564966218e+01	  1.8344215908247574e+02	
  1.5630000000000000e+04	 -2.5654012155865722e+00	  1.9657063660747372e+02	
  1.5660000000000000e+04	 -2.4910487990850406e+01	  2.0788942124978746e+02	
  1.5690000000000000e+04	 -5.6610594228355183e+01	  2.3079913451211817e+02	
  1.5720000000000000e+04	 -9.0338707270876881e+01	  2.4940244030122832e+02	
  1.5750000000000000e+04	 -1.1261347736537556e+02	  2.5968241601898069e+02	
  1.5780000000000000e+04	 -7.3613637213106614e+01	  2.4305414526505393e+02	
  1.5810000000000000e+04	 -4.4319777304338515e+01	  2.2532015730347672e+02	
  1.5840000000000000e+04	 -2.0552315158699834e+01	  2.1965498023236503e+02	
  1.5870000000000000e+04	 1.9127180876752277e+01	  1.9606106369939445e+02	
  1.5900000000000000e+04	 4.8869621005805399e+01	  1.8113254878746676e+02	
  1.5930000000000000e+04	 6.9851751716600603e+01	  1.7024785506234522e+02	
  1.5960000000000000e+04	 1.1159451779699904e+02	  1.5337013667710403e+02	
  1.5990000000000000e+04	 1.4755338046463362e+02	  1.2982748529172522e+02	
  1.6020000000000000e+04	 1.7563268496130513e+02	  1.1182396081240383e+02	
  1.6050000000000000e+04	 2.1574818873705408e+02	  9.1013302809996674e+01	
  1.6080000000000000e+04	 2.3928446700840919e+02	  7.7994558294892613e+01	
  1.6110000000000000e+04	 2.6154443358604357e+02	  6.8433869802052541e+01	
  1.6140000000000000e+04	 2.9818065768601929e+02	  5.3177931555658539e+01	
  1.6170000000000000e+04	 3.1637002276216356e+02	  4.5805632260344439e+01	
  1.6200000000000000e+04	 3.4687865061070568e+02	  3.0666310361003433e+01	
  1.6230000000000000e+04	 3.6240591539353181e+02	  1.7334817631512113e+01	
  1.6260000000000000e+04	 3.8611601639568818e+02	  1.9028105342366484e+00	
  1.6290000000000000e+04	 4.2766769910565199e+02	  -1.5920874305067708e+01	
  1.6320000000000000e+04	 4.5493229564975047e+02	  -2.9925675898422103e+01	
  1.6350000000000000e+04	 4.9198439155721627e+02	  -4.4805402445597451e+01	
  1.6380000000000000e+04	 5.3329313725367535e+02	  -6.8604073054012275e+01	
  1.6410000000000000e+04	 5.0455566188451252e+02	  -7.4020158695299926e+01	
  1.6440000000000000e+04	 4.7957987699143297e+02	  -7.5118265985768900e+01	
  1.6470000000000000e+04	 4.6069012202116022e+02	  -8.3817672893438584e+01	
  1.6500000000000000e+04	 4.2853862292794486e+02	  -9.9067716473621545e+01	
  1.6530000000000000e+04	 4.0226276488739222e+02	  -1.0492830601868320e+02	
  1.6560000000000000e+04	 3.6208187560208660e+02	  -1.1300423877428176e+02	
  1.6590000000000000e+04	 3.2440354913531058e+02	  -1.2196655165733577e+02	
  1.6620000000000000e+04	 2.8314680208982878e+02	  -1.3657295285035445e+02	
  1.6650000000000000e+04	 2.5325541493528439e+02	  -1.5020980115841465e+02	
  1.6680000000000000e+04	 2.2585133495766979e+02	  -1.5625856755056364e+02	
  1.6710000000000000e+04	 1.9949765572014638e+02	  -1.6714774175926169e+02	
  1.6740000000000000e+04	 1.6948405250572790e+02	  -1.7887570388195670e+02	
  1.6770000000000000e+04	 1.3060839439690884e+02	  -1.8580257439794048e+02	
  1.6800000000000000e+04	 9.6328401448650155e+01	  -1.9280179446470183e+02	
  1.6830000000000000e+04	 7.4918167250015685e+01	  -1.9742453031318510e+02	
  1.6860000000000000e+04	 4.4997487295147231e+01	  -2.0139959181848204e+02	
  1.6890000000000000e+04	 1.3135933750680319e+01	  -2.1220935193564560e+02	
  1.6920000000000000e+04	 -3.5372482004352349e+01	  -2.2828133598723394e+02	
  1.6950000000000000e+04	 -1.5789656824413481e+01	  -2.0245263573493338e+02	
  1.6980000000000000e+04	 5.0032797399480273e+00	  -1.8498410572269160e+02	
  1.7010000000000000e+04	 3.0417478661634206e+01	  -1.5554199509732086e+02	
  1.7040000000000000e+04	 4.2565241269392629e+01	  -1.4073165319273625e+02	
  1.7070000000000000e+04	 5.9818198993921769e+01	  -1.1240297356183282e+02	
  1.7100000000000000e+04	 8.5123411945448169e+01	  -8.5885024723156221e+01	
  1.7130000000000000e+04	 9.8288535686105703e+01	  -5.8435368533868619e+01	
  1.7160000000000000e+04	 1.3214612451465035e+02	  -1.8726219834439576e+01	
  1.7190000000000000e+04	 1.6061250561736122e+02	  1.1206232019314957e+01	
  1.7220000000000000e+04	 1.7088062143338485e+02	  3.0832661429385581e+01	
  1.7250000000000000e+04	 1.9483307552171607e+02	  7.0346029061941039e+01	
  1.7280000000000000e+04	 2.2176722114752769e+02	  9.7085291965198280e+01	
  1.7310000000000000e+04	 2.4718918207195972e+02	  1.2800745629376718e+02	
  1.7340000000000000e+04	 2.5951188065920081e+02	  1.5118119492304845e+02	
  1.7370000000000000e+04	 2.8483243051037397e+02	  1.8738007578413431e+02	
  1.7400000000000000e+04	 3.0787483984799627e+02	  2.1770929961091292e+02	
  1.7430000000000000e+04	 3.2320151726725499e+02	  2.3565433669992703e+02	
  1.7460000000000000e+04	 3.4515714675269732e+02	  2.7093345561873855e+02	
  1.7490000000000000e+04	 3.7256253653884249e+02	  3.0171042001510756e+02	
  1.7520000000000000e+04	 3.9589041990605881e+02	  3.2987234090112412e+02	
  1.7550000000000000e+04	 4.1016194162889207e+02	  3.5055194530482697e+02	
  1.7580000000000000e+04	 4.3432463679773474e+02	  3.8295059383230205e+02	
  1.7610000000000000e+04	 4.6226180442118186e+02	  4.1909742640218064e+02	
  1.7640000000000000e+04	 4.8569637559901918e+02	  4.4865852530873315e+02	
  1.7670000000000000e+04	 5.1690510354770959e+02	  4.8453710489328836e+02	
  1.7700000000000000e+04	 5.3666381324526844e+02	  5.1579540433745240e+02	
  1.7730000000000000e+04	 5.1637545693336756e+02	  5.0107380207468822e+02	
  1.7760000000000000e+04	 4.8269956566564946e+02	  4.6860312527660972e+02	
  1.7790000000000000e+04	 4.6510555739528354e+02	  4.4883732007036610e+02	
  1.7820000000000000e+04	 4.4745476328118446e+02	  4.3089011099482866e+02	
  1.7850000000000000e+04	 4.1493969556894535e+02	  4.0564971949346688e+02	
  1.7880000000000000e+04	 3.9204212509116530e+02	  3.8456090048323563e+02	
  1.7910000000000000e+04	 3.7999761872856652e+02	  3.7024467818272990e+02	
  1.7940000000000000e+04	 3.5584949234600458e+02	  3.4526838234734095e+02	
  1.7970000000000000e+04	 3.1880708151943617e+02	  3.1684376283588114e+02	
  1.8000000000000000e+04	 3.0573918260058394e+02	  3.0422006113485349e+02	
  1.8030000000000000e+04	 2.8028984140702084e+02	  2.7078549481201338e+02	
  1.8060000000000000e+04	 2.7687191011838843e+02	  2.7076960499251982e+02	
  1.8090000000000000e+04	 2.7816818430445323e+02	  2.6930825413348060e+02	
  1.8120000000000000e+04	 2.7792409796789298e+02	  2.6829833703948975e+02	
  1.8150000000000000e+04	 2.7841865952926202e+02	  2.6962435397851795e+02	
  1.8180000000000000e+04	 2.7985770803840870e+02	  2.6813103978152463e+02	
  1.8210000000000000e+04	 2.8044772960397364e+02	  2.6771697191540846e+02	
  1.8240000000000000e+04	 2.7882854298497915e+02	  2.6640742492244004e+02	
  1.8270000000000000e+04	 2.5862018722880839e+02	  2.5131633617500771e+02	
  1.8300000000000000e+04	 2.2185042838689390e+02	  2.1590540955416952e+02	
  1.8330000000000000e+04	 2.0220998729965621e+02	  2.0081456965897158e+02	
  1.8360000000000000e+04	 1.6548166383101835e+02	  1.6818877172346620e+02	
  1.8390000000000000e+04	 1.4137149973306381e+02	  1.4224610263566913e+02	
  1.8420000000000000e+04	 1.1857871137927366e+02	  1.2317311853145318e+02	
  1.8450000000000000e+04	 7.8510910125605548e+01	  9.2938742523997476e+01	
  1.8480000000000000e+04	 5.4000334199747059e+01	  7.2799709361556779e+01	
  1.8510000000000000e+04	 1.2599024012706934e+01	  9.6143861535352315e+01	
  1.8540000000000000e+04	 -9.4011932673096901e+00	  1.0331080465775759e+02	
  1.8570000000000000e+04	 -5.8621884653639682e+01	  1.2121948944488895e+02	
  1.8600000000000000e+04	 -1.0947308924554751e+02	  1.4361171342631854e+02	
  1.8630000000000000e+04	 -1.4884362548430261e+02	  1.6108114255457821e+02	
  1.8660000000000000e+04	 -1.9496463576179357e+02	  1.8130179438517627e+02	
  1.8690000000000000e+04	 -2.2430182376743920e+02	  1.9055317601905205e+02	
  1.8720000000000000e+04	 -2.6127708093430931e+02	  2.0435842586528273e+02	
  1.8750000000000000e+04	 -3.0090686863198408e+02	  2.1413572320801327e+02	
  1.8780000000000000e+04	 -3.3060097187163626e+02	  2.2440508327230958e+02	
  1.8810000000000000e+04	 -3.3114724815202226e+02	  2.2764146318552176e+02	
  1.8840000000000000e+04	 -3.2994865284072876e+02	  2.2661601407712106e+02	
  1.8870000000000000e+04	 -3.3101096239623399e+02	  2.2748724864604537e+02	
  1.8900000000000000e+04	 -3.2959763822960838e+02	  2.2942410036552096e+02	
  1.8930000000000000e+04	 -3.0710265952503204e+02	  2.3961735610362047e+02	
  1.8960000000000000e+04	 -2.5922533147299094e+02	  2.5709875419430881e+02	
  1.8990000000000000e+04	 -2.3181891758380058e+02	  2.7250439765157421e+02	
  1.9020000000000000e+04	 -2.1833053475913971e+02	  2.8332531291409566e+02	
  1.9050000000000000e+04	 -1.7510830075786350e+02	  3.0298581659670066e+02	
  1.9080000000000000e+04	 -1.3190069256132477e+02	  3.2587697790045621e+02	
  1.9110000000000000e+04	 -1.0310275990812715e+02	  3.3707315658411170e+02	
  1.9140000000000000e+04	 -8.3452085052021772e+01	  3.4647972713709169e+02	
  1.9170000000000000e+04	 -4.2647022090174872e+01	  3.6143693068891235e+02	
  1.9200000000000000e+04	 -1.6809329169188761e+01	  3.7720651287734307e+02	
  1.9230000000000000e+04	 1.0972577228167857e+01	  3.9635943129201479e+02	
  1.9260000000000000e+04	 4.1564905458640077e+01	  4.0762727554808407e+02	
  1.9290000000000000e+04	 7.2712009232070457e+01	  4.2926818346838223e+02	
  1.9320000000000000e+04	 1.1541273876739760e+02	  4.4495602278152529e+02	
  1.9350000000000000e+04	 1.4345062931436362e+02	  4.5674998692744492e+02	
  1.9380000000000000e+04	 1.6367457940351795e+02	  4.6949950488095158e+02	
  1.9410000000000000e+04	 1.9492824617718423e+02	  4.8374873680483472e+02	
  1.9440000000000000e+04	 2.0769916196619781e+02	  4.6681662765582973e+02	
  1.9470000000000000e+04	 2.2727243438492684e+02	  4.2783189154467823e+02	
  1.9500000000000000e+04	 2.3845902394991072e+02	  3.9901360342631330e+02	
  1.9530000000000000e+04	 2.6134470077044631e+02	  3.5486485597259446e+02	
  1.9560000000000000e+04	 2.7335549669862007e+02	  3.2292427678593316e+02	
  1.9590000000000000e+04	 2.5292530221675739e+02	  3.1108767689542333e+02	
  1.9620000000000000e+04	 2.2451670868445586e+02	  2.9332959810624948e+02	
  1.9650000000000000e+04	 1.9404330512497981e+02	  2.6720317926175449e+02	
  1.9680000000000000e+04	 1.5958718068317603e+02	  2.4328976018794518e+02	
  1.9710000000000000e+04	 1.3265949158995286e+02	  2.2310489493304840e+02	
  1.9740000000000000e+04	 1.0759730590840454e+02	  2.0322933961073451e+02	
  1.9770000000000000e+04	 8.7097634339735819e+01	  1.8974894762778973e+02	
  1.9800000000000000e+04	 5.1521277203536314e+01	  1.6433049403802818e+02	
  1.9830000000000000e+04	 3.2606157455086851e+01	  1.4362757861446030e+02	
  1.9860000000000000e+04	 1.0607617406122145e+00	  1.1094574816448792e+02	
  1.9890000000000000e+04	 -2.0068562214563290e+01	  9.4755684230861391e+01	
  1.9920000000000000e+04	 -3.9973770788767169e+01	  8.0051260859378004e+01	
  1.9950000000000000e+04	 -5.5877471819822503e+01	  6.8717576017437651e+01	
  1.9980000000000000e+04	 -8.4485874361907747e+01	  4.4659514044237149e+01	
  2.0010000000000000e+04	 -1.1666179339477861e+02	  2.0131309729845857e+01	
  2.0040000000000000e+04	 -1.3554894371059987e+02	  8.2860951015441664e+00	
  2.0070000000000000e+04	 -1.5091850866247751e+02	  -6.3993635558121689e+00	
  2.0100000000000000e+04	 -1.7713781006567078e+02	  -2.6730710133278354e+01	
  2.0130000000000000e+04	 -2.1050676122906555e+02	  -5.5696595488430134e+01	
  2.0160000000000000e+04	 -2.3057704846364291e+02	  -8.1114946749486791e+01	
  2.0190000000000000e+04	 -2.4453534984029471e+02	  -9.1927485935112031e+01	
  2.0220000000000000e+04	 -2.1845018153006959e+02	  -9.9970504465240765e+01	
  2.0250000000000000e+04	 -1.8001592039046494e+02	  -1.1648573874114462e+02	
  2.0280000000000000e+04	 -1.3795258018593995e+02	  -1.3442389109062594e+02	
  2.0310000000000000e+04	 -1.2005333270284267e+02	  -1.4098334011632645e+02	
  2.0340000000000000e+04	 -9.6383095989214667e+01	  -1.5554408958508347e+02	
  2.0370000000000000e+04	 -5.6013676348084090e+01	  -1.7899828350604645e+02	
  2.0400000000000000e+04	 -1.4086926566658676e+01	  -1.9664323632954859e+02	
  2.0430000000000000e+04	 1.1261417856653992e+01	  -2.1040501335568098e+02	
  2.0460000000000000e+04	 3.1743312166721047e+01	  -2.2198119801741606e+02	
  2.0490000000000000e+04	 5.6521392536551758e+01	  -2.3025768839724989e+02	
  2.0520000000000000e+04	 9.2105656985913299e+01	  -2.4358395427623032e+02	
  2.0550000000000000e+04	 1.1695084932425748e+02	  -2.5410077714021639e+02	
  2.0580000000000000e+04	 1.5718208733620574e+02	  -2.7648022270038371e+02	
  2.0610000000000000e+04	 1.9300437808611204e+02	  -2.9326851693599173e+02	
  2.0640000000000000e+04	 2.1523844530942563e+02	  -3.0215206521675913e+02	
  2.0670000000000000e+04	 2.4675953889659294e+02	  -3.1913381328120647e+02	
  2.0700000000000000e+04	 2.7692640608768386e+02	  -3.3017239792594052e+02	
  2.0730000000000000e+04	 3.0946598322449404e+02	  -3.4782961089012650e+02	
  2.0760000000000000e+04	 3.3768907955726849e+02	  -3.6340368248568740e+02	
  2.0790000000000000e+04	 3.5453674953732576e+02	  -3.7238894209499705e+02	
  2.0820000000000000e+04	 3.5481944594124673e+02	  -3.7347134962151938e+02	
  2.0850000000000000e+04	 3.5459603644425459e+02	  -3.7203375307662111e+02	
  2.0880000000000000e+04	 3.5561901835619727e+02	  -3.7028263267483322e+02	
  2.0910000000000000e+04	 3.5458457950419421e+02	  -3.6862944767163697e+02	
  2.0940000000000000e+04	 3.5359621509616812e+02	  -3.6723872045649796e+02	
  2.0970000000000000e+04	 3.3562673409819467e+02	  -3.4904232436199015e+02	
  2.1000000000000000e+04	 3.1838581479480331e+02	  -3.2012251716943234e+02	
  2.1030000000000000e+04	 3.0020763573321574e+02	  -3.0200177319468094e+02	
  2.1060000000000000e+04	 2.7430902041777927e+02	  -2.6995435248389009e+02	
  2.1090000000000000e+04	 2.4797969756310522e+02	  -2.3627536549740086e+02	
  2.1120000000000000e+04	 2.2818071166522381e+02	  -2.0640795034814761e+02	
  2.1150000000000000e+04	 1.9827383838800122e+02	  -1.7283429040145194e+02	
  2.1180000000000000e+04	 1.8256700877766326e+02	  -1.4587472259084618e+02	
  2.1210000000000000e+04	 1.5893949093509102e+02	  -1.1358684605861677e+02	
  2.1240000000000000e+04	 1.4190168255797946e+02	  -9.6296794790631935e+01	
  2.1270000000000000e+04	 1.2286422950934163e+02	  -7.1210502760069161e+01	
  2.1300000000000000e+04	 1.0256696405056607e+02	  -4.9154787831949932e+01	
  2.1330000000000000e+04	 7.8011604123810855e+01	  -8.9809493826751847e+00	
  2.1360000000000000e+04	 5.8468700645904725e+01	  1.8807083488771287e+01	
  2.1390000000000000e+04	 3.7546110697473964e+01	  4.6656570014279595e+01	
  2.1420000000000000e+04	 1.5179486264957212e+01	  7.2219398116728328e+01	
  2.1450000000000000e+04	 -1.9067856146125699e+00	  1.0601069185177089e+02	
  2.1480000000000000e+04	 -2.2076204003390497e+01	  1.3033494119108323e+02	
  2.1510000000000000e+04	 -3.7258451315822505e+01	  1.5570226624881494e+02	
  2.1540000000000000e+04	 -5.6061069881295360e+01	  1.8237416775290168e+02	
  2.1570000000000000e+04	 -8.0382180486349142e+01	  2.2498505955080736e+02	
  2.1600000000000000e+04	 -1.0032924844214611e+02	  2.4803833588243478e+02	
  2.1630000000000000e+04	 -1.1984654438590997e+02	  2.7881607591972158e+02	
  2.1660000000000000e+04	 -1.3755969326927362e+02	  2.9828424706417320e+02	
  2.1690000000000000e+04	 -1.5189965479988922e+02	  3.2249677852705594e+02	
  2.1720000000000000e+04	 -1.7261351960758680e+02	  3.5582783859754539e+02	
  2.1750000000000000e+04	 -1.8489494066486856e+02	  3.8211222524432890e+02	
  2.1780000000000000e+04	 -1.9929628463187487e+02	  3.9733798005109531e+02	
  2.1810000000000000e+04	 -2.1811723211710330e+02	  4.1880616797407481e+02	
  2.1840000000000000e+04	 -2.3197352879643745e+02	  4.3741790705823047e+02	
  2.1870000000000000e+04	 -2.6457440879743751e+02	  4.7094349003300937e+02	
  2.1900000000000000e+04	 -2.8755528686592112e+02	  4.8858010897050707e+02	
  2.1930000000000000e+04	 -3.1391640835731050e+02	  5.1219334477852465e+02	
  2.1960000000000000e+04	 -2.7316050113120014e+02	  5.0023127075343814e+02	
  2.1990000000000000e+04	 -2.3801575412353174e+02	  4.8703530459715034e+02	
  2.2020000000000000e+04	 -2.0471230000772502e+02	  4.7596671416125980e+02	
  2.2050000000000000e+04	 -1.6452368947946880e+02	  4.6463265115764534e+02	
  2.2080000000000000e+04	 -1.1632612759620690e+02	  4.5290811125045195e+02	
  2.2110000000000000e+04	 -7.9544471140472695e+01	  4.4671918491587269e+02	
  2.2140000000000000e+04	 -5.6197782380880440e+01	  4.4394753818553841e+02	
  2.2170000000000000e+04	 -2.8881689676899565e+01	  4.3855604468832252e+02	
  2.2200000000000000e+04	 1.3985274832556396e+01	  4.2378382193616886e+02	
  2.2230000000000000e+04	 4.8106301072157166e+01	  4.1194043583810372e+02	
  2.2260000000000000e+04	 8.4165098164317740e+01	  3.9872271100091189e+02	
  2.2290000000000000e+04	 1.0740311695649351e+02	  3.9297926675303182e+02	
  2.2320000000000000e+04	 1.4038318837535854e+02	  3.8280439386348746e+02	
  2.2350000000000000e+04	 1.6822858521147089e+02	  3.7068383180543611e+02	
  2.2380000000000000e+04	 2.1363530424655715e+02	  3.6014640626300377e+02	
  2.2410000000000000e+04	 2.3827607906168046e+02	  3.5559382846846700e+02	
  2.2440000000000000e+04	 2.6197268896323499e+02	  3.5129882862546998e+02	
  2.2470000000000000e+04	 2.9060330753209212e+02	  3.2220618178951497e+02	
  2.2500000000000000e+04	 3.2060100176080800e+02	  2.9576864637772115e+02	
  2.2530000000000000e+04	 3.4111036702338356e+02	  2.7817570063547947e+02	
  2.2560000000000000e+04	 3.6177870045007916e+02	  2.6730704353265679e+02	
  2.2590000000000000e+04	 4.0003549312537962e+02	  2.4172620676431231e+02	
  2.2620000000000000e+04	 4.1592831271091967e+02	  2.2848314640874963e+02	
  2.2650000000000000e+04	 4.5163730901324851e+02	  1.9568297463925228e+02	
  2.2680000000000000e+04	 4.8194526394221265e+02	  1.6691357739134119e+02	
  2.2710000000000000e+04	 5.1673453824852913e+02	  1.3985317474025692e+02	
  2.2740000000000000e+04	 5.1371749509935330e+02	  1.1776877148087942e+02	
  2.2770000000000000e+04	 5.0772027394059700e+02	  9.6432425890754402e+01	
  2.2800000000000000e+04	 4.9656223958195960e+02	  6.9547972833035232e+01	
  2.2830000000000000e+04	 4.8292954582542603e+02	  2.1329403853607296e+01	
  2.2860000000000000e+04	 4.7610596749437371e+02	  -1.6333956599471001e+01	
  2.2890000000000000e+04	 4.6776706991594074e+02	  -3.9566292520536280e+01	
  2.2920000000000000e+04	 4.6275238018644325e+02	  -6.5906718311678134e+01	
  2.2950000000000000e+04	 4.4852275220466504e+02	  -9.9287449761175651e+01	
  2.2980000000000000e+04	 4.3180007663343696e+02	  -1.4303995346963146e+02	
  2.3010000000000000e+04	 4.2833758168284544e+02	  -1.6864347994298140e+02	
  2.3040000000000000e+04	 4.1683595902059648e+02	  -2.0850031957381231e+02	
  2.3070000000000000e+04	 4.0350950269839512e+02	  -2.3999471194418112e+02	
  2.3100000000000000e+04	 3.9889863488357980e+02	  -2.7098038695860993e+02	
  2.3130000000000000e+04	 3.9661809141220459e+02	  -2.8919999455571258e+02	
  2.3160000000000000e+04	 3.8150320827566122e+02	  -3.2988201570576268e+02	
  2.3190000000000000e+04	 3.7513576693218818e+02	  -3.6149965859658681e+02	
  2.3220000000000000e+04	 3.7572513947106484e+02	  -3.6045678710771227e+02	
  2.3250000000000000e+04	 3.7380931824094660e+02	  -3.6238682596326333e+02	
  2.3280000000000000e+04	 3.7492419781652256e+02	  -3.6390009658132374e+02	
  2.3310000000000000e+04	 3.7420909995444197e+02	  -3.6315644486032380e+02	
  2.3340000000000000e+04	 3.7294019931179196e+02	  -3.6388320961393828e+02	
  2.3370000000000000e+04	 3.4361462406284380e+02	  -3.6940731784261123e+02	
  2.3400000000000000e+04	 3.0263159360355263e+02	  -3.6771722902657933e+02	
  2.3430000000000000e+04	 2.6620591772392066e+02	  -3.7279976831120246e+02	
  2.3460000000000000e+04	 2.2728593401927310e+02	  -3.7783508892605681e+02	
  2.3490000000000000e+04	 1.8055118916310354e+02	  -3.8366214687846355e+02	
  2.3520000000000000e+04	 1.4509790882526124e+02	  -3.8422330279074640e+02	
  2.3550000000000000e+04	 1.1075562429135061e+02	  -3.9033856380216167e+02	
  2.3580000000000000e+04	 7.4232851568850350e+01	  -3.9023713271612269e+02	
  2.3610000000000000e+04	 3.2576198269572274e+01	  -3.9532935335889113e+02	
  2.3640000000000000e+04	 -5.9945723996639870e+00	  -3.9247047396004183e+02	
  2.3670000000000000e+04	 -3.6616591695138389e+01	  -3.9757772942294923e+02	
  2.3700000000000000e+04	 -7.7912506885849808e+01	  -4.0139121659718973e+02	
  2.3730000000000000e+04	 -9.8323024855512699e+01	  -3.9857818232810985e+02	
  2.3760000000000000e+04	 -1.3000550929178542e+02	  -3.9679280004732567e+02	
  2.3790000000000000e+04	 -1.5225731734294123e+02	  -4.0200414781786480e+02	
  2.3820000000000000e+04	 -1.9533681465210412e+02	  -4.0432878495769120e+02	
  2.3850000000000000e+04	 -2.3155806235736085e+02	  -4.0235170903572384e+02	
  2.3880000000000000e+04	 -2.3771991236248951e+02	  -3.7247224042000795e+02	
  2.3910000000000000e+04	 -2.5318713574728207e+02	  -3.3419039044665334e+02	
  2.3940000000000000e+04	 -2.6401302825222308e+02	  -3.1046364842167264e+02	
  2.3970000000000000e+04	 -2.7735115433102857e+02	  -2.6730546968196506e+02	
  2.4000000000000000e+04	 -2.9353888990964714e+02	  -2.3627920129382161e+02	
  2.4030000000000000e+04	 -3.0761687597043920e+02	  -1.8902113965413002e+02	
  2.4060000000000000e+04	 -3.2160775889174079e+02	  -1.4120958678250832e+02	
  2.4090000000000000e+04	 -3.3870390213230820e+02	  -1.0959985655292954e+02	
  2.4120000000000000e+04	 -3.4208990061414067e+02	  -9.1497684834830977e+01	
  2.4150000000000000e+04	 -3.5149036244305734e+02	  -6.9832611241619105e+01	
  2.4180000000000000e+04	 -3.5998501133680020e+02	  -4.2253548009196791e+01	
  2.4210000000000000e+04	 -3.7335116435778696e+02	  1.2809157844454973e+00	
  2.4240000000000000e+04	 -3.9283333004597108e+02	  4.4762625874090048e+01	
  2.4270000000000000e+04	 -3.6261822028029798e+02	  1.2739688497721687e+01	
  2.4300000000000000e+04	 -3.3582809222669925e+02	  -1.4242066566605725e+01	
  2.4330000000000000e+04	 -3.0116633085277977e+02	  -4.2834332989569276e+01	
  2.4360000000000000e+04	 -2.8160225397743079e+02	  -5.8688527129548625e+01	
  2.4390000000000000e+04	 -2.5826157891163371e+02	  -8.1436558970665459e+01	
  2.4420000000000000e+04	 -2.3922116697710550e+02	  -1.0080432178510800e+02	
  2.4450000000000000e+04	 -2.1047852971213507e+02	  -1.3161915230209658e+02	
  2.4480000000000000e+04	 -1.9863007239604320e+02	  -1.4873443809708593e+02	
  2.4510000000000000e+04	 -1.6752274555937373e+02	  -1.8025444303529051e+02	
  2.4540000000000000e+04	 -1.4758225163097040e+02	  -1.9548717732867536e+02	
  2.4570000000000000e+04	 -1.1876398567045334e+02	  -2.1714889133728354e+02	
  2.4600000000000000e+04	 -9.5500851947190398e+01	  -2.4275354564608216e+02	
  2.4630000000000000e+04	 -6.5888663700096842e+01	  -2.6718507808760467e+02	
  2.4660000000000000e+04	 -3.6337143839808242e+01	  -2.9329065325394879e+02	
  2.4690000000000000e+04	 -3.0752988937179211e+00	  -3.2097356379563951e+02	
  2.4720000000000000e+04	 3.3615202430008409e+01	  -3.5404879433682180e+02	
  2.4750000000000000e+04	 5.9014334431755557e+01	  -3.7777460173270418e+02	
  2.4780000000000000e+04	 8.4447379472897637e+01	  -4.0120414278038396e+02	
  2.4810000000000000e+04	 1.0576227378344502e+02	  -4.1601422942929821e+02	
  2.4840000000000000e+04	 1.4041249415554807e+02	  -4.4914909520951181e+02	
  2.4870000000000000e+04	 1.6374388217073172e+02	  -4.7969556489747015e+02	
  2.4900000000000000e+04	 1.9963577424302011e+02	  -5.1054501948631849e+02	
  2.4930000000000000e+04	 2.1530814373784281e+02	  -5.2411891872267574e+02	
  2.4960000000000000e+04	 2.3683477440948135e+02	  -5.4392011360910453e+02	
  2.4990000000000000e+04	 2.6573948731610955e+02	  -5.7734321319958099e+02	
  2.5020000000000000e+04	 2.9640604616102229e+02	  -6.1157467395770675e+02	
  2.5050000000000000e+04	 3.2665457708344002e+02	  -6.4801055751855631e+02	
  2.5080000000000000e+04	 3.5272603584596447e+02	  -6.7609456224754251e+02	
  2.5110000000000000e+04	 3.7083154743715050e+02	  -6.9086751298933621e+02	
  2.5140000000000000e+04	 3.8866408224620113e+02	  -7.0338607198721354e+02	
  2.5170000000000000e+04	 3.4352064467344979e+02	  -7.0858231027889781e+02	
  2.5200000000000000e+04	 3.1583013132081220e+02	  -7.1026152073405092e+02	
  2.5230000000000000e+04	 2.7633961733004770e+02	  -7.1505378642816743e+02	
  2.5260000000000000e+04	 2.4722088773129968e+02	  -7.1366458499812052e+02	
  2.5290000000000000e+04	 2.0139784562127494e+02	  -7.1408731824644917e+02	
  2.5320000000000000e+04	 1.6234941874580554e+02	  -7.1897959409437624e+02	
  2.5350000000000000e+04	 1.3410348127181962e+02	  -7.1839461739113221e+02	
  2.5380000000000000e+04	 9.9884859823421436e+01	  -7.1945949256947699e+02	
  2.5410000000000000e+04	 6.7012825385581323e+01	  -7.2264613741271171e+02	
  2.5440000000000000e+04	 2.7498851812544494e+01	  -7.2742663451199314e+02	
  2.5470000000000000e+04	 1.1621323334445023e+01	  -7.3099989717953076e+02	
  2.5500000000000000e+04	 -1.7611157783781227e+01	  -7.3334968609411601e+02	
  2.5530000000000000e+04	 -6.1521369002735355e+01	  -7.3947798104105584e+02	
  2.5560000000000000e+04	 -1.0073750700502566e+02	  -7.3994650401110925e+02	
  2.5590000000000000e+04	 -1.4207832510955265e+02	  -7.3913661047231062e+02	
  2.5620000000000000e+04	 -1.8015598916634059e+02	  -7.4501491550306355e+02	
  2.5650000000000000e+04	 -2.0743327639656633e+02	  -7.4795330002946957e+02	
  2.5680000000000000e+04	 -2.3825665679274769e+02	  -7.5036456372642078e+02	
  2.5710000000000000e+04	 -2.7475172967596882e+02	  -7.4778735801351797e+02	
  2.5740000000000000e+04	 -3.0029228498721102e+02	  -7.5052363771969021e+02	
  2.5770000000000000e+04	 -3.2758520216941776e+02	  -7.4816604520774035e+02	
  2.5800000000000000e+04	 -3.6518531489870350e+02	  -7.5138323967581323e+02	
  2.5830000000000000e+04	 -3.9695508436528672e+02	  -7.5230084491260550e+02	
  2.5860000000000000e+04	 -4.2018549597708972e+02	  -7.4960178476141482e+02	
  2.5890000000000000e+04	 -4.4589419620876373e+02	  -7.4810585108242549e+02	
  2.5920000000000000e+04	 -4.7061512794547093e+02	  -7.4735000481476527e+02	
  2.5950000000000000e+04	 -4.8699778353669160e+02	  -7.4348409466015028e+02	
  2.5980000000000000e+04	 -5.0668771425260621e+02	  -7.4810618813228893e+02	
  2.6010000000000000e+04	 -5.4082007255037377e+02	  -7.5263971257749029e+02	
  2.6040000000000000e+04	 -5.6560750618920349e+02	  -7.5484447864560673e+02	
  2.6070000000000000e+04	 -5.4383336246746853e+02	  -7.2353781499004788e+02	
  2.6100000000000000e+04	 -5.1272231056080307e+02	  -6.8207334845925857e+02	
  2.6130000000000000e+04	 -5.0370388999769108e+02	  -6.6391170993216167e+02	
  2.6160000000000000e+04	 -4.8464887266168546e+02	  -6.2671523531320963e+02	
  2.6190000000000000e+04	 -4.6236509503900760e+02	  -6.0423682782605670e+02	
  2.6220000000000000e+04	 -4.3840115287492654e+02	  -5.6393004556038159e+02	
  2.6250000000000000e+04	 -4.2680736668701138e+02	  -5.4845470191605318e+02	
  2.6280000000000000e+04	 -4.1341866723109183e+02	  -5.3129255315775038e+02	
  2.6310000000000000e+04	 -3.8105541297370343e+02	  -4.9411337765671396e+02	
  2.6340000000000000e+04	 -3.5575869214492297e+02	  -4.5930461995137472e+02	
  2.6370000000000000e+04	 -3.3725935106168811e+02	  -4.3761294563433978e+02	
  2.6400000000000000e+04	 -3.1010383282109399e+02	  -3.9917096874470849e+02	
  2.6430000000000000e+04	 -2.8312663564432478e+02	  -3.6207420802181576e+02	
  2.6460000000000000e+04	 -2.5605852153146452e+02	  -3.2327202924875422e+02	
  2.6490000000000000e+04	 -2.3555862712448010e+02	  -2.8760253343205386e+02	
  2.6520000000000000e+04	 -2.2623218547791319e+02	  -2.6594196879680203e+02	
  2.6550000000000000e+04	 -2.0956879261973643e+02	  -2.3718475071471860e+02	
  2.6580000000000000e+04	 -1.7997026116414094e+02	  -1.9681932726218230e+02	
  2.6610000000000000e+04	 -1.6170259496737336e+02	  -1.7107509413633119e+02	
  2.6640000000000000e+04	 -1.3601633265549651e+02	  -1.4625640164907509e+02	
  2.6670000000000000e+04	 -1.1349732396634792e+02	  -1.1634582530448812e+02	
  2.6700000000000000e+04	 -8.2841237380630702e+01	  -8.4510811606306845e+01	
  2.6730000000000000e+04	 -9.4595024274240373e+01	  -1.1868892877591674e+02	
  2.6760000000000000e+04	 -1.0851925472922422e+02	  -1.4232523295698633e+02	
  2.6790000000000000e+04	 -1.2183934142991521e+02	  -1.7684156762723873e+02	
  2.6820000000000000e+04	 -1.3983352550320132e+02	  -2.1181546783224238e+02	
  2.6850000000000000e+04	 -1.5304291740187273e+02	  -2.3251425713330121e+02	
  2.6880000000000000e+04	 -1.7010459965124318e+02	  -2.5955697809248659e+02	
  2.6910000000000000e+04	 -1.8833940213751816e+02	  -3.0298611468757326e+02	
  2.6940000000000000e+04	 -1.9212805448369824e+02	  -3.2812960695818856e+02	
  2.6970000000000000e+04	 -2.0595974585410147e+02	  -3.6035554355342327e+02	
  2.7000000000000000e+04	 -2.1239154447202867e+02	  -3.8644027931432788e+02	
  2.7030000000000000e+04	 -2.2591795766893546e+02	  -4.1200133162214684e+02	
  2.7060000000000000e+04	 -2.4445124861474406e+02	  -4.4790264816873736e+02	
  2.7090000000000000e+04	 -2.5437045058716288e+02	  -4.7086723849283408e+02	
  2.7120000000000000e+04	 -2.6435336615190249e+02	  -5.1663670959830040e+02	
  2.7150000000000000e+04	 -2.6552383395904747e+02	  -5.1401858455035836e+02	
  2.7180000000000000e+04	 -2.6609767812839561e+02	  -5.1212031470737656e+02	
  2.7210000000000000e+04	 -2.6449254719535179e+02	  -5.1098523401732922e+02	
  2.7240000000000000e+04	 -2.2696186920318547e+02	  -5.0761046901772227e+02	
  2.7270000000000000e+04	 -1.7875502412822345e+02	  -5.1468416927684314e+02	
  2.7300000000000000e+04	 -1.3978565713694678e+02	  -5.1370888901913349e+02	
  2.7330000000000000e+04	 -1.0311210116601279e+02	  -5.1428037441580375e+02	
  2.7360000000000000e+04	 -6.6044202587103086e+01	  -5.1468099640609375e+02	
  2.7390000000000000e+04	 -6.4096827991982678e+01	  -5.1314325919260841e+02	
  2.7420000000000000e+04	 -9.6567537421528783e+01	  -4.9079667189994871e+02	
  2.7450000000000000e+04	 -1.3833838471099565e+02	  -4.6578131061675009e+02	
  2.7480000000000000e+04	 -1.5801369902463347e+02	  -4.4821226314086834e+02	
  2.7510000000000000e+04	 -1.9948152603775290e+02	  -4.2462670246697428e+02	
  2.7540000000000000e+04	 -2.3151243982737037e+02	  -3.9867637256907165e+02	
  2.7570000000000000e+04	 -2.5792902182421835e+02	  -3.8249829348082471e+02	
  2.7600000000000000e+04	 -3.0036083031892611e+02	  -3.5032774034158712e+02	
  2.7630000000000000e+04	 -3.3447403394370855e+02	  -3.3083039648079335e+02	
  2.7660000000000000e+04	 -3.5816377505324022e+02	  -3.1258402340832163e+02	
  2.7690000000000000e+04	 -3.8708423157797324e+02	  -2.9106513019999858e+02	
  2.7720000000000000e+04	 -4.0577851799940146e+02	  -2.7671127087956307e+02	
  2.7750000000000000e+04	 -4.2164022988913058e+02	  -2.5873988212573317e+02	
  2.7780000000000000e+04	 -4.6275014732336183e+02	  -2.3286386456543681e+02	
