  0.0000000000000000e+00	 -2.3772583670698629e+02	  -3.2866769906350549e+02	
  3.0000000000000000e+01	 -2.1104266768925166e+02	  -2.9689861105337258e+02	
  6.0000000000000000e+01	 -1.8033647498165149e+02	  -2.6866358060068194e+02	
  9.0000000000000000e+01	 -1.5719162719260572e+02	  -2.3996322482141738e+02	
  1.2000000000000000e+02	 -1.2592700891710949e+02	  -2.0698123529450260e+02	
  1.5000000000000000e+02	 -1.0140774113443300e+02	  -1.7964697929395311e+02	
  1.8000000000000000e+02	 -7.5118530014855338e+01	  -1.5375825508705651e+02	
  2.1000000000000000e+02	 -4.7782219251453654e+01	  -1.2018762362856017e+02	
  2.4000000000000000e+02	 -3.6068274343855819e+01	  -1.0661611564809898e+02	
  2.7000000000000000e+02	 -7.9025063595158045e+00	  -7.7456005362922085e+01	
  3.0000000000000000e+02	 2.4092708115752366e+01	  -4.5542432144219404e+01	
  3.3000000000000000e+02	 4.9843255773810796e+01	  -2.0104116471069229e+01	
  3.6000000000000000e+02	 7.7935091937468158e+01	  1.0527325931473836e+01	
  3.9000000000000000e+02	 1.0385251334999509e+02	  3.3041545101703520e+01	
  4.2000000000000000e+02	 1.3787306428669737e+02	  6.1056173084370087e+01	
  4.5000000000000000e+02	 1.5016134683413307e+02	  7.9162887973018854e+01	
  4.8000000000000000e+02	 1.6553404622767738e+02	  9.3055999044609194e+01	
  5.1000000000000000e+02	 1.9913274396349397e+02	  1.3132017874773064e+02	
  5.4000000000000000e+02	 2.2105705290457115e+02	  1.4184342653198291e+02	
  5.7000000000000000e+02	 2.6312362159785397e+02	  1.6325204094777439e+02	
  6.0000000000000000e+02	 2.8610072987712101e+02	  1.7639955184332720e+02	
  6.3000000000000000e+02	 3.1968308164110942e+02	  1.9017511230250878e+02	
  6.6000000000000000e+02	 3.6247425697611516e+02	  2.1796127931457033e+02	
  6.9000000000000000e+02	 4.0216794467544537e+02	  2.3924715274229024e+02	
  7.2000000000000000e+02	 4.4372886717809092e+02	  2.6360633696425833e+02	
  7.5000000000000000e+02	 4.7019202448978285e+02	  2.7978921743838850e+02	
  7.8000000000000000e+02	 4.8754260993872782e+02	  2.8926591474056869e+02	
  8.1000000000000000e+02	 4.5939587578636917e+02	  2.5073123782182131e+02	
  8.4000000000000000e+02	 4.3031457800732267e+02	  2.0876646152910598e+02	
  8.7000000000000000e+02	 4.0556859486120561e+02	  1.7341425595851825e+02	
  9.0000000000000000e+02	 3.9147936030105637e+02	  1.5690233432482034e+02	
  9.3000000000000000e+02	 3.6214409860792523e+02	  1.2094030004836313e+02	
  9.6000000000000000e+02	 3.4359324181385625e+02	  9.4713780308223733e+01	
  9.9000000000000000e+02	 3.1321909647709140e+02	  5.1172394419584805e+01	
  1.0200000000000000e+03	 3.0284725534242881e+02	  2.9938708646864214e+01	
  1.0500000000000000e+03	 2.8038941219068545e+02	  -7.8775334241070070e+00	
  1.0800000000000000e+03	 2.6357561891678807e+02	  -2.8577701889549960e+01	
  1.1100000000000000e+03	 2.5406349150287321e+02	  -4.7023808044585806e+01	
  1.1400000000000000e+03	 2.3863381048431333e+02	  -7.2624099963230364e+01	
  1.1700000000000000e+03	 2.2110155805324064e+02	  -9.3450435511475234e+01	
  1.2000000000000000e+03	 1.9417836277472048e+02	  -1.3428611040842443e+02	
  1.2300000000000000e+03	 1.8034553683456619e+02	  -1.5881253130289301e+02	
  1.2600000000000000e+03	 1.5940271384638169e+02	  -1.8740144418740385e+02	
  1.2900000000000000e+03	 1.3797544057891349e+02	  -2.1675849501886236e+02	
  1.3200000000000000e+03	 1.1418611780817307e+02	  -2.4584686483145035e+02	
  1.3500000000000000e+03	 8.4868941695336460e+01	  -2.8517598153824935e+02	
  1.3800000000000000e+03	 7.4140371293742916e+01	  -3.0886635290063367e+02	
  1.4100000000000000e+03	 4.7990476829818462e+01	  -3.3913596608900309e+02	
  1.4400000000000000e+03	 2.0289198199974443e+01	  -3.7913214334045205e+02	
  1.4700000000000000e+03	 -7.8030455657741769e+00	  -4.0962938218113197e+02	
  1.5000000000000000e+03	 -2.5462802016058134e+01	  -4.3584662483526597e+02	
  1.5300000000000000e+03	 -3.9861928447183800e+01	  -4.5748546265722985e+02	
  1.5600000000000000e+03	 -4.9957379323176113e+01	  -4.7947393206105642e+02	
  1.5900000000000000e+03	 -6.0722813195180720e+01	  -4.9853741787470420e+02	
  1.6200000000000000e+03	 -7.6030551414777150e+01	  -5.2460289958898784e+02	
  1.6500000000000000e+03	 -8.5525444945671993e+01	  -5.4693413383210373e+02	
  1.6800000000000000e+03	 -1.1417974279212636e+02	  -5.7618684231945656e+02	
  1.7100000000000000e+03	 -1.2493938428107538e+02	  -5.9661554548544507e+02	
  1.7400000000000000e+03	 -1.4839255046743330e+02	  -6.2318898618355320e+02	
  1.7700000000000000e+03	 -1.4867558213971301e+02	  -6.3084602744166887e+02	
  1.8000000000000000e+03	 -1.4831485528375541e+02	  -6.3087174386633910e+02	
  1.8300000000000000e+03	 -1.4724757885223076e+02	  -6.3203049263861544e+02	
  1.8600000000000000e+03	 -1.4822733074258272e+02	  -6.3041093151697737e+02	
  1.8900000000000000e+03	 -1.4774610619571715e+02	  -6.2934558610839906e+02	
  1.9200000000000000e+03	 -1.4951075967217110e+02	  -6.3133969168300905e+02	
  1.9500000000000000e+03	 -1.5056251975195630e+02	  -6.3117977244588405e+02	
  1.9800000000000000e+03	 -1.5197893890035414e+02	  -6.2976185686785539e+02	
  2.0100000000000000e+03	 -1.1597011270195523e+02	  -6.1845724205766135e+02	
  2.0400000000000000e+03	 -8.4836548011718122e+01	  -6.0387618294437539e+02	
  2.0700000000000000e+03	 -6.1368050654034860e+01	  -5.9923729399190438e+02	
  2.1000000000000000e+03	 -4.1485504850971736e+01	  -5.9162939037829130e+02	
  2.1300000000000000e+03	 -1.9910915045039573e+01	  -5.8547635811376551e+02	
  2.1600000000000000e+03	 4.1689108475412731e+00	  -5.7490519774618315e+02	
  2.1900000000000000e+03	 4.3558343288706666e+01	  -5.6183098328677374e+02	
  2.2200000000000000e+03	 7.0416418940752649e+01	  -5.5514814081966074e+02	
  2.2500000000000000e+03	 1.1627461194503434e+02	  -5.3341142644130559e+02	
  2.2800000000000000e+03	 1.5028492447816481e+02	  -5.1845789469723400e+02	
  2.3100000000000000e+03	 1.7151815047115051e+02	  -4.7775104264357731e+02	
  2.3400000000000000e+03	 1.8779784259220949e+02	  -4.4560247771635579e+02	
  2.3700000000000000e+03	 2.0832948419450571e+02	  -4.1123321779878057e+02	
  2.4000000000000000e+03	 2.2738596753230260e+02	  -3.7455633654406211e+02	
  2.4300000000000000e+03	 2.5152782796396372e+02	  -3.2792663754292278e+02	
  2.4600000000000000e+03	 2.6338592882958841e+02	  -3.0180932755038054e+02	
  2.4900000000000000e+03	 2.7705151759312537e+02	  -2.7047223638879569e+02	
  2.5200000000000000e+03	 2.9148006351426164e+02	  -2.3409596524464115e+02	
  2.5500000000000000e+03	 3.0246237552186881e+02	  -2.0490064990136148e+02	
  2.5800000000000000e+03	 3.1401679454337813e+02	  -1.7516070070978907e+02	
  2.6100000000000000e+03	 3.2420314996751205e+02	  -1.4670915338774660e+02	
  2.6400000000000000e+03	 3.4726259796647798e+02	  -1.0844484396559727e+02	
  2.6700000000000000e+03	 3.5909580795372602e+02	  -8.2818322294511574e+01	
  2.7000000000000000e+03	 3.8173109926697259e+02	  -4.1390125089122300e+01	
  2.7300000000000000e+03	 3.9590715812037416e+02	  -1.1946399723306367e+01	
  2.7600000000000000e+03	 4.0817851069304004e+02	  1.8037992696560384e+01	
  2.7900000000000000e+03	 4.1510228166723743e+02	  3.9545485823303665e+01	
  2.8200000000000000e+03	 3.9504746334978597e+02	  6.9630483104273040e+01	
  2.8500000000000000e+03	 3.8069830833604169e+02	  9.2215519627102339e+01	
  2.8800000000000000e+03	 3.5346829317280287e+02	  1.2527553842967629e+02	
  2.9100000000000000e+03	 3.2844316307699461e+02	  1.6210541943422416e+02	
  2.9400000000000000e+03	 3.0713117431312975e+02	  1.8362837819703785e+02	
  2.9700000000000000e+03	 2.8492569016367474e+02	  2.2775990261104931e+02	
  3.0000000000000000e+03	 2.7662261719170169e+02	  2.3202163369939115e+02	
  3.0300000000000000e+03	 2.7861382013794457e+02	  2.3232140883337706e+02	
  3.0600000000000000e+03	 2.7926264496768175e+02	  2.3175751886649863e+02	
  3.0900000000000000e+03	 2.7976008198129165e+02	  2.3215727543292357e+02	
  3.1200000000000000e+03	 2.7900364905322965e+02	  2.3156739145685182e+02	
  3.1500000000000000e+03	 2.7868258000024730e+02	  2.3120321867561128e+02	
  3.1800000000000000e+03	 2.7997776705607299e+02	  2.3117737704720801e+02	
  3.2100000000000000e+03	 2.8114889918389645e+02	  2.2954540048392664e+02	
  3.2400000000000000e+03	 2.6421397736387269e+02	  1.9284542594050956e+02	
  3.2700000000000000e+03	 2.5084163019749522e+02	  1.5552746348511982e+02	
  3.3000000000000000e+03	 2.4569893007756670e+02	  1.3383519291640067e+02	
  3.3300000000000000e+03	 2.3203476164629558e+02	  1.1404236806154350e+02	
  3.3600000000000000e+03	 2.1729565645182043e+02	  9.0268215279668141e+01	
  3.3900000000000000e+03	 1.9857872003634748e+02	  6.3315689336052031e+01	
  3.4200000000000000e+03	 1.8422839553508200e+02	  3.0964176139684675e+01	
  3.4500000000000000e+03	 1.7012206592161328e+02	  -3.2548340116986552e+00	
  3.4800000000000000e+03	 1.4819405910165932e+02	  -4.2918915867371581e+01	
  3.5100000000000000e+03	 1.3166321197105836e+02	  -7.5678585740004877e+01	
  3.5400000000000000e+03	 1.1524308186679632e+02	  -1.0158245185272671e+02	
  3.5700000000000000e+03	 9.8559130730693454e+01	  -1.3610276522813891e+02	
  3.6000000000000000e+03	 7.4809946770516149e+01	  -1.7202008362783201e+02	
  3.6300000000000000e+03	 4.4928417279587165e+01	  -1.5109465973874217e+02	
  3.6600000000000000e+03	 2.4470828754095812e+01	  -1.3138127666372571e+02	
  3.6900000000000000e+03	 -1.0563304120978351e+01	  -1.0272358051825302e+02	
  3.7200000000000000e+03	 -3.8281834915149851e+01	  -8.2524771921098349e+01	
  3.7500000000000000e+03	 -7.1967907256640160e+01	  -5.8775763566463262e+01	
  3.7800000000000000e+03	 -8.3714458708323122e+01	  -4.5143031245054118e+01	
  3.8100000000000000e+03	 -1.1995083401686387e+02	  -2.2532354625634191e+01	
  3.8400000000000000e+03	 -1.4858145667641074e+02	  5.0687287075410410e+00	
  3.8700000000000000e+03	 -1.6646947821631892e+02	  1.5710418341904834e+01	
  3.9000000000000000e+03	 -2.1006380519038589e+02	  4.1437216974010440e+01	
  3.9300000000000000e+03	 -2.3577023120347383e+02	  6.1164316376961594e+01	
  3.9600000000000000e+03	 -2.6641573203267592e+02	  8.5318212813229621e+01	
  3.9900000000000000e+03	 -2.9414461723931720e+02	  1.0566392336144838e+02	
  4.0200000000000000e+03	 -3.0590150238757212e+02	  1.1419121488976063e+02	
  4.0500000000000000e+03	 -3.3467425651849311e+02	  1.3648002755829816e+02	
  4.0800000000000000e+03	 -3.4942561051626393e+02	  1.5073161619317455e+02	
  4.1100000000000000e+03	 -3.7532553082195938e+02	  1.7343766360979475e+02	
  4.1400000000000000e+03	 -4.1257087721615244e+02	  2.0206941943944062e+02	
  4.1700000000000000e+03	 -4.4519999033847830e+02	  2.2215509953794029e+02	
  4.2000000000000000e+03	 -4.7677307852316642e+02	  2.4590427548838147e+02	
  4.2300000000000000e+03	 -5.1850642062946633e+02	  2.7445399247644650e+02	
  4.2600000000000000e+03	 -5.4287106301461233e+02	  2.9433200960202078e+02	
  4.2900000000000000e+03	 -5.6338429912204913e+02	  3.0623050467586546e+02	
  4.3200000000000000e+03	 -5.7691111156157149e+02	  3.1878002381003233e+02	
  4.3500000000000000e+03	 -6.0492205289576145e+02	  3.4572068826657591e+02	
  4.3800000000000000e+03	 -6.2694896883184595e+02	  3.6155658045019214e+02	
  4.4100000000000000e+03	 -6.6344079762167303e+02	  3.8696026332818815e+02	
  4.4400000000000000e+03	 -6.7582685083759861e+02	  4.0168566844030624e+02	
  4.4700000000000000e+03	 -6.3440549159239413e+02	  3.8708133616311721e+02	
  4.5000000000000000e+03	 -5.9518274566891660e+02	  3.7286558678645525e+02	
  4.5300000000000000e+03	 -5.7509758075653576e+02	  3.6826939382429680e+02	
  4.5600000000000000e+03	 -5.3231055773221976e+02	  3.5869282229642960e+02	
  4.5900000000000000e+03	 -5.0279063099922217e+02	  3.5352458484927183e+02	
  4.6200000000000000e+03	 -4.7623455326982992e+02	  3.4291537936117999e+02	
  4.6500000000000000e+03	 -4.4689051573647356e+02	  3.3043469329134786e+02	
  4.6800000000000000e+03	 -4.1083633108405417e+02	  3.2330273277682858e+02	
  4.7100000000000000e+03	 -3.9163797348185255e+02	  3.1809312766163765e+02	
  4.7400000000000000e+03	 -3.4857110677452158e+02	  3.0613335784854542e+02	
  4.7700000000000000e+03	 -3.1629205399323979e+02	  2.9801582707680006e+02	
  4.8000000000000000e+03	 -2.8560574823129389e+02	  2.8647625930605312e+02	
  4.8300000000000000e+03	 -2.5708740343351712e+02	  2.8194960504259564e+02	
  4.8600000000000000e+03	 -2.3328613002057961e+02	  2.7720042441556683e+02	
  4.8900000000000000e+03	 -1.8855754736482044e+02	  2.6810270152066596e+02	
  4.9200000000000000e+03	 -1.7377462799979264e+02	  2.5959886107445618e+02	
  4.9500000000000000e+03	 -1.2997836743126783e+02	  2.5169027556441165e+02	
  4.9800000000000000e+03	 -7.8894079586800700e+01	  2.3704377816502489e+02	
  5.0100000000000000e+03	 -2.9975489619582483e+01	  2.2138887739531768e+02	
  5.0400000000000000e+03	 1.5480470577066363e+01	  2.0859402624934597e+02	
  5.0700000000000000e+03	 5.1622811586621530e+01	  2.0009399153781533e+02	
  5.1000000000000000e+03	 8.6389198003031126e+01	  1.9367200900205626e+02	
  5.1300000000000000e+03	 1.2374259625103943e+02	  1.8420317921639256e+02	
  5.1600000000000000e+03	 1.5231799373282803e+02	  1.8082140326248208e+02	
  5.1900000000000000e+03	 1.9871285200940943e+02	  1.6682968996653094e+02	
  5.2200000000000000e+03	 2.4213147585920393e+02	  1.5212119894545208e+02	
  5.2500000000000000e+03	 2.7820779978203052e+02	  1.4327999852444742e+02	
  5.2800000000000000e+03	 2.9926102668665288e+02	  1.3889816059786821e+02	
  5.3100000000000000e+03	 3.2840000973732265e+02	  1.2492464361280128e+02	
  5.3400000000000000e+03	 3.6671733472607184e+02	  1.1690109417534204e+02	
  5.3700000000000000e+03	 4.0171856238352552e+02	  1.0490211492961657e+02	
  5.4000000000000000e+03	 4.2042572959931107e+02	  9.6619871747493448e+01	
  5.4300000000000000e+03	 4.5079388091419514e+02	  8.5742996767215558e+01	
  5.4600000000000000e+03	 4.9703842512332102e+02	  6.9532022174594729e+01	
  5.4900000000000000e+03	 5.2135572902762613e+02	  6.2960713582068799e+01	
  5.5200000000000000e+03	 5.5409486588324103e+02	  5.5125621640030609e+01	
  5.5500000000000000e+03	 5.8758175958038237e+02	  4.4325999960496553e+01	
  5.5800000000000000e+03	 6.0767744317442509e+02	  3.4098453509128042e+01	
  5.6100000000000000e+03	 6.3871987009881059e+02	  2.7262019682166844e+01	
  5.6400000000000000e+03	 6.7208400600522123e+02	  2.4790703368732924e+01	
  5.6700000000000000e+03	 6.9151868541352985e+02	  1.8394057029936747e+01	
  5.7000000000000000e+03	 7.1533710483599918e+02	  9.1698820400582903e+00	
  5.7300000000000000e+03	 7.3464705669661384e+02	  4.6036096897495327e+00	
  5.7600000000000000e+03	 7.3512986366374651e+02	  3.3038811488135944e+00	
  5.7900000000000000e+03	 7.3319492144279229e+02	  3.8481453000370078e+00	
  5.8200000000000000e+03	 7.3200470942658728e+02	  1.8704024339219352e+00	
  5.8500000000000000e+03	 7.3333430422251365e+02	  2.3524855573279133e+00	
  5.8800000000000000e+03	 7.3190328297378346e+02	  3.3440858571615952e+00	
  5.9100000000000000e+03	 7.3042844272126570e+02	  1.7602362519257597e+00	
  5.9400000000000000e+03	 7.2852300476714981e+02	  1.2557654622756411e+00	
  5.9700000000000000e+03	 6.9083006500122588e+02	  2.3865955521222229e+01	
  6.0000000000000000e+03	 6.5352369150154857e+02	  4.9305740402153432e+01	
  6.0300000000000000e+03	 6.3789636397706204e+02	  6.5212625319502706e+01	
  6.0600000000000000e+03	 6.0995393349362882e+02	  8.4411388173656277e+01	
  6.0900000000000000e+03	 5.8445379357182753e+02	  9.8239304531752609e+01	
  6.1200000000000000e+03	 5.4463531567185385e+02	  1.1852766181311853e+02	
  6.1500000000000000e+03	 5.1647784046483673e+02	  1.3851280806508402e+02	
  6.1800000000000000e+03	 4.7805913443230162e+02	  1.6950880165398840e+02	
  6.2100000000000000e+03	 4.5491874493200044e+02	  1.9047688463923478e+02	
  6.2400000000000000e+03	 4.3406990276047827e+02	  2.0453522892280307e+02	
  6.2700000000000000e+03	 4.1099349225146614e+02	  2.2401048623817923e+02	
  6.3000000000000000e+03	 3.8018561420842718e+02	  2.4600693731715563e+02	
  6.3300000000000000e+03	 3.4860732568605232e+02	  2.5797954905662237e+02	
  6.3600000000000000e+03	 3.0878078553931618e+02	  2.8317511643945699e+02	
  6.3900000000000000e+03	 2.7213064763405515e+02	  3.0571873750704816e+02	
  6.4200000000000000e+03	 2.3775541249310800e+02	  3.2724089164805400e+02	
  6.4500000000000000e+03	 2.3930525227834801e+02	  3.2787048975365713e+02	
  6.4800000000000000e+03	 2.3788545349852197e+02	  3.2940235907526284e+02	
  6.5100000000000000e+03	 2.2099180958941599e+02	  3.3302349355192558e+02	
  6.5400000000000000e+03	 1.6765937243582584e+02	  3.2830783610160103e+02	
  6.5700000000000000e+03	 1.2420287458010297e+02	  3.2382879409126224e+02	
  6.6000000000000000e+03	 8.7393255327173762e+01	  3.2611257231223107e+02	
  6.6300000000000000e+03	 5.8874465282514855e+01	  3.2533593606166068e+02	
  6.6600000000000000e+03	 2.4229342484957897e+01	  3.2243000464297756e+02	
  6.6900000000000000e+03	 -4.4053455897564149e+00	  3.2308064398201549e+02	
  6.7200000000000000e+03	 -4.9202413224325063e+01	  3.2313350104280141e+02	
  6.7500000000000000e+03	 -9.7196544266131866e+01	  3.2181495291631751e+02	
  6.7800000000000000e+03	 -1.0029895943795511e+02	  2.9262083328656092e+02	
  6.8100000000000000e+03	 -1.1155794303354685e+02	  2.6283947733526219e+02	
  6.8400000000000000e+03	 -1.1726966062921690e+02	  2.2881479058006192e+02	
  6.8700000000000000e+03	 -1.2133048584275772e+02	  2.1308021731426857e+02	
  6.9000000000000000e+03	 -1.2658302894124810e+02	  1.8786786480924994e+02	
  6.9300000000000000e+03	 -1.4055911626514273e+02	  1.3987128736516496e+02	
  6.9600000000000000e+03	 -1.4506452051625467e+02	  1.1133426193139965e+02	
  6.9900000000000000e+03	 -1.5788498749703660e+02	  8.3533251256718145e+01	
  7.0200000000000000e+03	 -1.6740786566288483e+02	  5.7933682781487150e+01	
  7.0500000000000000e+03	 -1.7543103476172175e+02	  2.2850871599624277e+01	
  7.0800000000000000e+03	 -1.8496865739436589e+02	  2.5455270634191400e+00	
  7.1100000000000000e+03	 -1.9147158108662202e+02	  -1.6449729580905590e+01	
  7.1400000000000000e+03	 -2.0489684793733801e+02	  -5.6416628563834315e+01	
  7.1700000000000000e+03	 -2.1839837960974651e+02	  -9.9584425040413123e+01	
  7.2000000000000000e+03	 -2.0886365777289475e+02	  -1.4339017681887225e+02	
  7.2300000000000000e+03	 -2.0232107437187514e+02	  -1.6185024612223373e+02	
  7.2600000000000000e+03	 -1.9523612673390426e+02	  -1.9350032570812814e+02	
  7.2900000000000000e+03	 -1.8833480040856102e+02	  -2.4335655847402069e+02	
  7.3200000000000000e+03	 -1.8455253458235231e+02	  -2.8883592074117558e+02	
  7.3500000000000000e+03	 -1.8292578426392092e+02	  -2.8828239471991651e+02	
  7.3800000000000000e+03	 -1.8150294177841909e+02	  -2.8956316077190991e+02	
  7.4100000000000000e+03	 -1.8258454917160381e+02	  -2.8982925767028416e+02	
  7.4400000000000000e+03	 -1.8415825591613748e+02	  -2.9067270788887345e+02	
  7.4700000000000000e+03	 -1.8446142856922958e+02	  -2.9198797576917781e+02	
  7.5000000000000000e+03	 -1.7275971647493833e+02	  -3.0869557011645401e+02	
  7.5300000000000000e+03	 -1.5546161974463803e+02	  -3.4323583817972542e+02	
  7.5600000000000000e+03	 -1.2794231985765354e+02	  -3.7859743284222191e+02	
  7.5900000000000000e+03	 -1.2060451610514498e+02	  -4.0186596067903741e+02	
  7.6200000000000000e+03	 -9.6449489639541156e+01	  -4.4309089434560951e+02	
  7.6500000000000000e+03	 -7.9433060164474313e+01	  -4.5747429661991760e+02	
  7.6800000000000000e+03	 -4.8894448251673126e+01	  -4.8631269038323182e+02	
  7.7100000000000000e+03	 -3.3412230684535778e+01	  -4.5967169182201610e+02	
  7.7400000000000000e+03	 -2.5582254700709747e+01	  -4.3803769035122912e+02	
  7.7700000000000000e+03	 -1.1091412509365217e+01	  -4.0740491561662839e+02	
  7.8000000000000000e+03	 1.1360050468531337e+01	  -3.6609091863091055e+02	
  7.8300000000000000e+03	 2.8830479889221213e+01	  -3.3476883293893934e+02	
  7.8600000000000000e+03	 4.7958204746004441e+01	  -3.0168263969996917e+02	
  7.8900000000000000e+03	 7.0700307334201170e+01	  -2.6291438998153427e+02	
  7.9200000000000000e+03	 7.5974919664901989e+01	  -2.2929785415740258e+02	
  7.9500000000000000e+03	 8.1509039540636238e+01	  -2.0917187896921672e+02	
  7.9800000000000000e+03	 8.8517658554639667e+01	  -1.8807528233312232e+02	
  8.0100000000000000e+03	 9.7464726335068391e+01	  -1.5001989614059653e+02	
  8.0400000000000000e+03	 1.0561468108965666e+02	  -1.0794520268003910e+02	
  8.0700000000000000e+03	 1.0928155051771390e+02	  -7.6413562504298426e+01	
  8.1000000000000000e+03	 1.1979627493691055e+02	  -4.1474911583676125e+01	
  8.1300000000000000e+03	 1.2559582305935655e+02	  -8.9931992859484851e+00	
  8.1600000000000000e+03	 1.3536083756532696e+02	  3.7148356735336513e+01	
  8.1900000000000000e+03	 1.4649784109673513e+02	  7.0508140225157860e+01	
  8.2200000000000000e+03	 1.5389590815960244e+02	  1.0764441294256005e+02	
  8.2500000000000000e+03	 1.5861108333627462e+02	  1.4863351556630903e+02	
  8.2800000000000000e+03	 1.6229094791703375e+02	  1.9684106584687061e+02	
  8.3100000000000000e+03	 1.7432760838014488e+02	  2.4007709863828148e+02	
  8.3400000000000000e+03	 1.7614432161288298e+02	  2.5708962779793626e+02	
  8.3700000000000000e+03	 1.8167353479204337e+02	  2.9216039672938524e+02	
  8.4000000000000000e+03	 1.8796164221652487e+02	  3.2620513756144220e+02	
  8.4300000000000000e+03	 1.9080891763580780e+02	  3.4102763605195491e+02	
  8.4600000000000000e+03	 1.9054455127553101e+02	  3.3999832709648774e+02	
  8.4900000000000000e+03	 1.8876789198276040e+02	  3.4178734449243979e+02	
  8.5200000000000000e+03	 1.8736343310916442e+02	  3.4094328263786309e+02	
  8.5500000000000000e+03	 1.8712928350078781e+02	  3.4199136014243146e+02	
  8.5800000000000000e+03	 1.8832707516727368e+02	  3.4390677761407306e+02	
  8.6100000000000000e+03	 1.9015962526435092e+02	  3.4554448944527201e+02	
  8.6400000000000000e+03	 2.0803743048197353e+02	  3.8359971358252415e+02	
  8.6700000000000000e+03	 2.2467637946282099e+02	  4.1756329202279795e+02	
  8.7000000000000000e+03	 2.3833214325973242e+02	  4.4299793644474522e+02	
  8.7300000000000000e+03	 2.6206545298832697e+02	  4.8372075227822705e+02	
  8.7600000000000000e+03	 2.7834870409077598e+02	  5.2702793479835020e+02	
  8.7900000000000000e+03	 2.9670725042919480e+02	  5.6234387298519857e+02	
  8.8200000000000000e+03	 3.0782228636635205e+02	  5.1641280285354117e+02	
  8.8500000000000000e+03	 3.0735151278916805e+02	  4.9594877009294731e+02	
  8.8800000000000000e+03	 3.1750183640567809e+02	  4.5791827006602557e+02	
  8.9100000000000000e+03	 3.3008273388970872e+02	  4.1516806392179319e+02	
  8.9400000000000000e+03	 3.3365156991533178e+02	  3.6781848377337019e+02	
  8.9700000000000000e+03	 3.4237086417007941e+02	  3.4009284850173680e+02	
  9.0000000000000000e+03	 3.4613905940903300e+02	  2.9662410042530581e+02	
  9.0300000000000000e+03	 3.5919122659340997e+02	  2.4362196519685619e+02	
  9.0600000000000000e+03	 3.6093815602330454e+02	  2.1063614077795484e+02	
  9.0900000000000000e+03	 3.6892627926693524e+02	  1.6706952207237333e+02	
  9.1200000000000000e+03	 3.8100940836845325e+02	  1.2344710469179741e+02	
  9.1500000000000000e+03	 3.8406464748468682e+02	  9.6765801610493867e+01	
  9.1800000000000000e+03	 3.9271410899031753e+02	  6.1667514295602821e+01	
  9.2100000000000000e+03	 4.0072104622868306e+02	  2.4313605908379564e+01	
  9.2400000000000000e+03	 3.9978557977851517e+02	  7.2898728678126190e-01	
  9.2700000000000000e+03	 4.0622861549003352e+02	  -2.1220664016120310e+01	
  9.3000000000000000e+03	 4.0822852454855314e+02	  -7.1790568134463811e+01	
  9.3300000000000000e+03	 4.0695117065446118e+02	  -7.2159135198552093e+01	
  9.3600000000000000e+03	 4.0511344551101990e+02	  -7.0363577757972266e+01	
  9.3900000000000000e+03	 4.0328228167790610e+02	  -7.2173654453286360e+01	
  9.4200000000000000e+03	 3.8308440206495754e+02	  -7.5961127966123584e+01	
  9.4500000000000000e+03	 3.4660391172971293e+02	  -9.5019463833195985e+01	
  9.4800000000000000e+03	 3.1264633613266665e+02	  -1.0630881760566440e+02	
  9.5100000000000000e+03	 2.8849721861476604e+02	  -1.1241211879740713e+02	
  9.5400000000000000e+03	 2.5156863323397928e+02	  -1.3175996814387386e+02	
  9.5700000000000000e+03	 2.1890418778008848e+02	  -1.4656637806652219e+02	
  9.6000000000000000e+03	 1.9749994585349350e+02	  -1.6087874323740758e+02	
  9.6300000000000000e+03	 1.7125395854563024e+02	  -1.6969174206520131e+02	
  9.6600000000000000e+03	 1.3761101249439781e+02	  -1.8247524756625245e+02	
  9.6900000000000000e+03	 1.0197570887191630e+02	  -1.9783374488821335e+02	
  9.7200000000000000e+03	 6.9703191075452352e+01	  -2.0844083372996138e+02	
  9.7500000000000000e+03	 4.9884305841954976e+01	  -2.1927037530657489e+02	
  9.7800000000000000e+03	 6.5704627078921263e+00	  -2.4022173403969603e+02	
  9.8100000000000000e+03	 -2.4863757886052234e+01	  -2.5550118872511868e+02	
  9.8400000000000000e+03	 -6.6696910210957100e+01	  -2.6688576841720294e+02	
  9.8700000000000000e+03	 -8.7439707225993303e+01	  -2.8110695579065180e+02	
  9.9000000000000000e+03	 -1.3409889205243010e+02	  -2.9755725172709941e+02	
  9.9300000000000000e+03	 -1.3625841113149488e+02	  -2.8024901675359740e+02	
  9.9600000000000000e+03	 -1.4030662861092122e+02	  -2.5666599082770739e+02	
  9.9900000000000000e+03	 -1.5006092089441401e+02	  -2.1614979555379534e+02	
  1.0020000000000000e+04	 -1.6288921064120169e+02	  -1.7272841926001985e+02	
  1.0050000000000000e+04	 -1.6559210899564394e+02	  -1.5110506719025440e+02	
  1.0080000000000000e+04	 -1.8322073655595119e+02	  -1.0466936074307421e+02	
  1.0110000000000000e+04	 -1.9055690585931538e+02	  -6.4157666098525254e+01	
  1.0140000000000000e+04	 -1.9551518050356253e+02	  -3.8069677215994311e+01	
  1.0170000000000000e+04	 -2.0560575183772508e+02	  -6.7193819712296516e+00	
  1.0200000000000000e+04	 -2.1513625892389970e+02	  2.3422164567094789e+01	
  1.0230000000000000e+04	 -2.2708628845352629e+02	  4.6027344324972297e+01	
  1.0260000000000000e+04	 -2.4476026431649760e+02	  8.7096814404684167e+01	
  1.0290000000000000e+04	 -2.5089469713484615e+02	  1.0893484217749892e+02	
  1.0320000000000000e+04	 -2.5688831160777329e+02	  1.4579929568784647e+02	
  1.0350000000000000e+04	 -2.6539240388426435e+02	  1.7581110312513943e+02	
  1.0380000000000000e+04	 -2.7691592393863692e+02	  2.0359996685141019e+02	
  1.0410000000000000e+04	 -2.8833562959091785e+02	  2.3089005620380067e+02	
  1.0440000000000000e+04	 -2.9925929339051214e+02	  2.7606431127312936e+02	
  1.0470000000000000e+04	 -3.1236779765007986e+02	  3.0447214996535820e+02	
  1.0500000000000000e+04	 -3.3024512257694937e+02	  3.4730712391793634e+02	
  1.0530000000000000e+04	 -3.4490680252283664e+02	  3.9208991642072607e+02	
  1.0560000000000000e+04	 -3.5790585825856812e+02	  4.2381939756800807e+02	
  1.0590000000000000e+04	 -3.6323519728846503e+02	  4.6133501257139091e+02	
  1.0620000000000000e+04	 -3.6754933755702029e+02	  4.8618361198125672e+02	
  1.0650000000000000e+04	 -3.7823804474135352e+02	  5.2611802996735150e+02	
  1.0680000000000000e+04	 -3.8904875355446814e+02	  5.7097673790422641e+02	
  1.0710000000000000e+04	 -3.6907834017002347e+02	  5.2467097963031483e+02	
  1.0740000000000000e+04	 -3.5599458524742715e+02	  4.9938674072868326e+02	
  1.0770000000000000e+04	 -3.4064977647631821e+02	  4.7868321946861738e+02	
  1.0800000000000000e+04	 -3.2019582984316924e+02	  4.3795149815164757e+02	
  1.0830000000000000e+04	 -2.9539263990614717e+02	  4.0243945351031545e+02	
  1.0860000000000000e+04	 -2.8571439334664529e+02	  3.7683865916255320e+02	
  1.0890000000000000e+04	 -2.7225031687998091e+02	  3.4912457210778553e+02	
  1.0920000000000000e+04	 -2.4658508362236824e+02	  3.0753669385800305e+02	
  1.0950000000000000e+04	 -2.3698013296249945e+02	  2.8672573324112579e+02	
  1.0980000000000000e+04	 -2.2175991647747719e+02	  2.6069853508517571e+02	
  1.1010000000000000e+04	 -2.1041290944958408e+02	  2.4472915827215064e+02	
  1.1040000000000000e+04	 -1.9353545917573982e+02	  2.0592726751861551e+02	
  1.1070000000000000e+04	 -1.7604050012917332e+02	  1.8343496956119259e+02	
  1.1100000000000000e+04	 -1.6029206077339032e+02	  1.5214351777629383e+02	
  1.1130000000000000e+04	 -1.4441344283461731e+02	  1.1648719644697684e+02	
  1.1160000000000000e+04	 -1.3052392352721373e+02	  9.0395855317882507e+01	
  1.1190000000000000e+04	 -1.1907035995514212e+02	  6.0081631156793122e+01	
  1.1220000000000000e+04	 -9.4635383836586499e+01	  2.1310497828081523e+01	
  1.1250000000000000e+04	 -8.3127242386878137e+01	  -2.8664845258491312e-01	
  1.1280000000000000e+04	 -6.7621176142179891e+01	  -2.3697539170649566e+01	
  1.1310000000000000e+04	 -5.6331936797063918e+01	  -5.6212680274434220e+01	
  1.1340000000000000e+04	 -3.7308322879843146e+01	  -9.9965546246901241e+01	
  1.1370000000000000e+04	 -2.1702145930455075e+01	  -1.1398629723731146e+02	
  1.1400000000000000e+04	 2.3969247150390700e+00	  -1.5548436164552263e+02	
  1.1430000000000000e+04	 1.0452132385832410e+01	  -1.7360420099525516e+02	
  1.1460000000000000e+04	 3.8459111198863496e+01	  -2.1489893137219491e+02	
  1.1490000000000000e+04	 5.5911461971611153e+01	  -2.4739507468907379e+02	
  1.1520000000000000e+04	 7.7221982646160399e+01	  -2.9183135964933791e+02	
  1.1550000000000000e+04	 1.0126720702361280e+02	  -3.3058995651427790e+02	
  1.1580000000000000e+04	 1.1418677981367982e+02	  -3.5325400794402634e+02	
  1.1610000000000000e+04	 1.2390387197236036e+02	  -3.6892339478727774e+02	
  1.1640000000000000e+04	 1.4114767533605198e+02	  -3.9242581878230197e+02	
  1.1670000000000000e+04	 1.6018302138116917e+02	  -4.2045725827119242e+02	
  1.1700000000000000e+04	 1.8023559946843045e+02	  -4.5951744795606891e+02	
  1.1730000000000000e+04	 1.9655505761473174e+02	  -5.0030581130208571e+02	
  1.1760000000000000e+04	 2.0617648401139809e+02	  -5.1923190313473287e+02	
  1.1790000000000000e+04	 2.0564358760627115e+02	  -5.1978973484665948e+02	
  1.1820000000000000e+04	 2.0388856177750441e+02	  -5.2055586241081210e+02	
  1.1850000000000000e+04	 2.0579061333812732e+02	  -5.1963214655080787e+02	
  1.1880000000000000e+04	 2.0714736838315116e+02	  -5.2101809000215644e+02	
  1.1910000000000000e+04	 1.8459257377767830e+02	  -5.1493427760494717e+02	
  1.1940000000000000e+04	 1.5698208702136668e+02	  -4.9697648510296347e+02	
  1.1970000000000000e+04	 1.3882648189854783e+02	  -4.8561708310495493e+02	
  1.2000000000000000e+04	 1.0369270417640041e+02	  -4.6877522975327980e+02	
  1.2030000000000000e+04	 7.9609347579575342e+01	  -4.6145061282700908e+02	
  1.2060000000000000e+04	 5.3590950713435888e+01	  -4.5218711043932200e+02	
  1.2090000000000000e+04	 1.9721744304500746e+01	  -4.2874337103832033e+02	
  1.2120000000000000e+04	 -2.2096122488372224e+01	  -4.0831852487797016e+02	
  1.2150000000000000e+04	 -3.6620398250029197e+01	  -3.9746038473328906e+02	
  1.2180000000000000e+04	 -7.7500039867868622e+01	  -3.7461766074417130e+02	
  1.2210000000000000e+04	 -1.2105942884999236e+02	  -3.5302751691802189e+02	
  1.2240000000000000e+04	 -1.5897169311394509e+02	  -3.3175220678747928e+02	
  1.2270000000000000e+04	 -1.8588985765061031e+02	  -3.1738431219252732e+02	
  1.2300000000000000e+04	 -2.2454468144837369e+02	  -2.9655474714038360e+02	
  1.2330000000000000e+04	 -2.5649752918139956e+02	  -2.8178396882377763e+02	
  1.2360000000000000e+04	 -2.7714276531564963e+02	  -2.7273761027708917e+02	
  1.2390000000000000e+04	 -3.1199924397978100e+02	  -2.4998149081543235e+02	
  1.2420000000000000e+04	 -3.5725869489382723e+02	  -2.2543137358685436e+02	
  1.2450000000000000e+04	 -3.8872933264211292e+02	  -2.0914031000599363e+02	
  1.2480000000000000e+04	 -4.2587226188128011e+02	  -1.9149215342250949e+02	
  1.2510000000000000e+04	 -4.4748731038756466e+02	  -1.7893352844415199e+02	
  1.2540000000000000e+04	 -4.9327383059736547e+02	  -1.5958881958674220e+02	
  1.2570000000000000e+04	 -5.2561833324272493e+02	  -1.4264925320966393e+02	
  1.2600000000000000e+04	 -5.4535886790875725e+02	  -1.2795352907880589e+02	
  1.2630000000000000e+04	 -5.7237807867493109e+02	  -1.0327815323219356e+02	
  1.2660000000000000e+04	 -5.6842846711035713e+02	  -7.8407611905120149e+01	
  1.2690000000000000e+04	 -5.6931067107041144e+02	  -3.1691834674578296e+01	
  1.2720000000000000e+04	 -5.7621999438214755e+02	  1.1495327808508847e+01	
  1.2750000000000000e+04	 -5.7341878636491936e+02	  3.3588601330783540e+01	
  1.2780000000000000e+04	 -5.7751499384935039e+02	  5.5738355683092145e+01	
  1.2810000000000000e+04	 -5.8320383997974875e+02	  8.9459185405301270e+01	
  1.2840000000000000e+04	 -5.8592654011122283e+02	  1.2198458329797941e+02	
  1.2870000000000000e+04	 -5.8276983135698879e+02	  1.4608835036702504e+02	
  1.2900000000000000e+04	 -5.8066076513150404e+02	  1.8255234674138589e+02	
  1.2930000000000000e+04	 -5.8074414497196801e+02	  2.0520569766549062e+02	
  1.2960000000000000e+04	 -5.7841215320421463e+02	  2.4935710133588603e+02	
  1.2990000000000000e+04	 -5.6189022934669117e+02	  2.3169842955879892e+02	
  1.3020000000000000e+04	 -5.4428558419967362e+02	  2.1037103753425404e+02	
  1.3050000000000000e+04	 -5.2538851145957346e+02	  1.8991549774913156e+02	
  1.3080000000000000e+04	 -4.9462091773816093e+02	  1.6504723432798824e+02	
  1.3110000000000000e+04	 -4.7529491548557291e+02	  1.4648305533300561e+02	
  1.3140000000000000e+04	 -4.5327120057615355e+02	  1.1816212658941632e+02	
  1.3170000000000000e+04	 -4.2608351464646103e+02	  9.7609829049719423e+01	
  1.3200000000000000e+04	 -3.9290820777159325e+02	  5.8063608945887260e+01	
  1.3230000000000000e+04	 -3.7505577180469680e+02	  4.5320705557835410e+01	
  1.3260000000000000e+04	 -3.4696733283185955e+02	  1.3178629480616351e+01	
  1.3290000000000000e+04	 -3.2470929063221143e+02	  -2.2776348188022304e+00	
  1.3320000000000000e+04	 -3.1116559146829076e+02	  -2.1338840765326097e+01	
  1.3350000000000000e+04	 -2.8180995110481172e+02	  -4.9542715869812433e+01	
  1.3380000000000000e+04	 -2.5359190168456013e+02	  -8.6612030648105460e+01	
  1.3410000000000000e+04	 -2.2285273880829482e+02	  -1.1590118292325391e+02	
  1.3440000000000000e+04	 -1.9142412270117057e+02	  -1.3831706626918651e+02	
  1.3470000000000000e+04	 -1.7184948357460016e+02	  -1.5597541039574836e+02	
  1.3500000000000000e+04	 -1.5030351778844954e+02	  -1.8274116430119324e+02	
  1.3530000000000000e+04	 -1.2116461160812507e+02	  -2.1178585373286410e+02	
  1.3560000000000000e+04	 -8.7468914412321425e+01	  -2.4631121336014297e+02	
  1.3590000000000000e+04	 -6.5506506911747351e+01	  -2.6919878080141143e+02	
  1.3620000000000000e+04	 -3.1110242245850444e+01	  -2.9786771847100579e+02	
  1.3650000000000000e+04	 -1.3977308336393051e+01	  -3.1121419037935982e+02	
  1.3680000000000000e+04	 6.5929164162346332e+00	  -3.3588571294534847e+02	
  1.3710000000000000e+04	 2.7522473217855680e+01	  -3.5330281549300548e+02	
  1.3740000000000000e+04	 6.1633448417415394e+01	  -3.8706719433847616e+02	
  1.3770000000000000e+04	 7.8485515636262733e+01	  -4.1252965637399552e+02	
  1.3800000000000000e+04	 1.0842867124892743e+02	  -4.4031748964970592e+02	
  1.3830000000000000e+04	 1.3159072269563953e+02	  -4.7233019349106519e+02	
  1.3860000000000000e+04	 1.6165742136251237e+02	  -5.0405910064777356e+02	
  1.3890000000000000e+04	 1.8196756221817739e+02	  -5.1892965079065368e+02	
  1.3920000000000000e+04	 1.8186802087266943e+02	  -5.1983923901085063e+02	
  1.3950000000000000e+04	 1.8271451673474755e+02	  -5.2074334148733647e+02	
  1.3980000000000000e+04	 1.8413673274915695e+02	  -5.1933140029857304e+02	
  1.4010000000000000e+04	 1.6917775244806100e+02	  -4.9187578202407997e+02	
  1.4040000000000000e+04	 1.5657422444281721e+02	  -4.6047517287164311e+02	
  1.4070000000000000e+04	 1.4571584934620958e+02	  -4.3490863698417814e+02	
  1.4100000000000000e+04	 1.3348129471524243e+02	  -4.1365128608942797e+02	
  1.4130000000000000e+04	 1.2781581478735735e+02	  -3.9314825356171661e+02	
  1.4160000000000000e+04	 1.1536871301900335e+02	  -3.6192735545021526e+02	
  1.4190000000000000e+04	 1.0979145994542654e+02	  -3.4184660830164535e+02	
  1.4220000000000000e+04	 9.3059464697789466e+01	  -3.0996272123800497e+02	
  1.4250000000000000e+04	 8.4218785958829173e+01	  -2.7756213440478984e+02	
  1.4280000000000000e+04	 6.5903255684168684e+01	  -2.3725939614640953e+02	
  1.4310000000000000e+04	 5.4300036522230272e+01	  -2.1101534787586229e+02	
  1.4340000000000000e+04	 3.2776016640464292e+01	  -1.6894575421041000e+02	
  1.4370000000000000e+04	 1.3058423510307179e+01	  -1.3382939554851976e+02	
  1.4400000000000000e+04	 -7.1988954401706984e+00	  -1.0264792166470423e+02	
  1.4430000000000000e+04	 -1.7731051648470455e+01	  -7.8504254331551934e+01	
  1.4460000000000000e+04	 -3.3599766223382417e+01	  -4.9464230380255906e+01	
  1.4490000000000000e+04	 -4.4664907588908534e+01	  -2.4531757906805620e+01	
  1.4520000000000000e+04	 -5.6933688936891002e+01	  4.7766817947763940e-01	
  1.4550000000000000e+04	 -7.4088135325902300e+01	  4.0309849721947963e+01	
  1.4580000000000000e+04	 -9.1011157348659836e+01	  8.3542408090190293e+01	
  1.4610000000000000e+04	 -1.0258360611981773e+02	  1.1702698678686814e+02	
  1.4640000000000000e+04	 -7.8407409292819494e+01	  8.8561620997380203e+01	
  1.4670000000000000e+04	 -5.8959260399195124e+01	  5.5197258854537495e+01	
  1.4700000000000000e+04	 -3.1124660745962075e+01	  1.6334941893986596e+01	
  1.4730000000000000e+04	 -8.3256846981765555e+00	  -9.2677275204254848e+00	
  1.4760000000000000e+04	 1.3557029575007856e+01	  -3.5628520392152311e+01	
  1.4790000000000000e+04	 3.2275371699256851e+01	  -5.8353186439088219e+01	
  1.4820000000000000e+04	 5.8774308315454405e+01	  -8.5520095439302253e+01	
  1.4850000000000000e+04	 8.1202406624374277e+01	  -1.1124243742851716e+02	
  1.4880000000000000e+04	 9.6465326142247918e+01	  -1.3627216076682515e+02	
  1.4910000000000000e+04	 1.2144376995741145e+02	  -1.7118695664075727e+02	
  1.4940000000000000e+04	 1.4246315249179818e+02	  -2.0113281466732099e+02	
  1.4970000000000000e+04	 1.6645807438862894e+02	  -2.3611125851138365e+02	
  1.5000000000000000e+04	 1.9296807260533186e+02	  -2.6928944685830965e+02	
  1.5030000000000000e+04	 2.1559461963358126e+02	  -3.0342241322833536e+02	
  1.5060000000000000e+04	 2.3631171695573420e+02	  -3.2788515334155460e+02	
  1.5090000000000000e+04	 2.6842020220274389e+02	  -3.6354049195532690e+02	
  1.5120000000000000e+04	 2.9088666702404902e+02	  -3.8875356820413560e+02	
  1.5150000000000000e+04	 3.1108817277398180e+02	  -4.1451989614075103e+02	
  1.5180000000000000e+04	 3.2303812446554173e+02	  -4.3128744198896328e+02	
  1.5210000000000000e+04	 3.4146794980732886e+02	  -4.5204153619590022e+02	
  1.5240000000000000e+04	 3.5619709464907010e+02	  -4.7336583538428880e+02	
  1.5270000000000000e+04	 3.7847927137398142e+02	  -5.0097956992685675e+02	
  1.5300000000000000e+04	 4.0623406202230774e+02	  -5.3465505155070218e+02	
  1.5330000000000000e+04	 4.1897043108365716e+02	  -5.5552260931710896e+02	
  1.5360000000000000e+04	 3.8139319897647374e+02	  -5.4737000552369113e+02	
  1.5390000000000000e+04	 3.4060815688730997e+02	  -5.4062601009100365e+02	
  1.5420000000000000e+04	 3.2266551851071085e+02	  -5.3895410583059913e+02	
  1.5450000000000000e+04	 3.0218978060954873e+02	  -4.9687235374421630e+02	
  1.5480000000000000e+04	 2.8062228745948289e+02	  -4.5620036594098332e+02	
  1.5510000000000000e+04	 2.5291246307248281e+02	  -4.1261207205768125e+02	
  1.5540000000000000e+04	 2.3061175342052732e+02	  -3.8512841022473191e+02	
  1.5570000000000000e+04	 2.1041243024538966e+02	  -3.4288026754275171e+02	
  1.5600000000000000e+04	 2.0147223629702950e+02	  -3.1426919177499292e+02	
  1.5630000000000000e+04	 1.8778307185982874e+02	  -2.9242600966911232e+02	
  1.5660000000000000e+04	 1.6671011449605442e+02	  -2.5394078295919232e+02	
  1.5690000000000000e+04	 1.5676515085964775e+02	  -2.3076014122525373e+02	
  1.5720000000000000e+04	 1.2994859743463741e+02	  -1.9117196035322115e+02	
  1.5750000000000000e+04	 1.1023981427512592e+02	  -1.4653381273919209e+02	
  1.5780000000000000e+04	 9.4191737832695736e+01	  -1.2519985182520389e+02	
  1.5810000000000000e+04	 7.7355678920403847e+01	  -9.7527726526444638e+01	
  1.5840000000000000e+04	 5.4066932580425103e+01	  -6.0753215004303279e+01	
  1.5870000000000000e+04	 4.0953975106003554e+01	  -3.5812862233002043e+01	
  1.5900000000000000e+04	 2.6902119155796228e+01	  -1.4135499067217674e+01	
  1.5930000000000000e+04	 2.8254291537011895e+01	  -1.5000553844916910e+01	
  1.5960000000000000e+04	 2.6777892113482338e+01	  -1.3888623360309470e+01	
  1.5990000000000000e+04	 2.7320494317550491e+01	  -1.4922922677888543e+01	
  1.6020000000000000e+04	 -1.0473060062641316e+01	  1.2816038279882399e+01	
  1.6050000000000000e+04	 -2.3243078093696980e+01	  2.0710257414376109e+01	
  1.6080000000000000e+04	 -2.1952752449687516e+01	  2.2081278408429295e+01	
  1.6110000000000000e+04	 -2.0176391776173741e+01	  2.3153882055546575e+01	
  1.6140000000000000e+04	 -1.9426000942004819e+01	  2.1483872270712567e+01	
  1.6170000000000000e+04	 -1.6789382115653169e+01	  4.1261940399168353e+01	
  1.6200000000000000e+04	 -1.2433254231493724e+01	  6.7732821952314495e+01	
  1.6230000000000000e+04	 -9.7542984117995388e+00	  8.8841871969909960e+01	
  1.6260000000000000e+04	 -2.0706237388720732e+00	  1.2148848574619544e+02	
  1.6290000000000000e+04	 6.2113590280129101e+00	  1.4361706781870956e+02	
  1.6320000000000000e+04	 1.2375476245952168e+01	  1.9217870180050571e+02	
  1.6350000000000000e+04	 1.9293313305197007e+01	  2.3155900384031395e+02	
  1.6380000000000000e+04	 2.8465954763941411e+01	  2.8123812487051333e+02	
  1.6410000000000000e+04	 3.8101972727653184e+01	  3.1773598540852583e+02	
  1.6440000000000000e+04	 4.5602174994403136e+01	  3.4966978209411832e+02	
  1.6470000000000000e+04	 7.6101368421662627e+00	  3.7074130665416891e+02	
  1.6500000000000000e+04	 -2.5380344345608158e+01	  3.9481204158801489e+02	
  1.6530000000000000e+04	 -7.1109726480744428e+01	  4.1330856156602852e+02	
  1.6560000000000000e+04	 -1.0755646666747187e+02	  4.3008000070323743e+02	
  1.6590000000000000e+04	 -1.4910765875647351e+02	  4.5531512335254024e+02	
  1.6620000000000000e+04	 -1.7992517406915584e+02	  4.7322439528588853e+02	
  1.6650000000000000e+04	 -2.1884915203847555e+02	  4.9558603440734993e+02	
  1.6680000000000000e+04	 -2.3839682529234787e+02	  5.0796117544021826e+02	
  1.6710000000000000e+04	 -2.2949786834522058e+02	  4.8472303940877208e+02	
  1.6740000000000000e+04	 -2.1587319596053754e+02	  4.6293653010474515e+02	
  1.6770000000000000e+04	 -1.9716757395422479e+02	  4.3679645565698871e+02	
  1.6800000000000000e+04	 -1.8628669301412262e+02	  4.1815441535883349e+02	
  1.6830000000000000e+04	 -1.6938799277650253e+02	  3.9229261566371241e+02	
  1.6860000000000000e+04	 -1.5095011833852149e+02	  3.6550820308043177e+02	
  1.6890000000000000e+04	 -1.3449143425980753e+02	  3.4207957419457273e+02	
  1.6920000000000000e+04	 -1.2572907258670310e+02	  3.2836017469428958e+02	
  1.6950000000000000e+04	 -1.0693051334327539e+02	  2.9272285448232134e+02	
  1.6980000000000000e+04	 -9.6341854391727907e+01	  2.7747413555185199e+02	
  1.7010000000000000e+04	 -7.9835405827217627e+01	  2.5669347802399886e+02	
  1.7040000000000000e+04	 -5.3790588292716933e+01	  2.1161703272410898e+02	
  1.7070000000000000e+04	 -3.8001649586381490e+01	  1.8218641067252236e+02	
  1.7100000000000000e+04	 -1.4450320475357788e+01	  1.5090689088750409e+02	
  1.7130000000000000e+04	 2.5657870090446160e+00	  1.2640869374279472e+02	
  1.7160000000000000e+04	 2.4738806182731842e+01	  9.1055665961245097e+01	
  1.7190000000000000e+04	 4.6239553384195347e+01	  5.6576397814191623e+01	
  1.7220000000000000e+04	 6.6790094773219067e+01	  3.1079898189613665e+01	
  1.7250000000000000e+04	 8.9660906812700489e+01	  -6.0591573414370075e+00	
  1.7280000000000000e+04	 1.0620977987483556e+02	  -3.0573580818123499e+01	
  1.7310000000000000e+04	 1.3133268350182348e+02	  -6.9111483474125620e+01	
  1.7340000000000000e+04	 1.4547883761571580e+02	  -8.4701148907831794e+01	
  1.7370000000000000e+04	 1.6336565058163026e+02	  -1.2141282737588097e+02	
  1.7400000000000000e+04	 1.7856634838863150e+02	  -1.4492730696717837e+02	
  1.7430000000000000e+04	 1.9655616636777899e+02	  -1.7857114894056710e+02	
  1.7460000000000000e+04	 2.1568310340549846e+02	  -2.1459432442463554e+02	
  1.7490000000000000e+04	 2.4734797207477536e+02	  -2.5463076616143587e+02	
  1.7520000000000000e+04	 2.5816317908572933e+02	  -2.7001003304668404e+02	
  1.7550000000000000e+04	 2.7426068668170609e+02	  -2.9287841127592282e+02	
  1.7580000000000000e+04	 2.9013927775748243e+02	  -3.2546270985553201e+02	
  1.7610000000000000e+04	 3.1088173017777387e+02	  -3.5815160701152587e+02	
  1.7640000000000000e+04	 3.2324979365032630e+02	  -3.7510214470295324e+02	
  1.7670000000000000e+04	 3.3069173428665033e+02	  -3.7476900720230481e+02	
  1.7700000000000000e+04	 3.3248988677050318e+02	  -3.7498142024925340e+02	
  1.7730000000000000e+04	 3.3134875033220192e+02	  -3.7547152897979447e+02	
  1.7760000000000000e+04	 3.3151267443880721e+02	  -3.7367513297771683e+02	
  1.7790000000000000e+04	 3.3158699527747439e+02	  -3.7368760143807691e+02	
  1.7820000000000000e+04	 3.3139263694719182e+02	  -3.7334875477266615e+02	
  1.7850000000000000e+04	 3.3097665902206080e+02	  -3.7249743624981477e+02	
  1.7880000000000000e+04	 3.3031958925556921e+02	  -3.7208422691012964e+02	
  1.7910000000000000e+04	 2.9843337970999511e+02	  -3.6962720676975727e+02	
  1.7940000000000000e+04	 2.7384753757751810e+02	  -3.6172316040734057e+02	
  1.7970000000000000e+04	 2.3458903608552663e+02	  -3.5805050019637633e+02	
  1.8000000000000000e+04	 1.9348361643461342e+02	  -3.5008610181514928e+02	
  1.8030000000000000e+04	 1.5729711986519419e+02	  -3.3905455073612302e+02	
  1.8060000000000000e+04	 1.2539709924851635e+02	  -3.3622523529939645e+02	
  1.8090000000000000e+04	 1.0154892911153081e+02	  -3.3462523549297021e+02	
  1.8120000000000000e+04	 8.3194781778166714e+01	  -3.3370780327003450e+02	
  1.8150000000000000e+04	 4.9916194211901171e+01	  -3.2447824527003462e+02	
  1.8180000000000000e+04	 1.6697967211524940e+01	  -3.2348914732532637e+02	
  1.8210000000000000e+04	 -1.7991380954499476e+00	  -3.1812888590582190e+02	
  1.8240000000000000e+04	 -5.0124601408147626e+01	  -3.0610231482990616e+02	
  1.8270000000000000e+04	 -8.0235812763937673e+01	  -3.0426196844832020e+02	
  1.8300000000000000e+04	 -1.0718784953912029e+02	  -2.9520746043307997e+02	
  1.8330000000000000e+04	 -1.4633105524931273e+02	  -2.8899166541819324e+02	
  1.8360000000000000e+04	 -1.8649689651614858e+02	  -2.8720883459115470e+02	
  1.8390000000000000e+04	 -1.8838246879603238e+02	  -2.8646952210471750e+02	
  1.8420000000000000e+04	 -1.8859599414759614e+02	  -2.8810525254239889e+02	
  1.8450000000000000e+04	 -1.4415849363433824e+02	  -3.0332064834280214e+02	
  1.8480000000000000e+04	 -1.0777579351904274e+02	  -3.2700304524259468e+02	
  1.8510000000000000e+04	 -8.8752189225133151e+01	  -3.4197905037306953e+02	
  1.8540000000000000e+04	 -5.1715397307694175e+01	  -3.6484777329399782e+02	
  1.8570000000000000e+04	 -7.1279101299403891e+00	  -3.8165252740972477e+02	
  1.8600000000000000e+04	 2.0244854846775503e+01	  -3.9308694707540639e+02	
  1.8630000000000000e+04	 3.4480922553706833e+01	  -3.9743051453070035e+02	
  1.8660000000000000e+04	 6.3128488300493807e+01	  -4.1310308475112902e+02	
  1.8690000000000000e+04	 8.3659847870177870e+01	  -4.2646816404941035e+02	
  1.8720000000000000e+04	 9.9759054614943395e+01	  -4.4091025468508337e+02	
  1.8750000000000000e+04	 1.2647303394155716e+02	  -4.4933885795570342e+02	
  1.8780000000000000e+04	 1.1826982835149991e+02	  -4.0064107409873901e+02	
  1.8810000000000000e+04	 1.1825742373573911e+02	  -3.6325120574945038e+02	
  1.8840000000000000e+04	 1.1128060794090462e+02	  -3.2691210534393826e+02	
  1.8870000000000000e+04	 1.0936511683728413e+02	  -2.9785222747326566e+02	
  1.8900000000000000e+04	 1.0519930573505569e+02	  -2.5206096048907091e+02	
  1.8930000000000000e+04	 1.0255045067152345e+02	  -2.0614142475533362e+02	
  1.8960000000000000e+04	 9.5888748665674385e+01	  -1.6047617064023794e+02	
  1.8990000000000000e+04	 8.8095744587552957e+01	  -1.3510801956655678e+02	
  1.9020000000000000e+04	 8.2971109563675910e+01	  -1.0685067634426522e+02	
  1.9050000000000000e+04	 8.1440810823510731e+01	  -6.3474363100131526e+01	
  1.9080000000000000e+04	 7.3314575728416614e+01	  -2.9614122390307010e+01	
  1.9110000000000000e+04	 6.4985954442484100e+01	  9.1233560610150235e+00	
  1.9140000000000000e+04	 5.5170544871998572e+01	  5.2152543045508587e+01	
  1.9170000000000000e+04	 4.7830003168242840e+01	  9.6918638798190983e+01	
  1.9200000000000000e+04	 4.3817601798775478e+01	  1.3548276483824674e+02	
  1.9230000000000000e+04	 3.8232247427224443e+01	  1.7317314811127289e+02	
  1.9260000000000000e+04	 3.3185453185771095e+01	  2.0432225063002440e+02	
  1.9290000000000000e+04	 3.5474484938877517e+01	  2.2735860731080490e+02	
  1.9320000000000000e+04	 3.2330109683344801e+01	  2.7690404948078026e+02	
  1.9350000000000000e+04	 2.9815293933459479e+01	  3.2700672985376542e+02	
  1.9380000000000000e+04	 2.4724974817892708e+01	  3.5357289856034396e+02	
  1.9410000000000000e+04	 2.2459632850965953e+01	  4.0350892952200650e+02	
  1.9440000000000000e+04	 1.9467389928721150e+01	  4.4313740351082072e+02	
  1.9470000000000000e+04	 1.3831153677544350e+01	  4.7614161808478173e+02	
  1.9500000000000000e+04	 4.2985441595233080e+00	  5.2643623404199684e+02	
  1.9530000000000000e+04	 -7.3207352551645162e+00	  5.6237081834461878e+02	
  1.9560000000000000e+04	 -7.4740986155305835e+00	  5.9401854604293953e+02	
  1.9590000000000000e+04	 -1.2047459987352347e+01	  6.2141155835650625e+02	
  1.9620000000000000e+04	 -1.2054879994146761e+01	  6.1944644292841679e+02	
  1.9650000000000000e+04	 -1.1112437110406921e+01	  6.1976608956509654e+02	
  1.9680000000000000e+04	 -1.0517621870964495e+01	  6.1967566546970170e+02	
  1.9710000000000000e+04	 -9.0941306706851037e+00	  6.2154130414794008e+02	
  1.9740000000000000e+04	 -1.1014583724894141e+01	  6.2129852758685126e+02	
  1.9770000000000000e+04	 -1.0721145795475767e+01	  6.2278521491470076e+02	
  1.9800000000000000e+04	 -1.1368783328022936e+01	  6.2304777113243449e+02	
  1.9830000000000000e+04	 -1.2417003764133135e+01	  6.2127408160391337e+02	
  1.9860000000000000e+04	 2.3901994648334394e+01	  6.0877933630910616e+02	
  1.9890000000000000e+04	 3.6868242498412279e+01	  5.7584515704577132e+02	
  1.9920000000000000e+04	 4.4386259594459545e+01	  5.4584742328183120e+02	
  1.9950000000000000e+04	 6.1127999369229954e+01	  5.1154951906221908e+02	
  1.9980000000000000e+04	 6.8096152833870008e+01	  4.9007077156751899e+02	
  2.0010000000000000e+04	 8.1634006745633201e+01	  4.5692614035329132e+02	
  2.0040000000000000e+04	 9.3903873304084726e+01	  4.1667581166688285e+02	
  2.0070000000000000e+04	 1.0252944338026484e+02	  3.8882224539864211e+02	
  2.0100000000000000e+04	 1.1505429091910018e+02	  3.5227866812959070e+02	
  2.0130000000000000e+04	 1.2872926335018025e+02	  3.1838664771228639e+02	
  2.0160000000000000e+04	 1.4134336523074251e+02	  2.9411682355421476e+02	
  2.0190000000000000e+04	 1.5719951219795357e+02	  2.6105336707227946e+02	
  2.0220000000000000e+04	 1.6389686297266496e+02	  2.3689304295480406e+02	
  2.0250000000000000e+04	 1.8371898784825831e+02	  1.9931891329448305e+02	
  2.0280000000000000e+04	 2.0480040565505448e+02	  1.6331978827883182e+02	
  2.0310000000000000e+04	 2.1157644827728396e+02	  1.4349833500898529e+02	
  2.0340000000000000e+04	 2.2206480740555548e+02	  1.1433905177028453e+02	
  2.0370000000000000e+04	 2.3766427996613726e+02	  7.0025107024295068e+01	
  2.0400000000000000e+04	 2.4973023961564908e+02	  4.2487922285222410e+01	
  2.0430000000000000e+04	 2.5745551846045788e+02	  1.6977956640861898e+01	
  2.0460000000000000e+04	 2.6276551817574835e+02	  -9.2872895630741503e+00	
  2.0490000000000000e+04	 2.6875107804775786e+02	  -3.5691369983613114e+01	
  2.0520000000000000e+04	 2.8917661666085468e+02	  -7.0511640254262218e+01	
  2.0550000000000000e+04	 3.0658133601677343e+02	  -1.1084265917840662e+02	
  2.0580000000000000e+04	 3.1426121794379321e+02	  -1.3739963787011430e+02	
  2.0610000000000000e+04	 3.3719534060763868e+02	  -1.8012573204186157e+02	
  2.0640000000000000e+04	 3.4749609657282502e+02	  -2.1337397836780045e+02	
  2.0670000000000000e+04	 3.6341310125968573e+02	  -2.4550906135325869e+02	
  2.0700000000000000e+04	 3.7383852598085372e+02	  -2.6623964252454738e+02	
  2.0730000000000000e+04	 3.9053842206465498e+02	  -3.0228485962642299e+02	
  2.0760000000000000e+04	 3.9711474884723810e+02	  -3.2734704596456595e+02	
  2.0790000000000000e+04	 4.1476245149654750e+02	  -3.5907899310857675e+02	
  2.0820000000000000e+04	 4.2814481374893887e+02	  -3.9238169147212301e+02	
  2.0850000000000000e+04	 4.4227368836085191e+02	  -4.1917075284855912e+02	
  2.0880000000000000e+04	 4.4790425736805531e+02	  -4.3695352941033661e+02	
  2.0910000000000000e+04	 4.5824908965113752e+02	  -4.6408335267979902e+02	
  2.0940000000000000e+04	 4.7367640248494786e+02	  -4.9915833171321179e+02	
  2.0970000000000000e+04	 4.8987411593626490e+02	  -5.4257244119608094e+02	
  2.1000000000000000e+04	 5.1030437258377930e+02	  -5.7408157953570810e+02	
  2.1030000000000000e+04	 5.2000965221725687e+02	  -5.9094448654960138e+02	
  2.1060000000000000e+04	 5.2241453841136649e+02	  -5.9920487506136874e+02	
  2.1090000000000000e+04	 5.2199655037277262e+02	  -5.9778452696426757e+02	
  2.1120000000000000e+04	 5.2112832780762017e+02	  -5.9972424157052023e+02	
  2.1150000000000000e+04	 5.2243839296504098e+02	  -6.0166777832122386e+02	
  2.1180000000000000e+04	 5.2178501684203854e+02	  -6.0182577196222792e+02	
  2.1210000000000000e+04	 5.2005197573159990e+02	  -6.0289352318706165e+02	
  2.1240000000000000e+04	 5.1939209679465546e+02	  -6.0340314456697206e+02	
  2.1270000000000000e+04	 5.1752196257489368e+02	  -6.0433984964127103e+02	
  2.1300000000000000e+04	 5.1553395721623156e+02	  -6.0447460692294987e+02	
  2.1330000000000000e+04	 4.9075860540856519e+02	  -5.7134131915230023e+02	
  2.1360000000000000e+04	 4.6620048234524234e+02	  -5.3906746227204428e+02	
  2.1390000000000000e+04	 4.4327361754361175e+02	  -5.0154878430389545e+02	
  2.1420000000000000e+04	 4.2861858106060959e+02	  -4.8199605334134026e+02	
  2.1450000000000000e+04	 4.1298633335758149e+02	  -4.6102972406624286e+02	
  2.1480000000000000e+04	 4.0352517263925239e+02	  -4.4666764738899383e+02	
  2.1510000000000000e+04	 3.7931000332712324e+02	  -4.1369736505008194e+02	
  2.1540000000000000e+04	 3.5270420865140079e+02	  -3.8649967129110098e+02	
  2.1570000000000000e+04	 3.2213158230926780e+02	  -3.5326334588379274e+02	
  2.1600000000000000e+04	 2.9882509555632714e+02	  -3.2312876326351653e+02	
  2.1630000000000000e+04	 2.8864103059500047e+02	  -3.1164008669034013e+02	
  2.1660000000000000e+04	 2.7366626978259831e+02	  -2.9414001304832027e+02	
  2.1690000000000000e+04	 2.4037442313495467e+02	  -2.5297015816282561e+02	
  2.1720000000000000e+04	 2.1372246785316398e+02	  -2.1910648870721312e+02	
  2.1750000000000000e+04	 1.9472646076111840e+02	  -2.0257575349484998e+02	
  2.1780000000000000e+04	 1.6818590058972526e+02	  -1.5936694953420900e+02	
  2.1810000000000000e+04	 1.5283527112611264e+02	  -1.3397205416253337e+02	
  2.1840000000000000e+04	 1.2625356362937347e+02	  -1.0468338071448306e+02	
  2.1870000000000000e+04	 1.0919210579495291e+02	  -8.1585375325275407e+01	
  2.1900000000000000e+04	 9.0809682968008048e+01	  -6.5462633072909370e+01	
  2.1930000000000000e+04	 6.9347093540903529e+01	  -4.7100993019173302e+01	
  2.1960000000000000e+04	 5.6617795180290756e+01	  -2.3516855202842340e+01	
  2.1990000000000000e+04	 2.6514324663928566e+01	  8.2421703895461462e+00	
  2.2020000000000000e+04	 1.8428685893144845e+00	  3.9016406893799441e+01	
  2.2050000000000000e+04	 4.4010131165382788e+01	  2.8761556149279574e+01	
  2.2080000000000000e+04	 8.2225792615266030e+01	  1.3366903635513552e+01	
  2.2110000000000000e+04	 1.2124520282826592e+02	  1.8169454460834533e+00	
  2.2140000000000000e+04	 1.6354173146793019e+02	  -1.0461366728992356e+01	
  2.2170000000000000e+04	 1.9041659787218322e+02	  -1.4166317492504291e+01	
  2.2200000000000000e+04	 2.3130398929678091e+02	  -2.7260196249126039e+01	
  2.2230000000000000e+04	 2.6862302015728864e+02	  -3.6653616241523878e+01	
  2.2260000000000000e+04	 3.0847680656609293e+02	  -4.8209377177667385e+01	
  2.2290000000000000e+04	 3.3036490415612468e+02	  -5.7529298096916705e+01	
  2.2320000000000000e+04	 3.5847453931192103e+02	  -1.9785647818956861e+01	
  2.2350000000000000e+04	 3.8120460627065955e+02	  9.1876780998237635e+00	
  2.2380000000000000e+04	 4.0357310678376990e+02	  4.4227438659892762e+01	
  2.2410000000000000e+04	 4.3083660281822659e+02	  7.4055967907722646e+01	
  2.2440000000000000e+04	 4.4594025325362207e+02	  8.5381854686937231e+01	
  2.2470000000000000e+04	 4.6342665269077219e+02	  1.0934272738864590e+02	
  2.2500000000000000e+04	 4.9366745012755626e+02	  1.4713584426740113e+02	
  2.2530000000000000e+04	 5.1415127192415457e+02	  1.6665453162411245e+02	
  2.2560000000000000e+04	 5.4303638232992068e+02	  2.0414036877331407e+02	
  2.2590000000000000e+04	 5.7393632822360678e+02	  2.4269655253577483e+02	
  2.2620000000000000e+04	 5.9976167375564842e+02	  2.6813864219047912e+02	
  2.2650000000000000e+04	 6.1251118468252889e+02	  2.9071196109319538e+02	
  2.2680000000000000e+04	 6.3255763717841171e+02	  3.0913662521364381e+02	
  2.2710000000000000e+04	 6.5748414593390885e+02	  3.4771174455001938e+02	
  2.2740000000000000e+04	 6.8127478618535406e+02	  3.7705044100308362e+02	
  2.2770000000000000e+04	 7.1132781815534065e+02	  4.1285442709922762e+02	
  2.2800000000000000e+04	 7.4255452165853785e+02	  4.4621171892956625e+02	
  2.2830000000000000e+04	 7.5579065490682910e+02	  4.6802507600613842e+02	
  2.2860000000000000e+04	 7.7712934362151918e+02	  4.9598968313527763e+02	
  2.2890000000000000e+04	 7.8163355430111505e+02	  5.0730679829523319e+02	
  2.2920000000000000e+04	 7.8023191070617315e+02	  5.0574639930421284e+02	
  2.2950000000000000e+04	 7.7847115008508695e+02	  5.0680063454438931e+02	
  2.2980000000000000e+04	 7.3576884541421987e+02	  4.9605129428659939e+02	
  2.3010000000000000e+04	 7.1032661584625566e+02	  4.8246441869064563e+02	
  2.3040000000000000e+04	 6.6146233191983049e+02	  4.6654277274568358e+02	
  2.3070000000000000e+04	 6.2234873844371634e+02	  4.4839378603652096e+02	
  2.3100000000000000e+04	 5.8859852921622598e+02	  4.3392943994738954e+02	
  2.3130000000000000e+04	 5.4458987394491760e+02	  4.2243437670496462e+02	
  2.3160000000000000e+04	 5.1031402290499261e+02	  4.1004167184499551e+02	
  2.3190000000000000e+04	 4.9765873290532528e+02	  3.6516351977187014e+02	
  2.3220000000000000e+04	 4.8933958972531281e+02	  3.3616988962137549e+02	
  2.3250000000000000e+04	 4.8728937612106409e+02	  3.1331738081756157e+02	
  2.3280000000000000e+04	 4.8657655381614535e+02	  2.9020104101654994e+02	
  2.3310000000000000e+04	 4.8376957529331207e+02	  2.7308275480103498e+02	
  2.3340000000000000e+04	 4.4438163663630939e+02	  2.8885859934637108e+02	
  2.3370000000000000e+04	 4.0503954657772647e+02	  3.0483446224096446e+02	
  2.3400000000000000e+04	 3.8703945506228933e+02	  3.1010363403461969e+02	
  2.3430000000000000e+04	 3.4824443257166655e+02	  3.2181037013655117e+02	
  2.3460000000000000e+04	 3.1164559115913721e+02	  3.2831782551523986e+02	
  2.3490000000000000e+04	 2.6538141811252967e+02	  3.3904275905935850e+02	
  2.3520000000000000e+04	 2.2779135668933515e+02	  3.4671273841234887e+02	
  2.3550000000000000e+04	 2.0344869711423718e+02	  3.5409644799332739e+02	
  2.3580000000000000e+04	 1.8833354195799865e+02	  3.6411129803327515e+02	
  2.3610000000000000e+04	 1.5407656626769338e+02	  3.7393131555253592e+02	
  2.3640000000000000e+04	 1.2994845135996687e+02	  3.8327199210490801e+02	
  2.3670000000000000e+04	 1.0198001761963229e+02	  3.9018669169019347e+02	
  2.3700000000000000e+04	 8.1028388166968568e+01	  3.9313896349181437e+02	
  2.3730000000000000e+04	 5.7296643386735127e+01	  3.9848356101486002e+02	
  2.3760000000000000e+04	 1.6740702243326261e+01	  4.0960989387619793e+02	
  2.3790000000000000e+04	 -1.2677869223189180e+01	  4.1377459102515797e+02	
  2.3820000000000000e+04	 -4.3677276270664265e+01	  4.2835224760638056e+02	
  2.3850000000000000e+04	 -6.5379527322005387e+01	  4.3363259114537567e+02	
  2.3880000000000000e+04	 -1.0066145479414871e+02	  4.4220633091634244e+02	
  2.3910000000000000e+04	 -1.3781224102032604e+02	  4.5596271034235218e+02	
  2.3940000000000000e+04	 -1.6330641720609222e+02	  4.6652276127939126e+02	
  2.3970000000000000e+04	 -1.8809443364448094e+02	  4.6811455306188856e+02	
  2.4000000000000000e+04	 -2.3662806854630597e+02	  4.8355471671800615e+02	
  2.4030000000000000e+04	 -2.6426571589408161e+02	  4.8819422113369859e+02	
  2.4060000000000000e+04	 -2.8348608762701741e+02	  4.9615888485026119e+02	
  2.4090000000000000e+04	 -2.8188240478063767e+02	  4.9697496306559617e+02	
  2.4120000000000000e+04	 -2.8182971884186964e+02	  4.9724368755048363e+02	
  2.4150000000000000e+04	 -2.7984371672106124e+02	  4.9902321922745051e+02	
  2.4180000000000000e+04	 -2.8036089414104225e+02	  4.9854023379547954e+02	
  2.4210000000000000e+04	 -2.6330337980819451e+02	  4.8501679255296261e+02	
  2.4240000000000000e+04	 -2.5028478623733861e+02	  4.7228778729188605e+02	
  2.4270000000000000e+04	 -2.1390813726076138e+02	  4.4493481617970087e+02	
  2.4300000000000000e+04	 -1.9147952692315917e+02	  4.2373369828412291e+02	
  2.4330000000000000e+04	 -1.6281977177394009e+02	  3.9818353717676058e+02	
  2.4360000000000000e+04	 -1.4117053145461992e+02	  3.7656525590507147e+02	
  2.4390000000000000e+04	 -1.2536174213751397e+02	  3.5624863827422280e+02	
  2.4420000000000000e+04	 -1.1257397437254636e+02	  3.4032783896964480e+02	
  2.4450000000000000e+04	 -9.3415262520562692e+01	  3.1802693937929985e+02	
  2.4480000000000000e+04	 -6.4101265334982074e+01	  2.9613867611571953e+02	
  2.4510000000000000e+04	 -3.3120910777523655e+01	  2.7104438938804077e+02	
  2.4540000000000000e+04	 -1.8058424531232514e+01	  2.5990874159494103e+02	
  2.4570000000000000e+04	 8.0640794643518277e-01	  2.4512390820685135e+02	
  2.4600000000000000e+04	 2.9454455211874652e+01	  2.1817087878776061e+02	
  2.4630000000000000e+04	 6.6726965565377952e+01	  1.8835024351584337e+02	
  2.4660000000000000e+04	 8.7348333954426479e+01	  1.7138413220109075e+02	
  2.4690000000000000e+04	 1.0225073463678582e+02	  1.5802979694538666e+02	
  2.4720000000000000e+04	 1.2870215125380804e+02	  1.3297394336533495e+02	
  2.4750000000000000e+04	 1.4279752808747679e+02	  1.1811259576174939e+02	
  2.4780000000000000e+04	 1.7986521753895747e+02	  8.6987601470362989e+01	
  2.4810000000000000e+04	 2.1512951110880229e+02	  5.9770029750075395e+01	
  2.4840000000000000e+04	 2.4363085272923087e+02	  2.8960304858309797e+01	
  2.4870000000000000e+04	 2.7351429095901170e+02	  5.2304469089673233e+00	
  2.4900000000000000e+04	 2.9663503060486153e+02	  -1.1113912591417282e+01	
  2.4930000000000000e+04	 3.1134340519687828e+02	  -2.3150624009144384e+01	
  2.4960000000000000e+04	 3.2685092239044320e+02	  -4.2562934079905133e+01	
  2.4990000000000000e+04	 3.5592844495276881e+02	  -7.0765731376625354e+01	
  2.5020000000000000e+04	 3.8619191462648837e+02	  -9.7172388456786365e+01	
  2.5050000000000000e+04	 4.0639125976705924e+02	  -1.1591936312330125e+02	
  2.5080000000000000e+04	 4.4276329134252546e+02	  -1.4925635477672776e+02	
  2.5110000000000000e+04	 4.6436743153706209e+02	  -1.7423433904721105e+02	
  2.5140000000000000e+04	 5.0423964704724040e+02	  -2.1260972659608979e+02	
  2.5170000000000000e+04	 5.3319081150449813e+02	  -2.3344464412611404e+02	
  2.5200000000000000e+04	 5.0433886903595487e+02	  -2.1820604058766375e+02	
  2.5230000000000000e+04	 4.7336626650683513e+02	  -1.9959368092074556e+02	
  2.5260000000000000e+04	 4.4518481820459306e+02	  -1.8039308191243433e+02	
  2.5290000000000000e+04	 4.1524785100282747e+02	  -1.6388914604365399e+02	
  2.5320000000000000e+04	 3.8838539264644197e+02	  -1.4534670563771368e+02	
  2.5350000000000000e+04	 3.6667173584489530e+02	  -1.3085244208087366e+02	
  2.5380000000000000e+04	 3.4537961073962060e+02	  -1.1919498433504393e+02	
  2.5410000000000000e+04	 3.1486792643084573e+02	  -9.9755726610580922e+01	
  2.5440000000000000e+04	 2.7601126734420683e+02	  -7.7214359227065572e+01	
  2.5470000000000000e+04	 2.3929352060559688e+02	  -5.2893764291589932e+01	
  2.5500000000000000e+04	 2.2049656707425277e+02	  -4.1094232228002554e+01	
  2.5530000000000000e+04	 1.9326778834416697e+02	  -2.2389940714769985e+01	
  2.5560000000000000e+04	 1.7803543804160063e+02	  -1.5662870860716112e+01	
  2.5590000000000000e+04	 1.4111843336644861e+02	  9.3910780934394396e+00	
  2.5620000000000000e+04	 9.9439020270801961e+01	  2.9215422883087715e+01	
  2.5650000000000000e+04	 6.1195741335845909e+01	  4.8574373462203368e+01	
  2.5680000000000000e+04	 4.2482343021707493e+01	  6.2315211152333241e+01	
  2.5710000000000000e+04	 1.1810564235035969e+01	  8.0804309712007850e+01	
  2.5740000000000000e+04	 -1.5758213521163960e+01	  9.6960683991423821e+01	
  2.5770000000000000e+04	 -5.4903082186328639e+01	  1.2376771948266466e+02	
  2.5800000000000000e+04	 -8.7481032428603342e+01	  1.4185435838769973e+02	
  2.5830000000000000e+04	 -1.2087291654162723e+02	  1.5540453615804142e+02	
  2.5860000000000000e+04	 -1.6239301056766823e+02	  1.8038254140646288e+02	
  2.5890000000000000e+04	 -1.9296381269720050e+02	  2.0405432806614519e+02	
  2.5920000000000000e+04	 -2.3239596288067369e+02	  2.3059128120684434e+02	
  2.5950000000000000e+04	 -2.7520349072601482e+02	  2.5576235838412885e+02	
  2.5980000000000000e+04	 -3.2065986459221926e+02	  2.7578069389700619e+02	
  2.6010000000000000e+04	 -3.4258667005189625e+02	  2.8903201457931806e+02	
  2.6040000000000000e+04	 -3.5809342578093646e+02	  2.9783353245527758e+02	
  2.6070000000000000e+04	 -3.8102516650421228e+02	  3.1421926038893565e+02	
  2.6100000000000000e+04	 -4.2357860376862573e+02	  3.3366830211510188e+02	
  2.6130000000000000e+04	 -4.3971721542341157e+02	  3.4395476456808382e+02	
  2.6160000000000000e+04	 -4.7160566218548996e+02	  3.6713890058241321e+02	
  2.6190000000000000e+04	 -5.0047685612296345e+02	  3.7934170134171819e+02	
  2.6220000000000000e+04	 -5.0125332235074421e+02	  3.7892820952995214e+02	
  2.6250000000000000e+04	 -5.0036382311702670e+02	  3.7815878917565527e+02	
  2.6280000000000000e+04	 -5.0057042300749691e+02	  3.7799095016110817e+02	
  2.6310000000000000e+04	 -4.9944148182128464e+02	  3.7684684633452378e+02	
  2.6340000000000000e+04	 -5.0104386587783102e+02	  3.7752112781979406e+02	
  2.6370000000000000e+04	 -5.0077793331591249e+02	  3.7825670150033892e+02	
  2.6400000000000000e+04	 -4.9905187073251096e+02	  3.7728152391122063e+02	
  2.6430000000000000e+04	 -4.9976026596471513e+02	  3.7570884281388965e+02	
  2.6460000000000000e+04	 -4.6657542393740835e+02	  3.5303215431159560e+02	
  2.6490000000000000e+04	 -4.3194957332665280e+02	  3.2969410537468104e+02	
  2.6520000000000000e+04	 -4.0457820322904092e+02	  3.0081829844092960e+02	
  2.6550000000000000e+04	 -3.8011930882563229e+02	  2.8423520663097668e+02	
  2.6580000000000000e+04	 -3.4350394078732484e+02	  2.4725202858474466e+02	
  2.6610000000000000e+04	 -3.0663042109078469e+02	  2.1967649641926101e+02	
  2.6640000000000000e+04	 -2.7985286481673091e+02	  1.9471427031727669e+02	
  2.6670000000000000e+04	 -2.5735931335732892e+02	  1.7150049942365223e+02	
  2.6700000000000000e+04	 -2.3876020098971361e+02	  1.5440023168205460e+02	
  2.6730000000000000e+04	 -2.1467174559892200e+02	  1.3233570706945608e+02	
  2.6760000000000000e+04	 -1.7696248012788982e+02	  9.9831880367040142e+01	
  2.6790000000000000e+04	 -1.5075179886876276e+02	  7.7236423742198085e+01	
  2.6820000000000000e+04	 -1.1339721170215333e+02	  4.1478529834106219e+01	
  2.6850000000000000e+04	 -8.1587983123764275e+01	  1.2444811859936028e+01	
  2.6880000000000000e+04	 -5.3225611745734312e+01	  -1.4743603268255715e+01	
  2.6910000000000000e+04	 -2.4115230923135304e+01	  -3.7974638144678423e+01	
  2.6940000000000000e+04	 -1.2547606483338587e+01	  -5.5468099811185795e+01	
  2.6970000000000000e+04	 1.5678388572977141e+01	  -8.5365596899114465e+01	
  2.7000000000000000e+04	 3.7468960591071912e+01	  -1.0631505544086207e+02	
  2.7030000000000000e+04	 5.7965587398873211e+01	  -1.2108000641360866e+02	
  2.7060000000000000e+04	 7.3299906322542881e+01	  -1.4164250328173006e+02	
  2.7090000000000000e+04	 9.1468437337462291e+01	  -1.6385749958514205e+02	
  2.7120000000000000e+04	 1.2021927439323899e+02	  -1.8545073008175410e+02	
  2.7150000000000000e+04	 1.5359265821500648e+02	  -2.1426469967136200e+02	
  2.7180000000000000e+04	 1.7747232352754475e+02	  -2.3603463293156321e+02	
  2.7210000000000000e+04	 1.9556919446121603e+02	  -2.4930202284049571e+02	
  2.7240000000000000e+04	 2.3426865872024300e+02	  -2.7273397884695402e+02	
  2.7270000000000000e+04	 2.5221633176337946e+02	  -2.9108649491799383e+02	
  2.7300000000000000e+04	 2.6850026510444536e+02	  -3.0045772969272315e+02	
  2.7330000000000000e+04	 2.8444435105601735e+02	  -3.1400342447496348e+02	
  2.7360000000000000e+04	 3.2627502215811933e+02	  -3.4584633951252675e+02	
  2.7390000000000000e+04	 3.2727173932835922e+02	  -3.4502353872718868e+02	
  2.7420000000000000e+04	 3.2572353595947538e+02	  -3.4337632086659391e+02	
  2.7450000000000000e+04	 3.2561580687938203e+02	  -3.4512406982494167e+02	
  2.7480000000000000e+04	 3.2737278232988183e+02	  -3.4376240445405477e+02	
  2.7510000000000000e+04	 3.2671490286442844e+02	  -3.4545303091326127e+02	
  2.7540000000000000e+04	 3.2561245726070825e+02	  -3.4345754078064817e+02	
  2.7570000000000000e+04	 3.2699620672842138e+02	  -3.4146401395183483e+02	
  2.7600000000000000e+04	 3.2553499137163618e+02	  -3.4262223378869044e+02	
  2.7630000000000000e+04	 3.2465954934725818e+02	  -3.4152811446480524e+02	
  2.7660000000000000e+04	 3.1101663241853646e+02	  -3.1079555158932840e+02	
  2.7690000000000000e+04	 3.0632721074016160e+02	  -2.8476082482227923e+02	
  2.7720000000000000e+04	 2.8722783466008428e+02	  -2.3742141627751809e+02	
  2.7750000000000000e+04	 2.7223927531427825e+02	  -1.9412533097346844e+02	
  2.7780000000000000e+04	 2.6044027474870126e+02	  -1.7202355898607456e+02	
  2.7810000000000000e+04	 2.5310842013423445e+02	  -1.4419682687590611e+02	
  2.7840000000000000e+04	 2.4854456549552384e+02	  -1.2123905989510121e+02	
  2.7870000000000000e+04	 2.4096438893348108e+02	  -9.5164462985714167e+01	
  2.7900000000000000e+04	 2.2933950560000028e+02	  -5.6700427917195228e+01	
  2.7930000000000000e+04	 2.1427323434731429e+02	  -2.4845927349287930e+01	
  2.7960000000000000e+04	 2.0255868022377072e+02	  7.4401100537115106e+00	
  2.7990000000000000e+04	 1.8837641840401463e+02	  5.0822318956438878e+01	
  2.8020000000000000e+04	 1.7956069919807834e+02	  9.3024868134355756e+01	
  2.8050000000000000e+04	 1.6752341144123150e+02	  1.2109937907596652e+02	
  2.8080000000000000e+04	 1.4889186416779157e+02	  1.6428363297046053e+02	
  2.8110000000000000e+04	 1.3296418946650738e+02	  2.0594483990170713e+02	
  2.8140000000000000e+04	 1.2371471346382535e+02	  2.4849756728278564e+02	
  2.8170000000000000e+04	 1.1209154681127241e+02	  2.9632042334593154e+02	
  2.8200000000000000e+04	 9.8857098600002061e+01	  3.2873815162109810e+02	
  2.8230000000000000e+04	 9.1661522676079102e+01	  3.4805433682742739e+02	
  2.8260000000000000e+04	 7.7717529123568312e+01	  3.7972996923820284e+02	
  2.8290000000000000e+04	 7.6334446826073389e+01	  3.9946697025198102e+02	
  2.8320000000000000e+04	 7.4360239535416369e+01	  4.0133405502565421e+02	
  2.8350000000000000e+04	 7.3885387424659186e+01	  3.9956586415789980e+02	
  2.8380000000000000e+04	 7.3221380376673281e+01	  4.0117755105328206e+02	
  2.8410000000000000e+04	 7.3712334055191249e+01	  3.9941452063215678e+02	
  2.8440000000000000e+04	 4.8215954341833388e+01	  3.9264875767709492e+02	
  2.8470000000000000e+04	 1.4788487292954301e+01	  3.9126977772164690e+02	
  2.8500000000000000e+04	 -1.9490456837136982e+01	  3.8526251700652102e+02	
  2.8530000000000000e+04	 -4.9302343013896788e+01	  3.8575772072954572e+02	
  2.8560000000000000e+04	 -7.3769266500708639e+01	  3.8592283646142954e+02	
  2.8590000000000000e+04	 -1.2405609978136536e+02	  3.7789925823626004e+02	
  2.8620000000000000e+04	 -1.6622832807846069e+02	  3.7024202327136271e+02	
  2.8650000000000000e+04	 -2.0198148978840894e+02	  3.6007617402764845e+02	
  2.8680000000000000e+04	 -2.3719649346170115e+02	  3.6036396237846634e+02	
  2.8710000000000000e+04	 -2.8155305204689768e+02	  3.5876200895098845e+02	
  2.8740000000000000e+04	 -3.0951216425339561e+02	  3.5815012785466178e+02	
  2.8770000000000000e+04	 -3.1757742471525671e+02	  3.1319401423231386e+02	
  2.8800000000000000e+04	 -3.2315309683246772e+02	  2.8744991927891630e+02	
  2.8830000000000000e+04	 -3.3302008021292113e+02	  2.4173779601565477e+02	
  2.8860000000000000e+04	 -3.3389059723050406e+02	  2.0889083841419205e+02	
  2.8890000000000000e+04	 -3.3673811887274525e+02	  1.7247868670496081e+02	
  2.8920000000000000e+04	 -3.4336298478731021e+02	  1.4171372181432298e+02	
  2.8950000000000000e+04	 -3.4951518146037660e+02	  9.6841044962592818e+01	
  2.8980000000000000e+04	 -3.5145743717487682e+02	  5.5000005177926425e+01	
  2.9010000000000000e+04	 -3.5732137345786168e+02	  1.8299673889550306e+01	
  2.9040000000000000e+04	 -3.6199846624266826e+02	  -2.4728331797865522e+01	
  2.9070000000000000e+04	 -3.6879815656286308e+02	  -5.3560790918781734e+01	
  2.9100000000000000e+04	 -3.7889037950284120e+02	  -9.4190225315885300e+01	
  2.9130000000000000e+04	 -3.8217988979620964e+02	  -1.1314101481239123e+02	
  2.9160000000000000e+04	 -3.9176085083655391e+02	  -1.5707333257944660e+02	
  2.9190000000000000e+04	 -3.9268947745549224e+02	  -1.8990198557244179e+02	
  2.9220000000000000e+04	 -4.0273287046246196e+02	  -2.4064040914024577e+02	
  2.9250000000000000e+04	 -4.0428550595985604e+02	  -2.7681642945116295e+02	
  2.9280000000000000e+04	 -4.1139594363811790e+02	  -3.1825809953647638e+02	
  2.9310000000000000e+04	 -4.1718747781109482e+02	  -3.4578304065780236e+02	
  2.9340000000000000e+04	 -4.2716036942933988e+02	  -3.8660762759221251e+02	
  2.9370000000000000e+04	 -4.2664272499446884e+02	  -4.0625661335966691e+02	
  2.9400000000000000e+04	 -4.3130434502753025e+02	  -4.5181478820403845e+02	
  2.9430000000000000e+04	 -4.3989266020889784e+02	  -4.9578660477659713e+02	
  2.9460000000000000e+04	 -4.4302160351801592e+02	  -5.4153874854359390e+02	
  2.9490000000000000e+04	 -4.4472434567066324e+02	  -5.7354766188535598e+02	
  2.9520000000000000e+04	 -4.4763926929927760e+02	  -5.9984084146319140e+02	
  2.9550000000000000e+04	 -4.3248196017808408e+02	  -5.8004938485454454e+02	
  2.9580000000000000e+04	 -4.0097951065109334e+02	  -5.5218228174922092e+02	
  2.9610000000000000e+04	 -3.7983778621690601e+02	  -5.2708869410192051e+02	
  2.9640000000000000e+04	 -3.4924693821278271e+02	  -5.0074836173116910e+02	
  2.9670000000000000e+04	 -3.3038393850751834e+02	  -4.8288866773139523e+02	
  2.9700000000000000e+04	 -3.0662445968201308e+02	  -4.6188225990173538e+02	
  2.9730000000000000e+04	 -2.7447415547744765e+02	  -4.3299726652778241e+02	
  2.9760000000000000e+04	 -2.4751458756337846e+02	  -4.0010528251396096e+02	
  2.9790000000000000e+04	 -2.1344269899209397e+02	  -3.6892464149314600e+02	
  2.9820000000000000e+04	 -1.9433049136125553e+02	  -3.4582326233628663e+02	
  2.9850000000000000e+04	 -1.7519261386536863e+02	  -3.2948449197997098e+02	
  2.9880000000000000e+04	 -1.3968604265528569e+02	  -2.9753056286595984e+02	
  2.9910000000000000e+04	 -1.1498894449063530e+02	  -2.7331012538727623e+02	
  2.9940000000000000e+04	 -8.4718742851534074e+01	  -2.4104921267459878e+02	
  2.9970000000000000e+04	 -6.2123132506294823e+01	  -2.1457830343294964e+02	
  3.0000000000000000e+04	 -4.6034197173683054e+01	  -1.9883626907307115e+02	
  3.0030000000000000e+04	 -2.1935907505457159e+01	  -1.7951120465652355e+02	
  3.0060000000000000e+04	 3.7086450857023792e+00	  -1.5175092783191869e+02	
  3.0090000000000000e+04	 2.8289056247025570e+01	  -1.3307595347203318e+02	
  3.0120000000000000e+04	 5.4457611438671051e+01	  -1.0811756165881366e+02	
  3.0150000000000000e+04	 7.7369812688486235e+01	  -8.5500192131485932e+01	
  3.0180000000000000e+04	 1.1215662224754631e+02	  -5.9221769214990871e+01	
  3.0210000000000000e+04	 1.3113136693609351e+02	  -4.0930315335556351e+01	
  3.0240000000000000e+04	 1.6230473679784751e+02	  -1.0533147416186967e+01	
  3.0270000000000000e+04	 1.8463822420690968e+02	  8.3495715948337477e+00	
  3.0300000000000000e+04	 2.1801061236759915e+02	  3.8724353435682517e+01	
  3.0330000000000000e+04	 2.5489574854146085e+02	  6.7623276458280912e+01	
  3.0360000000000000e+04	 2.8484348165535346e+02	  9.1316147082072291e+01	
  3.0390000000000000e+04	 3.0484165735982418e+02	  1.0859585863758662e+02	
  3.0420000000000000e+04	 3.4352473275183331e+02	  1.3843038174749998e+02	
  3.0450000000000000e+04	 3.7930296900943023e+02	  1.7161704387760872e+02	
  3.0480000000000000e+04	 4.0706584986176267e+02	  1.9653073903671299e+02	
  3.0510000000000000e+04	 4.2998247241737192e+02	  2.1098369016849966e+02	
  3.0540000000000000e+04	 4.4613067690618652e+02	  2.2964704756878439e+02	
  3.0570000000000000e+04	 4.6917066465236422e+02	  2.5049260342045773e+02	
  3.0600000000000000e+04	 5.0341521897144708e+02	  2.7440967799360965e+02	
  3.0630000000000000e+04	 5.1871750266909112e+02	  2.8769536512514952e+02	
  3.0660000000000000e+04	 5.1900129715743401e+02	  2.9333818624781435e+02	
  3.0690000000000000e+04	 5.1734655911640141e+02	  2.9289331744917467e+02	
  3.0720000000000000e+04	 5.1725312533365775e+02	  2.9418432456660031e+02	
  3.0750000000000000e+04	 5.1836134531778032e+02	  2.9280404416927530e+02	
  3.0780000000000000e+04	 4.8010718538899795e+02	  2.6486940045670462e+02	
  3.0810000000000000e+04	 4.5791168226639115e+02	  2.5165603408775286e+02	
  3.0840000000000000e+04	 4.2953085538790953e+02	  2.3572478386508575e+02	
  3.0870000000000000e+04	 4.0650862975745667e+02	  2.2700721619532021e+02	
  3.0900000000000000e+04	 3.8943178396168082e+02	  2.1902932452930409e+02	
  3.0930000000000000e+04	 3.6583778055727112e+02	  2.0612170638125994e+02	
  3.0960000000000000e+04	 3.3263443701177675e+02	  1.9001573602649475e+02	
  3.0990000000000000e+04	 3.0378314572517235e+02	  1.6914077405580409e+02	
  3.1020000000000000e+04	 2.6264593766976299e+02	  1.4693062089407462e+02	
  3.1050000000000000e+04	 2.3579996911428279e+02	  1.3657719128900698e+02	
  3.1080000000000000e+04	 1.9522830864292573e+02	  1.1019437887492299e+02	
  3.1110000000000000e+04	 1.6301990654765063e+02	  9.4931074426454728e+01	
  3.1140000000000000e+04	 1.4095608185895014e+02	  8.1901944556433691e+01	
  3.1170000000000000e+04	 1.0525389648608598e+02	  6.3177899379551029e+01	
  3.1200000000000000e+04	 8.4577191008380694e+01	  5.1911599988108840e+01	
  3.1230000000000000e+04	 1.1357851169555508e+02	  7.2932902472801231e+01	
  3.1260000000000000e+04	 1.4270962199583079e+02	  8.4813460783335273e+01	
  3.1290000000000000e+04	 1.7313079415713489e+02	  1.0319944909006148e+02	
  3.1320000000000000e+04	 1.8832451622039559e+02	  1.0977497650727018e+02	
  3.1350000000000000e+04	 2.1859658881126234e+02	  1.2945716553370715e+02	
  3.1380000000000000e+04	 2.3928590395949806e+02	  1.4600979300740178e+02	
  3.1410000000000000e+04	 2.7194059268316028e+02	  1.6914540614302180e+02	
  3.1440000000000000e+04	 3.0902621124317386e+02	  1.9151694972922940e+02	
  3.1470000000000000e+04	 3.3304925027076843e+02	  2.0220295146612341e+02	
  3.1500000000000000e+04	 3.7314618973407238e+02	  2.2458770850336398e+02	
  3.1530000000000000e+04	 3.9771095274334863e+02	  2.4224518451493469e+02	
  3.1560000000000000e+04	 3.4647588210761916e+02	  2.5347353452183833e+02	
  3.1590000000000000e+04	 3.0718669272634060e+02	  2.6910312927805711e+02	
  3.1620000000000000e+04	 2.6923377395452462e+02	  2.8212865455123966e+02	
  3.1650000000000000e+04	 2.2416978867749074e+02	  2.9674703690543657e+02	
  3.1680000000000000e+04	 1.8888006117505802e+02	  3.0691064818235918e+02	
  3.1710000000000000e+04	 1.5002643930172005e+02	  3.2568832906217580e+02	
  3.1740000000000000e+04	 1.0397207082651701e+02	  3.4011619359360276e+02	
  3.1770000000000000e+04	 6.4382322785678298e+01	  3.5421922807121683e+02	
