  0.0000000000000000e+00	 8.2613022717163290e+02	  -5.4692325363215048e+02	
  3.0000000000000000e+01	 8.0922249763595039e+02	  -5.3083125770269407e+02	
  6.0000000000000000e+01	 7.8600444405855751e+02	  -5.1637282930099241e+02	
  9.0000000000000000e+01	 7.7313648149244182e+02	  -4.9833036053393619e+02	
  1.2000000000000000e+02	 7.5462221277103504e+02	  -4.7719226367207460e+02	
  1.5000000000000000e+02	 7.2868893471925048e+02	  -4.5236074761756049e+02	
  1.8000000000000000e+02	 6.9566276679362704e+02	  -4.2506736077832193e+02	
  2.1000000000000000e+02	 6.6548704680697767e+02	  -4.0054446147654625e+02	
  2.4000000000000000e+02	 6.4149195567811955e+02	  -3.7054018399371751e+02	
  2.7000000000000000e+02	 6.0428620537936786e+02	  -3.3251778613954650e+02	
  3.0000000000000000e+02	 5.8258965882262100e+02	  -3.0899526099182589e+02	
  3.3000000000000000e+02	 5.6134517765226485e+02	  -2.8405555168096294e+02	
  3.6000000000000000e+02	 5.4260375105885350e+02	  -2.6319518649657562e+02	
  3.9000000000000000e+02	 5.2492186402499306e+02	  -2.4339545001847330e+02	
  4.2000000000000000e+02	 4.9077093672504571e+02	  -2.1247390714634676e+02	
  4.5000000000000000e+02	 4.7007072286512010e+02	  -1.8599085005376992e+02	
  4.8000000000000000e+02	 4.4100254768281030e+02	  -1.6350070405864346e+02	
  5.1000000000000000e+02	 4.1712788900902780e+02	  -1.4830262466971885e+02	
  5.4000000000000000e+02	 3.9925972202068886e+02	  -1.2890447243147685e+02	
  5.7000000000000000e+02	 3.8501573127848758e+02	  -1.1766027573676598e+02	
  6.0000000000000000e+02	 3.8555985785082680e+02	  -1.1818406849790129e+02	
  6.3000000000000000e+02	 3.9919390935293677e+02	  -1.0361336710626662e+02	
  6.6000000000000000e+02	 3.7613799043883034e+02	  -1.1999584461718757e+02	
  6.9000000000000000e+02	 3.2648649475627082e+02	  -1.3779618540044660e+02	
  7.2000000000000000e+02	 2.8036734200199180e+02	  -1.5902372788146513e+02	
  7.5000000000000000e+02	 2.6381876606161188e+02	  -1.6754603190519435e+02	
  7.8000000000000000e+02	 2.4396719400525529e+02	  -1.7705153598955189e+02	
  8.1000000000000000e+02	 2.1065197601737233e+02	  -1.8924171935019581e+02	
  8.4000000000000000e+02	 1.9025081962926626e+02	  -1.9871229779652981e+02	
  8.7000000000000000e+02	 1.4876659238299595e+02	  -2.1644069414131542e+02	
  9.0000000000000000e+02	 1.6447561460984974e+02	  -2.1100954986930927e+02	
  9.3000000000000000e+02	 2.0491577678637265e+02	  -1.8939222598321376e+02	
  9.6000000000000000e+02	 2.5087886867967276e+02	  -1.6618611302385011e+02	
  9.9000000000000000e+02	 2.8707688129881342e+02	  -1.4562975464187778e+02	
  1.0200000000000000e+03	 3.2435834973544434e+02	  -1.2723021132454042e+02	
  1.0500000000000000e+03	 3.7037352471880604e+02	  -1.0293513987788333e+02	
  1.0800000000000000e+03	 4.0785275657534299e+02	  -9.0493840022800271e+01	
  1.1100000000000000e+03	 4.4353387810637219e+02	  -6.8628535495652301e+01	
  1.1400000000000000e+03	 4.7613035563147412e+02	  -4.8746509636708382e+01	
  1.1700000000000000e+03	 5.0367527072741569e+02	  -3.8074716999558326e+01	
  1.2000000000000000e+03	 5.2298307880245488e+02	  -3.0800392630824039e+01	
  1.2300000000000000e+03	 5.5246021776619523e+02	  -1.8233421565061761e+01	
  1.2600000000000000e+03	 5.9672877323951104e+02	  6.5657259500154197e-01	
  1.2900000000000000e+03	 6.2826925742323385e+02	  1.5334790467753990e+01	
  1.3200000000000000e+03	 5.8377509037478671e+02	  -6.3435766466095131e+00	
  1.3500000000000000e+03	 5.5627799026253922e+02	  -2.1800497325497851e+01	
  1.3800000000000000e+03	 5.1564639101933926e+02	  -4.5678281845193723e+01	
  1.4100000000000000e+03	 4.7284324378381160e+02	  -6.2720747724790812e+01	
  1.4400000000000000e+03	 4.4316482454216276e+02	  -8.1352746627683914e+01	
  1.4700000000000000e+03	 4.0382379529227177e+02	  -9.4745610529069680e+01	
  1.5000000000000000e+03	 3.5768893909785436e+02	  -1.1564967419636639e+02	
  1.5300000000000000e+03	 3.2440524809685348e+02	  -1.2783817260644521e+02	
  1.5600000000000000e+03	 3.0666788853030073e+02	  -1.4079731394764829e+02	
  1.5900000000000000e+03	 2.7883519882711676e+02	  -1.5273734602404062e+02	
  1.6200000000000000e+03	 2.4848551171314347e+02	  -1.6359911187255528e+02	
  1.6500000000000000e+03	 2.2427771376122848e+02	  -1.7215536822831356e+02	
  1.6800000000000000e+03	 1.9901564232944585e+02	  -1.8077523009372237e+02	
  1.7100000000000000e+03	 1.7300392189007368e+02	  -1.9119308594847070e+02	
  1.7400000000000000e+03	 1.5174651965970494e+02	  -1.9882621668425892e+02	
  1.7700000000000000e+03	 1.1698431658993941e+02	  -2.0910540704110690e+02	
  1.8000000000000000e+03	 8.6325685762779429e+01	  -2.1956441955548451e+02	
  1.8300000000000000e+03	 5.2560593962063578e+01	  -2.3520798574251654e+02	
  1.8600000000000000e+03	 3.0116019956801580e+01	  -2.4951947165764170e+02	
  1.8900000000000000e+03	 -1.6723729534505040e+01	  -2.7142589772528515e+02	
  1.9200000000000000e+03	 -4.7998482166936419e+01	  -2.8527082401679013e+02	
  1.9500000000000000e+03	 -7.3523728270301604e+01	  -2.9450441645337662e+02	
  1.9800000000000000e+03	 -9.5534086760493636e+01	  -3.0202404103351734e+02	
  2.0100000000000000e+03	 -1.2997640316333127e+02	  -3.1868710257717669e+02	
  2.0400000000000000e+03	 -1.5922622947938271e+02	  -3.3396267042782381e+02	
  2.0700000000000000e+03	 -1.8858149134240631e+02	  -3.4754828769241584e+02	
  2.1000000000000000e+03	 -2.2188203426164637e+02	  -3.6385660132964853e+02	
  2.1300000000000000e+03	 -2.4887854603445362e+02	  -3.7469248865319014e+02	
  2.1600000000000000e+03	 -2.7858679160605635e+02	  -3.8326891313437301e+02	
  2.1900000000000000e+03	 -3.0319500322403059e+02	  -3.9195176145535578e+02	
  2.2200000000000000e+03	 -3.4412344781331336e+02	  -4.0945107495314829e+02	
  2.2500000000000000e+03	 -3.0609895604217758e+02	  -4.0269243323087824e+02	
  2.2800000000000000e+03	 -2.7037177382647252e+02	  -4.0033297828503066e+02	
  2.3100000000000000e+03	 -2.4369798735235008e+02	  -3.9647228033936568e+02	
  2.3400000000000000e+03	 -1.9908641657370998e+02	  -3.8924659944394233e+02	
  2.3700000000000000e+03	 -1.6646728773303684e+02	  -3.8510346133465833e+02	
  2.4000000000000000e+03	 -1.4105534294182544e+02	  -3.8649288408393681e+02	
  2.4300000000000000e+03	 -1.0458530818263043e+02	  -3.8213797661406227e+02	
  2.4600000000000000e+03	 -8.2023577851853929e+01	  -3.8376149584052723e+02	
  2.4900000000000000e+03	 -5.9472635321106061e+01	  -3.7798649361894144e+02	
  2.5200000000000000e+03	 -1.2803206947181117e+01	  -3.7361084833605082e+02	
  2.5500000000000000e+03	 3.2525732000089796e+01	  -3.7598689893602199e+02	
  2.5800000000000000e+03	 5.7293993419118642e+01	  -3.7617928486420846e+02	
  2.6100000000000000e+03	 1.0694066571737244e+02	  -3.7308959233937549e+02	
  2.6400000000000000e+03	 1.4965458828760626e+02	  -3.6775347986396366e+02	
  2.6700000000000000e+03	 1.7390950438631904e+02	  -3.6266265335657374e+02	
  2.7000000000000000e+03	 2.0443772172315181e+02	  -3.6601812927411726e+02	
  2.7300000000000000e+03	 2.3034551606616668e+02	  -3.6539172370923751e+02	
  2.7600000000000000e+03	 2.6558228833954990e+02	  -3.6484710293862059e+02	
  2.7900000000000000e+03	 2.8973254281110775e+02	  -3.6842166019710879e+02	
  2.8200000000000000e+03	 3.2911854846609384e+02	  -3.6823512587049589e+02	
  2.8500000000000000e+03	 3.6415230432017586e+02	  -3.6103918669071265e+02	
  2.8800000000000000e+03	 4.0519899372271709e+02	  -3.5566473935785831e+02	
  2.9100000000000000e+03	 4.4108466945575242e+02	  -3.5223183602166807e+02	
  2.9400000000000000e+03	 4.6190703400876021e+02	  -3.5606264830000657e+02	
  2.9700000000000000e+03	 4.9881871916174458e+02	  -3.5176449634717648e+02	
  3.0000000000000000e+03	 5.4068307386691606e+02	  -3.4512441816391430e+02	
  3.0300000000000000e+03	 5.6803484626721820e+02	  -3.4718835819559013e+02	
  3.0600000000000000e+03	 5.4042821429924959e+02	  -3.3105597837840975e+02	
  3.0900000000000000e+03	 5.0017471111538191e+02	  -3.0537909819134990e+02	
  3.1200000000000000e+03	 4.7315044407893782e+02	  -2.8814979280451240e+02	
  3.1500000000000000e+03	 4.4317368945740679e+02	  -2.6780766056060543e+02	
  3.1800000000000000e+03	 4.0689684494522402e+02	  -2.4565190485895323e+02	
  3.2100000000000000e+03	 3.8297567175673584e+02	  -2.2679339830108663e+02	
  3.2400000000000000e+03	 3.4937342344443653e+02	  -2.0871882150006027e+02	
  3.2700000000000000e+03	 3.2615893745829214e+02	  -1.9936131539483029e+02	
  3.3000000000000000e+03	 2.8554112086400846e+02	  -1.7217314256280915e+02	
  3.3300000000000000e+03	 2.6170363685738749e+02	  -1.5718023437440985e+02	
  3.3600000000000000e+03	 2.2463900896410226e+02	  -1.3701755310753290e+02	
  3.3900000000000000e+03	 2.0638720253657038e+02	  -1.2282254854243951e+02	
  3.4200000000000000e+03	 1.6092842836176465e+02	  -9.3954959827412253e+01	
  3.4500000000000000e+03	 1.3009967392010873e+02	  -8.0629524998996928e+01	
  3.4800000000000000e+03	 1.0350216524994786e+02	  -6.7218669827509572e+01	
  3.5100000000000000e+03	 7.6494008540765577e+01	  -4.4886765587558692e+01	
  3.5400000000000000e+03	 6.0806251871606520e+01	  -3.8450596856644459e+01	
  3.5700000000000000e+03	 3.3292947570883697e+01	  -1.7714657683451644e+01	
  3.6000000000000000e+03	 2.3665176511915824e+00	  -9.0298910897685047e-01	
  3.6300000000000000e+03	 1.9719760631508212e+01	  3.1723228621027442e+01	
  3.6600000000000000e+03	 4.1710138282947781e+01	  7.3327718069503689e+01	
  3.6900000000000000e+03	 5.9463735319700007e+01	  1.0525266834777842e+02	
  3.7200000000000000e+03	 7.3434643822150321e+01	  1.3500130157523049e+02	
  3.7500000000000000e+03	 8.6632123971621439e+01	  1.6972859448709266e+02	
  3.7800000000000000e+03	 1.0161849639560870e+02	  2.0823089235739653e+02	
  3.8100000000000000e+03	 1.0574745717393061e+02	  2.3297422012991944e+02	
  3.8400000000000000e+03	 1.1227225969270823e+02	  2.6068698761923014e+02	
  3.8700000000000000e+03	 1.3283112199928129e+02	  2.9479459767648262e+02	
  3.9000000000000000e+03	 1.4525870381800672e+02	  3.2897303254820156e+02	
  3.9300000000000000e+03	 1.5865958765457214e+02	  3.5171934840934466e+02	
  3.9600000000000000e+03	 1.7192790279220281e+02	  3.7370313551554659e+02	
  3.9900000000000000e+03	 1.9401387833887537e+02	  4.1870668942457974e+02	
  4.0200000000000000e+03	 1.7954800001916675e+02	  3.7766906078410358e+02	
  4.0500000000000000e+03	 1.5486349110115162e+02	  3.2830654161330472e+02	
  4.0800000000000000e+03	 1.3592235277512998e+02	  2.9555567507717348e+02	
  4.1100000000000000e+03	 1.1751745641547404e+02	  2.5359606449547186e+02	
  4.1400000000000000e+03	 1.0016413284979224e+02	  2.2715713083618490e+02	
  4.1700000000000000e+03	 7.9930300692707306e+01	  1.8852572746862552e+02	
  4.2000000000000000e+03	 6.6738099889655302e+01	  1.6154394666940448e+02	
  4.2300000000000000e+03	 5.9837064873299063e+01	  1.3457140647566254e+02	
  4.2600000000000000e+03	 4.1599144684862857e+01	  9.1657925757035230e+01	
  4.2900000000000000e+03	 2.5459236707539098e+01	  6.7949920613120128e+01	
  4.3200000000000000e+03	 9.7039219746862369e+00	  3.5782944259114913e+01	
  4.3500000000000000e+03	 -5.4741267291511857e+00	  -7.8568289330261010e+00	
  4.3800000000000000e+03	 -1.5859495791595098e+01	  -2.2962983451623039e+01	
  4.4100000000000000e+03	 -1.3876784917098350e+01	  -2.3137556839338892e+01	
  4.4400000000000000e+03	 1.3413638769042072e+01	  -2.6467040466312284e+01	
  4.4700000000000000e+03	 6.5115540332451374e+01	  -3.7349324023206563e+01	
  4.5000000000000000e+03	 9.1171637337035136e+01	  -4.0395789218088197e+01	
  4.5300000000000000e+03	 1.2923628910560268e+02	  -4.6737562149606568e+01	
  4.5600000000000000e+03	 1.7045167545380252e+02	  -5.8010772483694346e+01	
  4.5900000000000000e+03	 1.9493797303173210e+02	  -5.9624581462022050e+01	
  4.6200000000000000e+03	 2.4271063833561280e+02	  -6.7363674936725261e+01	
  4.6500000000000000e+03	 2.8026461794516308e+02	  -7.2371860652122876e+01	
  4.6800000000000000e+03	 2.3590502926054751e+02	  -5.0494781922074914e+01	
  4.7100000000000000e+03	 2.1126337227608613e+02	  -3.2798678212878414e+01	
  4.7400000000000000e+03	 1.7339187189098323e+02	  -7.3841293745263314e+00	
  4.7700000000000000e+03	 1.5025799129453679e+02	  8.8444320716510454e+00	
  4.8000000000000000e+03	 1.1199988226284117e+02	  3.2669628606573774e+01	
  4.8300000000000000e+03	 8.3596826577803313e+01	  5.2423286904250325e+01	
  4.8600000000000000e+03	 5.0926568440388372e+01	  7.6636024587630430e+01	
  4.8900000000000000e+03	 2.9714586660342810e+01	  9.0218259741568346e+01	
  4.9200000000000000e+03	 1.6264231437288323e+00	  1.0295727592088016e+02	
  4.9500000000000000e+03	 -3.0836965798863336e+01	  1.1507324777862048e+02	
  4.9800000000000000e+03	 -6.5434716182129804e+01	  1.3775320415784444e+02	
  5.0100000000000000e+03	 -1.0828341776298905e+02	  1.6138349932334447e+02	
  5.0400000000000000e+03	 -1.1733335040906468e+02	  1.6536127003660647e+02	
  5.0700000000000000e+03	 -1.1860315330488322e+02	  1.6500202316874584e+02	
  5.1000000000000000e+03	 -1.1747893269809400e+02	  1.6699008368282665e+02	
  5.1300000000000000e+03	 -1.1737076909870964e+02	  1.6779325994948675e+02	
  5.1600000000000000e+03	 -1.1589894617088056e+02	  1.6938618431863728e+02	
  5.1900000000000000e+03	 -1.1406935252120363e+02	  1.7070011341224802e+02	
  5.2200000000000000e+03	 -1.1487784777919354e+02	  1.6926687041562354e+02	
  5.2500000000000000e+03	 -1.6747958620074309e+02	  1.8162700299634645e+02	
  5.2800000000000000e+03	 -1.9851350038026902e+02	  1.9124754327033634e+02	
  5.3100000000000000e+03	 -2.3552836323148375e+02	  1.9960309442400612e+02	
  5.3400000000000000e+03	 -2.8267780401342031e+02	  2.1339260409474272e+02	
  5.3700000000000000e+03	 -3.2405785570880164e+02	  2.2525921514390149e+02	
  5.4000000000000000e+03	 -3.6002694043610734e+02	  2.3949889763618469e+02	
  5.4300000000000000e+03	 -3.8431538905416750e+02	  2.4635636702976961e+02	
  5.4600000000000000e+03	 -4.1189715378006355e+02	  2.5423624303977371e+02	
  5.4900000000000000e+03	 -4.4033993913457215e+02	  2.6392081332056921e+02	
  5.5200000000000000e+03	 -4.8770237382480792e+02	  2.8012163648266403e+02	
  5.5500000000000000e+03	 -5.1078434432600727e+02	  2.8464036909820186e+02	
  5.5800000000000000e+03	 -5.3517181441147943e+02	  2.8594831085235961e+02	
  5.6100000000000000e+03	 -5.6496855402795404e+02	  2.8986660420931179e+02	
  5.6400000000000000e+03	 -5.9446601097340067e+02	  2.9853464631140116e+02	
  5.6700000000000000e+03	 -6.3827691043058144e+02	  3.1446601154852976e+02	
  5.7000000000000000e+03	 -6.7002411361135773e+02	  3.2102237246422351e+02	
  5.7300000000000000e+03	 -6.9693516496968925e+02	  3.2361927518166317e+02	
  5.7600000000000000e+03	 -7.3217086898101627e+02	  3.3779763752816774e+02	
  5.7900000000000000e+03	 -7.7159474442936039e+02	  3.4695197320671838e+02	
  5.8200000000000000e+03	 -8.0247702909235875e+02	  3.5126904193067264e+02	
  5.8500000000000000e+03	 -8.1653373605611398e+02	  3.5682924526007582e+02	
  5.8800000000000000e+03	 -8.1510927331994651e+02	  3.5491580454537041e+02	
  5.9100000000000000e+03	 -8.1392948756285250e+02	  3.5512033066553903e+02	
  5.9400000000000000e+03	 -8.1284000736679025e+02	  3.5534822319102932e+02	
  5.9700000000000000e+03	 -8.1341818720132574e+02	  3.5506470265165507e+02	
  6.0000000000000000e+03	 -8.1150449026144327e+02	  3.5496629285956107e+02	
  6.0300000000000000e+03	 -8.1173829588426588e+02	  3.5434902323255039e+02	
  6.0600000000000000e+03	 -8.1340585483817347e+02	  3.5456149205846475e+02	
  6.0900000000000000e+03	 -7.8701797620048467e+02	  3.5327644364993358e+02	
  6.1200000000000000e+03	 -7.4484151274523970e+02	  3.5461243624182379e+02	
  6.1500000000000000e+03	 -7.0729881873557508e+02	  3.5633371891115587e+02	
  6.1800000000000000e+03	 -6.7424920989378870e+02	  3.5848147415593513e+02	
  6.2100000000000000e+03	 -6.2965989999323551e+02	  3.5227742377609610e+02	
  6.2400000000000000e+03	 -5.8332797075816461e+02	  3.4766832002481954e+02	
  6.2700000000000000e+03	 -5.5134462454109189e+02	  3.4332068728943591e+02	
  6.3000000000000000e+03	 -5.1982623955613360e+02	  3.4489520125452850e+02	
  6.3300000000000000e+03	 -4.7328079923998985e+02	  3.3600580270459966e+02	
  6.3600000000000000e+03	 -4.4651488936463886e+02	  3.3320402135374417e+02	
  6.3900000000000000e+03	 -4.0143585649326940e+02	  3.3136528703962267e+02	
  6.4200000000000000e+03	 -3.5790491819416832e+02	  3.2424807348351135e+02	
  6.4500000000000000e+03	 -3.0493033189860364e+02	  3.2189075788305792e+02	
  6.4800000000000000e+03	 -2.7507651380688083e+02	  3.2401141548535446e+02	
  6.5100000000000000e+03	 -2.5564302060811818e+02	  3.2275490730735868e+02	
  6.5400000000000000e+03	 -2.3760174803375489e+02	  3.2138937526942425e+02	
  6.5700000000000000e+03	 -1.9168764208383132e+02	  3.0808807432896538e+02	
  6.6000000000000000e+03	 -1.8594234672025792e+02	  3.1161293443619149e+02	
  6.6300000000000000e+03	 -1.8775363187079773e+02	  3.1209776328607768e+02	
  6.6600000000000000e+03	 -1.8897728164265541e+02	  3.1137104261294041e+02	
  6.6900000000000000e+03	 -1.8802422243021687e+02	  3.1269168357371439e+02	
  6.7200000000000000e+03	 -1.8882615373510652e+02	  3.1189771777171092e+02	
  6.7500000000000000e+03	 -1.8900638827265496e+02	  3.1061336485537976e+02	
  6.7800000000000000e+03	 -2.1346886951138828e+02	  3.2184991850429822e+02	
  6.8100000000000000e+03	 -2.5123789351908772e+02	  3.3103237734145983e+02	
  6.8400000000000000e+03	 -2.9271899309968529e+02	  3.4951640242864528e+02	
  6.8700000000000000e+03	 -3.3782468858806823e+02	  3.6021717557578057e+02	
  6.9000000000000000e+03	 -3.6584869210465081e+02	  3.7332633357085837e+02	
  6.9300000000000000e+03	 -3.8709068806712617e+02	  3.7907804933962711e+02	
  6.9600000000000000e+03	 -4.1728146277121806e+02	  3.9100484314892839e+02	
  6.9900000000000000e+03	 -4.5452850665899371e+02	  4.0728573621315576e+02	
  7.0200000000000000e+03	 -4.3711042619077648e+02	  3.8631253259226315e+02	
  7.0500000000000000e+03	 -4.0853875260233798e+02	  3.6307642405201591e+02	
  7.0800000000000000e+03	 -3.9584465861058749e+02	  3.4887065512587628e+02	
  7.1100000000000000e+03	 -3.6561329448996088e+02	  3.2856030781811472e+02	
  7.1400000000000000e+03	 -3.3538269602961736e+02	  2.9321107959957840e+02	
  7.1700000000000000e+03	 -3.1432070701782391e+02	  2.7560888885633307e+02	
  7.2000000000000000e+03	 -2.8888067969016743e+02	  2.5312585236954476e+02	
  7.2300000000000000e+03	 -2.5975787879706610e+02	  2.1988127261650652e+02	
  7.2600000000000000e+03	 -2.3788819205171126e+02	  1.9913161689563862e+02	
  7.2900000000000000e+03	 -2.0808873349788291e+02	  1.7524529641272076e+02	
  7.3200000000000000e+03	 -1.7808205734712482e+02	  1.4652121475582172e+02	
  7.3500000000000000e+03	 -1.5364677042253643e+02	  1.2649395768578543e+02	
  7.3800000000000000e+03	 -1.3887367258458411e+02	  1.0759519939504752e+02	
  7.4100000000000000e+03	 -1.0681527765149107e+02	  8.3702985854366361e+01	
  7.4400000000000000e+03	 -9.1649256429188981e+01	  6.5365534739134205e+01	
  7.4700000000000000e+03	 -7.1990353513846657e+01	  4.6582384761793591e+01	
  7.5000000000000000e+03	 -4.1956818708313222e+01	  3.2088022525854491e+01	
  7.5300000000000000e+03	 -2.9197332121182537e+01	  1.9032642582672395e+01	
  7.5600000000000000e+03	 -3.0956740127565681e+01	  1.8606597991127892e+01	
  7.5900000000000000e+03	 -3.1133335404079372e+01	  1.8555401567149641e+01	
  7.6200000000000000e+03	 -3.1184577499357673e+01	  1.9274549765255067e+01	
  7.6500000000000000e+03	 -3.2418979665284439e+01	  1.8162321822940950e+01	
  7.6800000000000000e+03	 -3.1044822661511546e+01	  1.9051392958324985e+01	
  7.7100000000000000e+03	 -3.1968424727691549e+01	  1.8155378053284142e+01	
  7.7400000000000000e+03	 -3.2026929708158590e+01	  1.6284004016871279e+01	
  7.7700000000000000e+03	 -3.1026430450301721e+01	  1.5296647285652606e+01	
  7.8000000000000000e+03	 -4.8212309131614326e+01	  4.3295456596070522e+01	
  7.8300000000000000e+03	 -6.4435621442189699e+01	  7.2367751884894219e+01	
  7.8600000000000000e+03	 -7.5115660874839662e+01	  9.3578403699372132e+01	
  7.8900000000000000e+03	 -8.7963341897601993e+01	  1.1005488151321826e+02	
  7.9200000000000000e+03	 -1.0649329606838489e+02	  1.3468286453989418e+02	
  7.9500000000000000e+03	 -1.2836951432238891e+02	  1.7569052981213923e+02	
  7.9800000000000000e+03	 -1.3839691120629266e+02	  1.8965166309524056e+02	
  8.0100000000000000e+03	 -1.5065113362630450e+02	  2.0714595450126797e+02	
  8.0400000000000000e+03	 -1.7136791928086041e+02	  2.4854927232962552e+02	
  8.0700000000000000e+03	 -1.8706672816987401e+02	  2.9166715435199916e+02	
  8.1000000000000000e+03	 -2.1006960127828060e+02	  3.3972996386557168e+02	
  8.1300000000000000e+03	 -2.1957787425362824e+02	  3.6902665076876104e+02	
  8.1600000000000000e+03	 -2.3544727466841374e+02	  4.0682197739069642e+02	
  8.1900000000000000e+03	 -2.4995771198775350e+02	  4.2244667464768048e+02	
  8.2200000000000000e+03	 -2.6257374942199817e+02	  4.4540473360675384e+02	
  8.2500000000000000e+03	 -2.7485151972936876e+02	  4.6590511013239473e+02	
  8.2800000000000000e+03	 -2.7306448304025935e+02	  4.7157968589801874e+02	
  8.3100000000000000e+03	 -2.7181824562012065e+02	  4.7157227634116310e+02	
  8.3400000000000000e+03	 -2.7228973340385664e+02	  4.7157237741071617e+02	
  8.3700000000000000e+03	 -2.7040682650532682e+02	  4.7104931880652055e+02	
  8.4000000000000000e+03	 -2.7223380268550949e+02	  4.7019113543297129e+02	
  8.4300000000000000e+03	 -2.7360565556918368e+02	  4.7100131843894093e+02	
  8.4600000000000000e+03	 -2.7419396507088618e+02	  4.7033306582524989e+02	
  8.4900000000000000e+03	 -2.7365362566684371e+02	  4.7111318718384820e+02	
  8.5200000000000000e+03	 -2.4139007269986399e+02	  4.6332582731274215e+02	
  8.5500000000000000e+03	 -2.1384478071135470e+02	  4.4734955238285357e+02	
  8.5800000000000000e+03	 -1.6556066565767031e+02	  4.2920470787802333e+02	
  8.6100000000000000e+03	 -1.1669635423600009e+02	  4.1172827071646719e+02	
  8.6400000000000000e+03	 -9.5462765544982673e+01	  4.0749137994020975e+02	
  8.6700000000000000e+03	 -5.4691984553036228e+01	  3.8782311522480131e+02	
  8.7000000000000000e+03	 -1.8092883441380877e+01	  3.6981198194696742e+02	
  8.7300000000000000e+03	 1.2939410058275922e+01	  3.5332368720709900e+02	
  8.7600000000000000e+03	 5.3252364628214792e+01	  3.3678615496732914e+02	
  8.7900000000000000e+03	 8.4569491614722352e+01	  3.1752746380313982e+02	
  8.8200000000000000e+03	 1.0685757433920350e+02	  3.0550008255698350e+02	
  8.8500000000000000e+03	 1.4527611569314882e+02	  2.9262207743745711e+02	
  8.8800000000000000e+03	 1.8146993297218796e+02	  2.7709162480919042e+02	
  8.9100000000000000e+03	 2.2631001575611015e+02	  2.5840050137561218e+02	
  8.9400000000000000e+03	 2.5666408981848929e+02	  2.4657567042426996e+02	
  8.9700000000000000e+03	 3.0439095030397164e+02	  2.2895070759149760e+02	
  9.0000000000000000e+03	 3.2916243218409306e+02	  2.2123561335786522e+02	
  9.0300000000000000e+03	 3.2967618474768000e+02	  2.2283366241888913e+02	
  9.0600000000000000e+03	 3.2943443995790460e+02	  2.2250946059943047e+02	
  9.0900000000000000e+03	 3.2877996432633057e+02	  2.2323882804464020e+02	
  9.1200000000000000e+03	 3.3011480808967809e+02	  1.9579431963897827e+02	
  9.1500000000000000e+03	 3.3011907113022266e+02	  1.6082715659686414e+02	
  9.1800000000000000e+03	 3.3009705870250360e+02	  1.2950585209734695e+02	
  9.2100000000000000e+03	 3.3396639255748477e+02	  8.1920779907052861e+01	
  9.2400000000000000e+03	 3.3664789903053804e+02	  4.3075628385484428e+01	
  9.2700000000000000e+03	 3.3171331393021080e+02	  1.9347083046164091e+01	
  9.3000000000000000e+03	 3.3218015275416872e+02	  -3.1426070798762257e+01	
  9.3300000000000000e+03	 3.2892224119377693e+02	  -6.3977416481895304e+01	
  9.3600000000000000e+03	 3.2463163958702580e+02	  -1.0302940472680430e+02	
  9.3900000000000000e+03	 3.2828710567546250e+02	  -1.4348546978082632e+02	
  9.4200000000000000e+03	 3.2770008797175780e+02	  -1.7485550328301665e+02	
  9.4500000000000000e+03	 3.3020867149032864e+02	  -2.2136486900302748e+02	
  9.4800000000000000e+03	 3.2797060707858100e+02	  -2.6607137664859829e+02	
  9.5100000000000000e+03	 3.2710347880099744e+02	  -2.8261354958407139e+02	
  9.5400000000000000e+03	 3.3301795177480869e+02	  -3.2959278161664275e+02	
  9.5700000000000000e+03	 3.3345173522138401e+02	  -3.3900735659951357e+02	
  9.6000000000000000e+03	 3.3381927154111321e+02	  -3.3959353295119416e+02	
  9.6300000000000000e+03	 3.3394614953066792e+02	  -3.4085274557623774e+02	
  9.6600000000000000e+03	 3.3589392721228540e+02	  -3.4163354639772098e+02	
  9.6900000000000000e+03	 3.0738291562764499e+02	  -3.5920119221395487e+02	
  9.7200000000000000e+03	 2.8021464787450094e+02	  -3.7482692817729338e+02	
  9.7500000000000000e+03	 2.4776705550583972e+02	  -3.8609688890329608e+02	
  9.7800000000000000e+03	 2.1764385243769271e+02	  -3.9672374997295589e+02	
  9.8100000000000000e+03	 1.8988793984116731e+02	  -4.1138460103787332e+02	
  9.8400000000000000e+03	 1.6032686336870688e+02	  -4.2569263760761135e+02	
  9.8700000000000000e+03	 1.2587990495091343e+02	  -4.4321581637922765e+02	
  9.9000000000000000e+03	 8.3311291535638745e+01	  -4.6084603281092490e+02	
  9.9300000000000000e+03	 4.1838151077499859e+01	  -4.8115441256219100e+02	
  9.9600000000000000e+03	 1.2856489216617888e+01	  -4.9099271586384299e+02	
  9.9900000000000000e+03	 1.3135392873973000e+01	  -4.9203362517528103e+02	
  1.0020000000000000e+04	 -9.2625019823585752e-01	  -4.8257243981501188e+02	
  1.0050000000000000e+04	 -2.8756181277279552e+01	  -4.6373322179954374e+02	
  1.0080000000000000e+04	 -5.1276185879726000e+01	  -4.4913499348414325e+02	
  1.0110000000000000e+04	 -7.8942120235738884e+01	  -4.2563731255659968e+02	
  1.0140000000000000e+04	 -1.0022670758165172e+02	  -4.1253843916150026e+02	
  1.0170000000000000e+04	 -1.4058982627011562e+02	  -3.8590539054101197e+02	
  1.0200000000000000e+04	 -1.8226860225058925e+02	  -3.5739048514666035e+02	
  1.0230000000000000e+04	 -2.1200178212140631e+02	  -3.2994980716433008e+02	
  1.0260000000000000e+04	 -2.3972540701948486e+02	  -3.1232465589121580e+02	
  1.0290000000000000e+04	 -2.7193482008543430e+02	  -2.9078214819067142e+02	
  1.0320000000000000e+04	 -3.0095978802036444e+02	  -2.7429346699919000e+02	
  1.0350000000000000e+04	 -3.3794086270629799e+02	  -2.4163562594327334e+02	
  1.0380000000000000e+04	 -3.6422176738520551e+02	  -2.2046449152004692e+02	
  1.0410000000000000e+04	 -4.0933758968617985e+02	  -1.9697171312497250e+02	
  1.0440000000000000e+04	 -4.3785964943206648e+02	  -1.7408470410813931e+02	
  1.0470000000000000e+04	 -4.4068332471240632e+02	  -1.4265942444512791e+02	
  1.0500000000000000e+04	 -4.3928407640982181e+02	  -1.0920918325834310e+02	
  1.0530000000000000e+04	 -4.4076840049080425e+02	  -7.4291726589371635e+01	
  1.0560000000000000e+04	 -4.4936747873067333e+02	  -3.3873166391871443e+01	
  1.0590000000000000e+04	 -4.5206899542543238e+02	  1.2547492490161993e+01	
  1.0620000000000000e+04	 -4.5403280071616535e+02	  4.2172890749862724e+01	
  1.0650000000000000e+04	 -4.5692428984459690e+02	  6.8963593642034368e+01	
  1.0680000000000000e+04	 -4.6179384511588052e+02	  1.1372974976147601e+02	
  1.0710000000000000e+04	 -4.6070897692962666e+02	  1.4641221523589959e+02	
  1.0740000000000000e+04	 -4.6347753966953246e+02	  1.6268131234767142e+02	
  1.0770000000000000e+04	 -4.6647923695099593e+02	  1.9005360262120794e+02	
  1.0800000000000000e+04	 -4.7470750126414976e+02	  2.4123860248522473e+02	
  1.0830000000000000e+04	 -4.3808348973314094e+02	  2.4071114278407794e+02	
  1.0860000000000000e+04	 -3.9563618698403860e+02	  2.3906350691013310e+02	
  1.0890000000000000e+04	 -3.7060803133028975e+02	  2.3509284896115793e+02	
  1.0920000000000000e+04	 -3.4834197617941277e+02	  2.3443297802344537e+02	
  1.0950000000000000e+04	 -3.0927076183860072e+02	  2.3049293198066314e+02	
  1.0980000000000000e+04	 -2.5965436969957267e+02	  2.2671308575296996e+02	
  1.1010000000000000e+04	 -2.2212255420244770e+02	  2.2862397123324325e+02	
  1.1040000000000000e+04	 -1.9862128447673837e+02	  2.2844983350250669e+02	
  1.1070000000000000e+04	 -1.6839716599092665e+02	  2.2151287423229169e+02	
  1.1100000000000000e+04	 -1.2895999421792811e+02	  2.1615920986696531e+02	
  1.1130000000000000e+04	 -1.0295121443681583e+02	  2.1727655848873741e+02	
  1.1160000000000000e+04	 -7.0692382916681538e+01	  2.1438815302992305e+02	
  1.1190000000000000e+04	 -3.7447677344781205e+01	  2.1015634059584809e+02	
  1.1220000000000000e+04	 6.1523818588160495e+00	  2.0813218252553628e+02	
  1.1250000000000000e+04	 2.2097124832911561e+01	  2.0675642287065426e+02	
  1.1280000000000000e+04	 5.9195108194519769e+01	  2.0285735417982767e+02	
  1.1310000000000000e+04	 7.6182982382698725e+01	  2.0588506463515617e+02	
  1.1340000000000000e+04	 1.0926967206146499e+02	  2.0289677753925514e+02	
  1.1370000000000000e+04	 1.3358489318828987e+02	  2.0194677151084414e+02	
  1.1400000000000000e+04	 1.8071494035855693e+02	  1.9879963684698183e+02	
  1.1430000000000000e+04	 2.2096902195180280e+02	  1.9426509429927097e+02	
  1.1460000000000000e+04	 2.6681939212282759e+02	  1.9478762546650583e+02	
  1.1490000000000000e+04	 3.0458422391249871e+02	  1.8736714771137011e+02	
  1.1520000000000000e+04	 3.3414690246005478e+02	  1.9041343918929240e+02	
  1.1550000000000000e+04	 3.8078002467808619e+02	  1.8704907653740545e+02	
  1.1580000000000000e+04	 4.1184478162465439e+02	  1.7902257581904854e+02	
  1.1610000000000000e+04	 4.4402387672970082e+02	  1.7967988919875350e+02	
  1.1640000000000000e+04	 4.2531286808873750e+02	  1.6656102698373559e+02	
  1.1670000000000000e+04	 4.0050876810164470e+02	  1.5511908724853271e+02	
  1.1700000000000000e+04	 3.7040800950377047e+02	  1.4492873664685217e+02	
  1.1730000000000000e+04	 3.3399658924789833e+02	  1.2390711804320613e+02	
  1.1760000000000000e+04	 3.0262549319837927e+02	  1.0504247600900851e+02	
  1.1790000000000000e+04	 2.7953734115835090e+02	  9.6988979212142397e+01	
  1.1820000000000000e+04	 2.4165389528041757e+02	  8.6609422739829697e+01	
  1.1850000000000000e+04	 2.0046126638240850e+02	  6.8749466316214566e+01	
  1.1880000000000000e+04	 1.5441376414783136e+02	  4.7750862002077568e+01	
  1.1910000000000000e+04	 1.2347466602847510e+02	  3.5102596521406632e+01	
  1.1940000000000000e+04	 8.1021244397627896e+01	  1.8705952858610004e+01	
  1.1970000000000000e+04	 5.4854073799190935e+01	  9.8997122478516175e-01	
  1.2000000000000000e+04	 3.8216239759581029e+01	  -8.4620279547989199e+00	
  1.2030000000000000e+04	 1.4211826723597341e+01	  -1.2188110765240989e+01	
  1.2060000000000000e+04	 1.5807963409066037e+01	  -1.0486469081385334e+01	
  1.2090000000000000e+04	 1.6482754361466270e+01	  -1.2133752193870146e+01	
  1.2120000000000000e+04	 1.7424082919974914e+01	  -1.0324468331029109e+01	
  1.2150000000000000e+04	 1.6265254511856007e+01	  -9.8283954729262355e+00	
  1.2180000000000000e+04	 1.5635055275734892e+01	  -9.0082525558358810e+00	
  1.2210000000000000e+04	 1.3946949411131728e+01	  -7.4180747373588041e+00	
  1.2240000000000000e+04	 5.6991561015279636e+01	  -1.3654016375121184e+01	
  1.2270000000000000e+04	 7.3427225547000319e+01	  -1.7120192797207658e+01	
  1.2300000000000000e+04	 1.0033047010171981e+02	  -2.2806609370046175e+01	
  1.2330000000000000e+04	 1.2911312453263986e+02	  -2.9064066972451471e+01	
  1.2360000000000000e+04	 1.7689391450322975e+02	  -3.8870214787589212e+01	
  1.2390000000000000e+04	 2.0933005907607202e+02	  -4.1847519551338507e+01	
  1.2420000000000000e+04	 2.5486398836748961e+02	  -5.5813493136596875e+01	
  1.2450000000000000e+04	 2.9347736680922861e+02	  -6.4138101955098449e+01	
  1.2480000000000000e+04	 3.2332326147449908e+02	  -6.8059823066908336e+01	
  1.2510000000000000e+04	 3.6698413793185517e+02	  -7.7220435910194212e+01	
  1.2540000000000000e+04	 4.1109498334932130e+02	  -9.2837204571927913e+01	
  1.2570000000000000e+04	 4.1718496661664460e+02	  -8.9907709788982089e+01	
  1.2600000000000000e+04	 4.1627028740899766e+02	  -9.1358623460547733e+01	
  1.2630000000000000e+04	 4.1656529269011799e+02	  -8.9903020270764969e+01	
  1.2660000000000000e+04	 4.1602681605615862e+02	  -9.0054079243821448e+01	
  1.2690000000000000e+04	 4.1418483473348488e+02	  -8.9572706883603132e+01	
  1.2720000000000000e+04	 4.1567797808321632e+02	  -8.9440100615641867e+01	
  1.2750000000000000e+04	 4.1539668525248175e+02	  -9.0713998496465649e+01	
  1.2780000000000000e+04	 4.4279961872976855e+02	  -1.1235585888696389e+02	
  1.2810000000000000e+04	 4.7839933265088303e+02	  -1.4090743148183927e+02	
  1.2840000000000000e+04	 5.1171185303612214e+02	  -1.6090270551410066e+02	
  1.2870000000000000e+04	 5.3751497246420422e+02	  -1.7740759229653469e+02	
  1.2900000000000000e+04	 5.7894663300546551e+02	  -2.0726760848922848e+02	
  1.2930000000000000e+04	 5.9770354092091588e+02	  -2.2170412768709139e+02	
  1.2960000000000000e+04	 5.9935035666443571e+02	  -2.1977164325361133e+02	
  1.2990000000000000e+04	 6.0095940086732332e+02	  -2.2126051438856865e+02	
  1.3020000000000000e+04	 5.6680970080505892e+02	  -2.0314753029216160e+02	
  1.3050000000000000e+04	 5.3720398408443941e+02	  -1.9068100120903924e+02	
  1.3080000000000000e+04	 5.1025257872711569e+02	  -1.7216062917490419e+02	
  1.3110000000000000e+04	 4.7747176141350093e+02	  -1.5373571267440826e+02	
  1.3140000000000000e+04	 4.4219039489562368e+02	  -1.3761392649449019e+02	
  1.3170000000000000e+04	 4.1358511977081474e+02	  -1.2200782797936901e+02	
  1.3200000000000000e+04	 3.7351851592456427e+02	  -1.0689462844012451e+02	
  1.3230000000000000e+04	 3.4745504694810938e+02	  -9.6140841982230867e+01	
  1.3260000000000000e+04	 3.1758235228985853e+02	  -7.9530449846518664e+01	
  1.3290000000000000e+04	 2.8659357786004898e+02	  -5.8046269111696276e+01	
  1.3320000000000000e+04	 2.5861593822246351e+02	  -4.7550698715400706e+01	
  1.3350000000000000e+04	 2.3011983878981687e+02	  -3.1435380567380324e+01	
  1.3380000000000000e+04	 2.0560139212682131e+02	  -1.6925622263242737e+01	
  1.3410000000000000e+04	 1.7836781618554659e+02	  -9.1431294351876939e+00	
  1.3440000000000000e+04	 1.4283859269919139e+02	  5.0293790827967069e+00	
  1.3470000000000000e+04	 9.9305123416140816e+01	  2.2621597676395304e+01	
  1.3500000000000000e+04	 5.7238886549234593e+01	  4.1608844345709826e+01	
  1.3530000000000000e+04	 3.9437651923634704e+01	  5.0802088836089936e+01	
  1.3560000000000000e+04	 1.0081524205822618e+01	  6.5075167355132791e+01	
  1.3590000000000000e+04	 -1.5982811529614214e+01	  7.3797345531128286e+01	
  1.3620000000000000e+04	 -3.7376669293500697e+01	  8.3707093220455775e+01	
  1.3650000000000000e+04	 -7.8430191910071073e+01	  1.0290469510104307e+02	
  1.3680000000000000e+04	 -1.0635541837195132e+02	  1.1847254888220098e+02	
  1.3710000000000000e+04	 -1.4206905285044820e+02	  1.3771795613422188e+02	
  1.3740000000000000e+04	 -1.6271092973427380e+02	  1.4816875968513034e+02	
  1.3770000000000000e+04	 -1.8922405099263256e+02	  1.5978521735024776e+02	
  1.3800000000000000e+04	 -2.3075616836044566e+02	  1.8883554130037589e+02	
  1.3830000000000000e+04	 -2.6021976281703309e+02	  2.0464207449575841e+02	
  1.3860000000000000e+04	 -2.9011362857754369e+02	  2.2676635143887148e+02	
  1.3890000000000000e+04	 -3.2445022678698854e+02	  2.4952610780164548e+02	
  1.3920000000000000e+04	 -3.6433388488479193e+02	  2.6997446113542651e+02	
  1.3950000000000000e+04	 -4.0146776358081303e+02	  2.8852648779051339e+02	
  1.3980000000000000e+04	 -4.2685315079909373e+02	  3.0064895851970840e+02	
  1.4010000000000000e+04	 -4.5290813580158931e+02	  3.1869360385821381e+02	
  1.4040000000000000e+04	 -4.8070317320408856e+02	  3.3444932424344216e+02	
  1.4070000000000000e+04	 -5.0924900044015419e+02	  3.5299424059030133e+02	
  1.4100000000000000e+04	 -5.3921280347078880e+02	  3.7312122996905237e+02	
  1.4130000000000000e+04	 -5.7301922135241250e+02	  3.9545292439940897e+02	
  1.4160000000000000e+04	 -5.9498753395320568e+02	  4.1070212996965830e+02	
  1.4190000000000000e+04	 -6.2124661869656018e+02	  4.1901519894194780e+02	
  1.4220000000000000e+04	 -6.4176554953397920e+02	  4.3557451361664960e+02	
  1.4250000000000000e+04	 -6.1679017976614114e+02	  4.5633107331231764e+02	
  1.4280000000000000e+04	 -5.8252808358453410e+02	  4.8688838705664801e+02	
  1.4310000000000000e+04	 -5.5871308461928902e+02	  5.0768660458885574e+02	
  1.4340000000000000e+04	 -5.3894409167195818e+02	  5.1983606279330672e+02	
  1.4370000000000000e+04	 -5.1912874039275152e+02	  5.3782519491092739e+02	
  1.4400000000000000e+04	 -4.9974985459971731e+02	  5.5495078299989768e+02	
  1.4430000000000000e+04	 -4.8577649311936881e+02	  5.6748695298781774e+02	
  1.4460000000000000e+04	 -4.6057490192580497e+02	  5.7855293737819727e+02	
  1.4490000000000000e+04	 -4.2892987433196032e+02	  5.9815343654421588e+02	
  1.4520000000000000e+04	 -3.9536169072762391e+02	  6.1494271544314552e+02	
  1.4550000000000000e+04	 -3.7244447107531687e+02	  6.2710209492259992e+02	
  1.4580000000000000e+04	 -3.3634039680187198e+02	  6.5157196220760852e+02	
  1.4610000000000000e+04	 -3.0694643955406320e+02	  6.4191685149809632e+02	
  1.4640000000000000e+04	 -2.7430834093212405e+02	  6.2772726479973096e+02	
  1.4670000000000000e+04	 -2.4680311157334376e+02	  6.1451129459457547e+02	
  1.4700000000000000e+04	 -2.2012456037979456e+02	  6.0730655954641315e+02	
  1.4730000000000000e+04	 -1.9463614391131253e+02	  5.9656895840392758e+02	
  1.4760000000000000e+04	 -1.5358173211869860e+02	  5.7959987339011991e+02	
  1.4790000000000000e+04	 -1.2996296959745845e+02	  5.6653655018690438e+02	
  1.4820000000000000e+04	 -8.5810919564095911e+01	  5.5016634306664048e+02	
  1.4850000000000000e+04	 -5.9537194779720579e+01	  5.3436540527795762e+02	
  1.4880000000000000e+04	 -3.6651379520493464e+01	  5.2398602088515622e+02	
  1.4910000000000000e+04	 -1.1976545120055899e+01	  5.1898892669926511e+02	
  1.4940000000000000e+04	 1.7264655553481525e+01	  5.1401586189203113e+02	
  1.4970000000000000e+04	 4.3725966062102096e+01	  5.0722195729870327e+02	
  1.5000000000000000e+04	 6.0275439369016127e+01	  4.9664714726992418e+02	
  1.5030000000000000e+04	 9.3786848738804608e+01	  4.8340604719587640e+02	
  1.5060000000000000e+04	 1.2780615822220925e+02	  4.6827285196226120e+02	
  1.5090000000000000e+04	 1.7536056001905865e+02	  4.4822067350483837e+02	
  1.5120000000000000e+04	 2.1951750521479823e+02	  4.2911151695489366e+02	
  1.5150000000000000e+04	 2.5010391001758524e+02	  4.1498860916243325e+02	
  1.5180000000000000e+04	 2.8110228890377402e+02	  4.0408534479970172e+02	
  1.5210000000000000e+04	 3.2282561709233318e+02	  3.9149547834911698e+02	
  1.5240000000000000e+04	 3.6407152403737979e+02	  3.7496162779498502e+02	
  1.5270000000000000e+04	 3.8833870199465400e+02	  3.6411916306852919e+02	
  1.5300000000000000e+04	 4.1342102385118568e+02	  3.5751035788851237e+02	
  1.5330000000000000e+04	 4.5738300337197359e+02	  3.4556629973073285e+02	
  1.5360000000000000e+04	 5.0217177276893062e+02	  3.2814279421429819e+02	
  1.5390000000000000e+04	 5.3180719060287004e+02	  3.2658013206739099e+02	
  1.5420000000000000e+04	 5.6242465644693118e+02	  3.2215337890673464e+02	
  1.5450000000000000e+04	 5.8152812490606334e+02	  3.1073439507702528e+02	
  1.5480000000000000e+04	 5.8278256386502142e+02	  3.0962517904500805e+02	
  1.5510000000000000e+04	 5.8223424357187196e+02	  3.0872869854349648e+02	
  1.5540000000000000e+04	 5.8154243070501514e+02	  3.0914657323011733e+02	
  1.5570000000000000e+04	 5.7961792435272741e+02	  3.0821367455151727e+02	
  1.5600000000000000e+04	 5.7768944334611228e+02	  3.0697363628689186e+02	
  1.5630000000000000e+04	 5.7615903248475115e+02	  3.0520811887425560e+02	
  1.5660000000000000e+04	 5.7479439234756819e+02	  3.0661138465655063e+02	
  1.5690000000000000e+04	 5.7367224264836693e+02	  3.0843805898566791e+02	
  1.5720000000000000e+04	 5.4328528283317326e+02	  2.7742270198934807e+02	
  1.5750000000000000e+04	 5.1543217483901128e+02	  2.3861394455950060e+02	
  1.5780000000000000e+04	 4.8764767218478022e+02	  2.0340396486696650e+02	
  1.5810000000000000e+04	 4.5642480537704165e+02	  1.7398296156003150e+02	
  1.5840000000000000e+04	 4.2707403668970142e+02	  1.4161813705357855e+02	
  1.5870000000000000e+04	 3.9499228108066058e+02	  1.0825885703479963e+02	
  1.5900000000000000e+04	 3.7540012527161798e+02	  8.7293199817609832e+01	
  1.5930000000000000e+04	 3.4741648907143178e+02	  5.0334819112096412e+01	
  1.5960000000000000e+04	 3.2285683257716687e+02	  2.5995404512391762e+01	
  1.5990000000000000e+04	 2.9433089163930907e+02	  -6.6945295818930042e+00	
  1.6020000000000000e+04	 2.7233646201488182e+02	  -3.4419202975851775e+01	
  1.6050000000000000e+04	 2.4080526524183051e+02	  -7.3510642189135723e+01	
  1.6080000000000000e+04	 2.2108344999251719e+02	  -8.8013961022988525e+01	
  1.6110000000000000e+04	 2.0393432380401381e+02	  -1.0797477424320273e+02	
  1.6140000000000000e+04	 1.7911428721813908e+02	  -1.3481698869864056e+02	
  1.6170000000000000e+04	 1.6036756427901446e+02	  -1.6242266277916397e+02	
  1.6200000000000000e+04	 1.2044247652698829e+02	  -1.8366936047594618e+02	
  1.6230000000000000e+04	 9.6266160283411310e+01	  -1.9047632273051303e+02	
  1.6260000000000000e+04	 7.1582510981485484e+01	  -2.0112748596383761e+02	
  1.6290000000000000e+04	 3.4212170499591508e+01	  -2.2195329584774865e+02	
  1.6320000000000000e+04	 1.0363813657035472e+01	  -2.3487969146381133e+02	
  1.6350000000000000e+04	 -1.3459312349254283e+01	  -2.4579091580386412e+02	
  1.6380000000000000e+04	 -3.5806212055909768e+01	  -2.5349365950279076e+02	
  1.6410000000000000e+04	 -5.8305566355509640e+01	  -2.6602802876453836e+02	
  1.6440000000000000e+04	 -9.1252093068417295e+01	  -2.8338988094792461e+02	
  1.6470000000000000e+04	 -1.2182445490556890e+02	  -3.0531840978437651e+02	
  1.6500000000000000e+04	 -1.6411081164194940e+02	  -3.2055464298794095e+02	
  1.6530000000000000e+04	 -1.9717701209845850e+02	  -3.3454055497936702e+02	
  1.6560000000000000e+04	 -2.2947679131666115e+02	  -3.5598175893027752e+02	
  1.6590000000000000e+04	 -2.5735058443468705e+02	  -3.6806668169776060e+02	
  1.6620000000000000e+04	 -2.6203996301919028e+02	  -3.7512065286680604e+02	
  1.6650000000000000e+04	 -2.6253324528048569e+02	  -3.7331728217783291e+02	
  1.6680000000000000e+04	 -2.6181319320526177e+02	  -3.7223222347537057e+02	
  1.6710000000000000e+04	 -2.6015179723036169e+02	  -3.7346145403852535e+02	
  1.6740000000000000e+04	 -2.5938012108511168e+02	  -3.7435881723357136e+02	
  1.6770000000000000e+04	 -2.5950097527706248e+02	  -3.7480580652238120e+02	
  1.6800000000000000e+04	 -2.6065901253030160e+02	  -3.7558932175676944e+02	
  1.6830000000000000e+04	 -2.5942236700066331e+02	  -3.7541638728321323e+02	
  1.6860000000000000e+04	 -2.5982288438831318e+02	  -3.7443271835870144e+02	
  1.6890000000000000e+04	 -2.2098998824579238e+02	  -3.5912147544109035e+02	
  1.6920000000000000e+04	 -1.9241661277957422e+02	  -3.5022884807419263e+02	
  1.6950000000000000e+04	 -1.4978245353406157e+02	  -3.2800199480154737e+02	
  1.6980000000000000e+04	 -1.1309590780101560e+02	  -3.1375084648066991e+02	
  1.7010000000000000e+04	 -7.3291646111787230e+01	  -2.9557898346563809e+02	
  1.7040000000000000e+04	 -4.1972024271304221e+01	  -2.7952174112394965e+02	
  1.7070000000000000e+04	 6.3311419889190219e+00	  -2.5631071283344795e+02	
  1.7100000000000000e+04	 4.3164225675333704e+01	  -2.4343731231096592e+02	
  1.7130000000000000e+04	 6.9967029007792547e+01	  -2.2575359289259754e+02	
  1.7160000000000000e+04	 1.1124166132378531e+02	  -2.0617895057346652e+02	
  1.7190000000000000e+04	 1.4967788214183571e+02	  -1.9282102909651735e+02	
  1.7220000000000000e+04	 1.8129975143335417e+02	  -1.7595832643725214e+02	
  1.7250000000000000e+04	 2.1722692009792962e+02	  -1.6252614294555468e+02	
  1.7280000000000000e+04	 2.6415534656944982e+02	  -1.7780430648861710e+02	
  1.7310000000000000e+04	 2.8475617543037293e+02	  -1.8816560378353157e+02	
  1.7340000000000000e+04	 3.0459629018986533e+02	  -1.9788624955891402e+02	
  1.7370000000000000e+04	 3.4414547631174111e+02	  -2.0801104588782158e+02	
  1.7400000000000000e+04	 3.8896053202233736e+02	  -2.1967374394608657e+02	
  1.7430000000000000e+04	 4.3318363326329268e+02	  -2.3206487307416418e+02	
  1.7460000000000000e+04	 4.7063264760348193e+02	  -2.4803785715285409e+02	
  1.7490000000000000e+04	 4.9046673822745652e+02	  -2.5816959471178251e+02	
  1.7520000000000000e+04	 5.3013571072072887e+02	  -2.7296363501415817e+02	
  1.7550000000000000e+04	 5.4947450290208337e+02	  -2.8223982086684185e+02	
  1.7580000000000000e+04	 5.7847271753178518e+02	  -2.8673786712913011e+02	
  1.7610000000000000e+04	 6.1074496599166287e+02	  -2.9745352534316424e+02	
  1.7640000000000000e+04	 6.1053683141914166e+02	  -2.9570739060109190e+02	
  1.7670000000000000e+04	 6.0867347680099579e+02	  -2.9701362207550392e+02	
  1.7700000000000000e+04	 6.1036077125461668e+02	  -2.9736916043999730e+02	
  1.7730000000000000e+04	 6.1193783619911665e+02	  -2.9832486316896052e+02	
  1.7760000000000000e+04	 6.1290593735198286e+02	  -2.9693310347052892e+02	
  1.7790000000000000e+04	 6.1297012969483831e+02	  -2.9578019333524855e+02	
  1.7820000000000000e+04	 6.1308713262914102e+02	  -2.9500785692813650e+02	
  1.7850000000000000e+04	 6.1348964207207700e+02	  -2.9430755572614055e+02	
  1.7880000000000000e+04	 6.1532035300587370e+02	  -2.9374844593363525e+02	
  1.7910000000000000e+04	 6.0501508288680532e+02	  -2.8081205044819984e+02	
  1.7940000000000000e+04	 5.9029901602518783e+02	  -2.6274356883536603e+02	
  1.7970000000000000e+04	 5.7435258909005563e+02	  -2.4360193319406056e+02	
  1.8000000000000000e+04	 5.5317877515353598e+02	  -2.2328633980282936e+02	
  1.8030000000000000e+04	 5.3958064563040273e+02	  -2.0346208531132856e+02	
  1.8060000000000000e+04	 5.1587280582016717e+02	  -1.7588208606495971e+02	
  1.8090000000000000e+04	 4.9171640979515445e+02	  -1.4881308799496910e+02	
  1.8120000000000000e+04	 4.7402252206335851e+02	  -1.2941120472675050e+02	
  1.8150000000000000e+04	 4.5766336458989167e+02	  -1.0812976017165356e+02	
  1.8180000000000000e+04	 4.3799654779165917e+02	  -8.1752589707895083e+01	
  1.8210000000000000e+04	 4.2495992130649398e+02	  -5.6991166702202193e+01	
  1.8240000000000000e+04	 4.0263324867834962e+02	  -2.0968861291680092e+01	
  1.8270000000000000e+04	 3.8868557682476751e+02	  3.1611966867703565e+00	
  1.8300000000000000e+04	 3.6128803139590809e+02	  3.3684787337681300e+01	
  1.8330000000000000e+04	 3.3001572761667410e+02	  7.2884454697317778e+01	
  1.8360000000000000e+04	 3.2090758292219090e+02	  9.0793206322169070e+01	
  1.8390000000000000e+04	 2.9947801655257450e+02	  1.1090751250613076e+02	
  1.8420000000000000e+04	 2.7506776985027955e+02	  1.4291445610059759e+02	
  1.8450000000000000e+04	 2.5186748471046138e+02	  1.7394229061897244e+02	
  1.8480000000000000e+04	 2.2158731650017410e+02	  2.0925443882091741e+02	
  1.8510000000000000e+04	 1.9356302149182579e+02	  2.4632559457802932e+02	
  1.8540000000000000e+04	 1.6119732023128194e+02	  2.8728399711750296e+02	
  1.8570000000000000e+04	 1.4134133976591849e+02	  3.1423964535732347e+02	
  1.8600000000000000e+04	 1.2878601567574589e+02	  3.3194200412824136e+02	
  1.8630000000000000e+04	 9.9835809643230434e+01	  3.6458563561676505e+02	
  1.8660000000000000e+04	 7.9670025540603120e+01	  3.8959990006870743e+02	
  1.8690000000000000e+04	 6.3927428410716288e+01	  4.0558612363400266e+02	
  1.8720000000000000e+04	 4.0961593580340740e+01	  4.3891855879530664e+02	
  1.8750000000000000e+04	 1.7989327583969512e+01	  4.7598656111038537e+02	
  1.8780000000000000e+04	 -4.4295181147411640e+00	  5.0808432763025360e+02	
  1.8810000000000000e+04	 -6.0518667679830607e-02	  4.9107747319690816e+02	
  1.8840000000000000e+04	 1.7618009893390003e+01	  4.5026634322307450e+02	
  1.8870000000000000e+04	 3.9785313906318450e+01	  4.0649328362417026e+02	
  1.8900000000000000e+04	 4.5338109912557918e+01	  3.8489360074190489e+02	
  1.8930000000000000e+04	 6.8753257583519272e+01	  3.3764474350791147e+02	
  1.8960000000000000e+04	 8.8538414974452891e+01	  2.9629393853616011e+02	
  1.8990000000000000e+04	 9.9836256299576718e+01	  2.7180765818254673e+02	
  1.9020000000000000e+04	 1.0733891217501009e+02	  2.4640246421267187e+02	
  1.9050000000000000e+04	 1.2457886937013427e+02	  2.0456524793658389e+02	
  1.9080000000000000e+04	 1.3106149061242948e+02	  1.7237102643282279e+02	
  1.9110000000000000e+04	 1.4182656621134424e+02	  1.4072210935644006e+02	
  1.9140000000000000e+04	 1.6048869165412373e+02	  9.0569982566457469e+01	
  1.9170000000000000e+04	 1.7166242556124169e+02	  5.2361205516455833e+01	
  1.9200000000000000e+04	 1.8940402148022116e+02	  1.1507045483188698e+01	
  1.9230000000000000e+04	 1.9915922599442237e+02	  -1.3396214638003933e+01	
  1.9260000000000000e+04	 2.1497956056655767e+02	  -5.6304298276754722e+01	
  1.9290000000000000e+04	 2.2615431458910575e+02	  -8.6939926075443850e+01	
  1.9320000000000000e+04	 2.3881574405532427e+02	  -1.0843669948247398e+02	
  1.9350000000000000e+04	 2.4462855330578100e+02	  -1.2742120402918601e+02	
  1.9380000000000000e+04	 2.5996911303007801e+02	  -1.5476539441432058e+02	
  1.9410000000000000e+04	 2.6983553933345161e+02	  -1.8566274069176967e+02	
  1.9440000000000000e+04	 2.8708850079968005e+02	  -2.1236100341154665e+02	
  1.9470000000000000e+04	 2.9556635417574859e+02	  -2.3318792313130567e+02	
  1.9500000000000000e+04	 2.9205140353664814e+02	  -2.0329015051887515e+02	
  1.9530000000000000e+04	 2.9300679977853389e+02	  -1.6354380932807837e+02	
  1.9560000000000000e+04	 2.8967841539416600e+02	  -1.2473824626026409e+02	
  1.9590000000000000e+04	 2.8199513709448382e+02	  -9.2497613083706028e+01	
  1.9620000000000000e+04	 2.7973661226720589e+02	  -5.7996305787368250e+01	
  1.9650000000000000e+04	 2.7178024456046506e+02	  -9.4809553061996823e+00	
  1.9680000000000000e+04	 2.7145438488867421e+02	  1.1426487803898233e+01	
  1.9710000000000000e+04	 2.6555590481787124e+02	  4.4108655817551124e+01	
  1.9740000000000000e+04	 2.6840992558885011e+02	  6.9828283927910576e+01	
  1.9770000000000000e+04	 2.6426160489388951e+02	  1.0321797667409149e+02	
  1.9800000000000000e+04	 2.6124577632821786e+02	  1.4633631027309843e+02	
  1.9830000000000000e+04	 2.5678255690003471e+02	  1.7828298383634092e+02	
  1.9860000000000000e+04	 2.5145351735600977e+02	  2.0250336999229540e+02	
  1.9890000000000000e+04	 2.4676694647897168e+02	  2.4434933797977163e+02	
  1.9920000000000000e+04	 2.4030287636962402e+02	  2.8417887926507535e+02	
  1.9950000000000000e+04	 2.3811310853955271e+02	  3.1204881419308526e+02	
  1.9980000000000000e+04	 2.3644617344676783e+02	  3.6058490149187554e+02	
  2.0010000000000000e+04	 2.3883742222817429e+02	  4.0499816241840693e+02	
  2.0040000000000000e+04	 2.3772562579791938e+02	  4.5001420025820170e+02	
  2.0070000000000000e+04	 2.3405336468048418e+02	  4.8037315771675952e+02	
  2.0100000000000000e+04	 2.3152240456198598e+02	  5.0115886922636417e+02	
  2.0130000000000000e+04	 2.3081941440041462e+02	  5.1829960861054121e+02	
  2.0160000000000000e+04	 2.3008317242378234e+02	  5.1725544892512403e+02	
  2.0190000000000000e+04	 2.3031187744276630e+02	  5.1859617036518227e+02	
  2.0220000000000000e+04	 2.3213526464800631e+02	  5.1670837981586442e+02	
  2.0250000000000000e+04	 2.3089303351733253e+02	  5.1701439393408737e+02	
  2.0280000000000000e+04	 2.2916395374293378e+02	  5.1534078528452596e+02	
  2.0310000000000000e+04	 2.2719011854869444e+02	  5.1706796449209571e+02	
  2.0340000000000000e+04	 2.0013278254114212e+02	  5.0112425675372572e+02	
  2.0370000000000000e+04	 1.8480510562055110e+02	  4.8731514787964647e+02	
  2.0400000000000000e+04	 1.4473765662873075e+02	  4.6612026385119401e+02	
  2.0430000000000000e+04	 1.2644390926325568e+02	  4.5406502886171353e+02	
  2.0460000000000000e+04	 9.8186889843711953e+01	  4.4271644647247160e+02	
  2.0490000000000000e+04	 6.8499827857808896e+01	  4.3153819019822424e+02	
  2.0520000000000000e+04	 3.1105240617815738e+01	  4.1975424014895833e+02	
  2.0550000000000000e+04	 -2.1946881508899736e+00	  3.9887843924935544e+02	
  2.0580000000000000e+04	 -2.5711350584829503e+01	  3.8731048404477463e+02	
  2.0610000000000000e+04	 -5.6377347547312098e+01	  3.7350642033246879e+02	
  2.0640000000000000e+04	 -1.0353110438044489e+02	  3.5859931577975067e+02	
  2.0670000000000000e+04	 -1.2554890874915193e+02	  3.4407462636291399e+02	
  2.0700000000000000e+04	 -1.5666213604916851e+02	  3.3251820180125657e+02	
  2.0730000000000000e+04	 -1.8318867161683906e+02	  3.1747817455999757e+02	
  2.0760000000000000e+04	 -1.8623747937935414e+02	  3.1455149905935616e+02	
  2.0790000000000000e+04	 -1.8527438126645154e+02	  3.1380007538632321e+02	
  2.0820000000000000e+04	 -1.8634481112197241e+02	  3.1211941485939218e+02	
  2.0850000000000000e+04	 -1.8548067611576371e+02	  3.1147176870000351e+02	
  2.0880000000000000e+04	 -1.8628434683160714e+02	  3.1203115802462958e+02	
  2.0910000000000000e+04	 -2.1376599470203888e+02	  3.3637729628661742e+02	
  2.0940000000000000e+04	 -2.3679560998573146e+02	  3.6011194158945159e+02	
  2.0970000000000000e+04	 -2.7358155773687804e+02	  3.8724496938780669e+02	
  2.1000000000000000e+04	 -2.9109715094750868e+02	  4.0240353720512115e+02	
  2.1030000000000000e+04	 -3.2698077904076013e+02	  4.2854548865053766e+02	
  2.1060000000000000e+04	 -3.5999007383639855e+02	  4.5903103174371006e+02	
  2.1090000000000000e+04	 -3.8280830337914136e+02	  4.7963308527662798e+02	
  2.1120000000000000e+04	 -4.0806138455358132e+02	  4.9334951963957690e+02	
  2.1150000000000000e+04	 -4.4219773310587419e+02	  5.1361406321216543e+02	
  2.1180000000000000e+04	 -4.8222264796755758e+02	  5.4153815319199862e+02	
  2.1210000000000000e+04	 -5.0342032815512636e+02	  5.5484229107147587e+02	
  2.1240000000000000e+04	 -5.3636763656884580e+02	  5.7923123967933077e+02	
  2.1270000000000000e+04	 -5.6284411388357000e+02	  6.0508339372149430e+02	
  2.1300000000000000e+04	 -5.7697833153195495e+02	  6.1783645092716040e+02	
  2.1330000000000000e+04	 -5.9822014310301199e+02	  6.3813001640382549e+02	
  2.1360000000000000e+04	 -6.3001468762690695e+02	  6.7087337279771884e+02	
  2.1390000000000000e+04	 -6.7080730223049295e+02	  7.0253890055035129e+02	
  2.1420000000000000e+04	 -6.6931054478349984e+02	  7.0194566779590832e+02	
  2.1450000000000000e+04	 -6.6945441099043910e+02	  7.0062486576917559e+02	
  2.1480000000000000e+04	 -6.6926981762485002e+02	  6.9976439397594891e+02	
  2.1510000000000000e+04	 -6.6734974436772359e+02	  7.0079078214073388e+02	
  2.1540000000000000e+04	 -6.6886191083344613e+02	  6.9880703568713056e+02	
  2.1570000000000000e+04	 -6.7068500985530898e+02	  6.9699593931613663e+02	
  2.1600000000000000e+04	 -6.7147808440592530e+02	  6.9866783545896647e+02	
  2.1630000000000000e+04	 -6.7249130414689466e+02	  6.9980360390911517e+02	
  2.1660000000000000e+04	 -6.7294839591508889e+02	  6.9954774955451273e+02	
  2.1690000000000000e+04	 -6.3877525266741100e+02	  6.8219631267590171e+02	
  2.1720000000000000e+04	 -6.1308118211081705e+02	  6.7158424790021490e+02	
  2.1750000000000000e+04	 -5.9112529472978576e+02	  6.5608493172700696e+02	
  2.1780000000000000e+04	 -5.6099606978995860e+02	  6.4070948631178635e+02	
  2.1810000000000000e+04	 -5.3572962475231043e+02	  6.2458537605089009e+02	
  2.1840000000000000e+04	 -5.1881619853893085e+02	  6.1220545663883809e+02	
  2.1870000000000000e+04	 -4.9371699647981097e+02	  5.9863324763795674e+02	
  2.1900000000000000e+04	 -4.6761662428819483e+02	  5.8828495371942029e+02	
  2.1930000000000000e+04	 -4.4056421439823635e+02	  5.7546866391033700e+02	
  2.1960000000000000e+04	 -4.0340905715558569e+02	  5.4724402277349395e+02	
  2.1990000000000000e+04	 -3.7105106859228249e+02	  5.2537470232510191e+02	
  2.2020000000000000e+04	 -3.5433147846723813e+02	  4.8064768317663021e+02	
  2.2050000000000000e+04	 -3.3956438874482217e+02	  4.3009219281741110e+02	
  2.2080000000000000e+04	 -3.2782067326132403e+02	  3.9315853816084569e+02	
  2.2110000000000000e+04	 -3.1464547894004710e+02	  3.5030809304359059e+02	
  2.2140000000000000e+04	 -3.0367873584249799e+02	  3.0534721382819021e+02	
  2.2170000000000000e+04	 -2.9469103981351384e+02	  2.7820884853420495e+02	
  2.2200000000000000e+04	 -2.8330345105913818e+02	  2.5495470033527729e+02	
  2.2230000000000000e+04	 -2.7268146485097384e+02	  2.3482181982889148e+02	
  2.2260000000000000e+04	 -2.5392777537330355e+02	  1.9460072860583725e+02	
  2.2290000000000000e+04	 -2.4444078523400111e+02	  1.6116411706409195e+02	
  2.2320000000000000e+04	 -2.2639938635074029e+02	  1.1186129521043766e+02	
  2.2350000000000000e+04	 -2.1825373038450132e+02	  7.8001306470348993e+01	
  2.2380000000000000e+04	 -2.0993042653619833e+02	  4.8720625456125163e+01	
  2.2410000000000000e+04	 -1.9625529859138430e+02	  1.7673674076746163e+01	
  2.2440000000000000e+04	 -1.8726087452386273e+02	  -1.3865751346061138e+01	
  2.2470000000000000e+04	 -1.7008123654458322e+02	  -5.4924169569242558e+01	
  2.2500000000000000e+04	 -1.5859501040519967e+02	  -9.8979841472030074e+01	
  2.2530000000000000e+04	 -1.4622347707045796e+02	  -1.3238494039116296e+02	
  2.2560000000000000e+04	 -1.3162954044207908e+02	  -1.6745731837206827e+02	
  2.2590000000000000e+04	 -1.2504840897439513e+02	  -1.9202475636896816e+02	
  2.2620000000000000e+04	 -1.1274514706051686e+02	  -2.0237530610454351e+02	
  2.2650000000000000e+04	 -7.7451829966456714e+01	  -2.3408301609493580e+02	
  2.2680000000000000e+04	 -6.3819293068338489e+01	  -2.5179149624536811e+02	
  2.2710000000000000e+04	 -3.1847265930684177e+01	  -2.7700643969488283e+02	
  2.2740000000000000e+04	 -1.3187008084676297e+01	  -2.9745377899836149e+02	
  2.2770000000000000e+04	 1.8161735053086201e+01	  -3.2999580376565717e+02	
  2.2800000000000000e+04	 4.6688458296482018e+01	  -3.5707439030161959e+02	
  2.2830000000000000e+04	 7.6473598473787931e+01	  -3.8575284637019979e+02	
  2.2860000000000000e+04	 1.1350368293169785e+02	  -4.1522854088698972e+02	
  2.2890000000000000e+04	 1.3439977215763903e+02	  -4.3502830162114515e+02	
  2.2920000000000000e+04	 1.6277989083601878e+02	  -4.5525475808005098e+02	
  2.2950000000000000e+04	 1.8244859715390132e+02	  -4.1421876032309206e+02	
  2.2980000000000000e+04	 1.9012600658929020e+02	  -3.8477284447585799e+02	
  2.3010000000000000e+04	 1.9773624016463523e+02	  -3.6091110682488073e+02	
  2.3040000000000000e+04	 2.0884982063579503e+02	  -3.3109947853906687e+02	
  2.3070000000000000e+04	 2.1786775909985366e+02	  -2.9969805208048086e+02	
  2.3100000000000000e+04	 2.3173026144191408e+02	  -2.8151241948392783e+02	
  2.3130000000000000e+04	 2.3797951997522665e+02	  -2.6052779728800829e+02	
  2.3160000000000000e+04	 2.5311789150469266e+02	  -2.1706865352265714e+02	
  2.3190000000000000e+04	 2.6645161663921226e+02	  -1.8459266365408925e+02	
  2.3220000000000000e+04	 2.8314582980072322e+02	  -1.4169762529569510e+02	
  2.3250000000000000e+04	 2.9800027412717543e+02	  -9.9446616596529424e+01	
  2.3280000000000000e+04	 3.1443536117362760e+02	  -7.6228677845400739e+01	
  2.3310000000000000e+04	 3.3218928847552269e+02	  -4.0693340720231802e+01	
  2.3340000000000000e+04	 3.4544163023392002e+02	  -5.6479121561503121e+00	
  2.3370000000000000e+04	 3.6141750211894720e+02	  2.8928118646438591e+01	
  2.3400000000000000e+04	 3.6898604115774663e+02	  4.4627188435636413e+01	
  2.3430000000000000e+04	 3.8121961360502917e+02	  7.5863518757626622e+01	
  2.3460000000000000e+04	 3.9871857504405574e+02	  1.0145926089780565e+02	
  2.3490000000000000e+04	 4.1389514522894893e+02	  1.2900196642086706e+02	
  2.3520000000000000e+04	 4.2978957502556227e+02	  1.5643374384417012e+02	
  2.3550000000000000e+04	 4.4271077545225057e+02	  1.7438407397578419e+02	
  2.3580000000000000e+04	 4.5187512425745200e+02	  2.1333128169035183e+02	
  2.3610000000000000e+04	 4.6416780900097251e+02	  2.5261173753541829e+02	
  2.3640000000000000e+04	 4.2707946290465941e+02	  2.6153011044838945e+02	
  2.3670000000000000e+04	 3.9934419720818892e+02	  2.6772428085437463e+02	
  2.3700000000000000e+04	 3.7164406474273716e+02	  2.7733023730755394e+02	
  2.3730000000000000e+04	 3.3853714751556856e+02	  2.7935594515663962e+02	
  2.3760000000000000e+04	 2.8994131423091181e+02	  2.9107253974697664e+02	
  2.3790000000000000e+04	 2.5645509508193510e+02	  2.9423330379599531e+02	
  2.3820000000000000e+04	 2.2653619386884904e+02	  3.0152626309103272e+02	
  2.3850000000000000e+04	 2.0733501065542001e+02	  3.0599736909595720e+02	
  2.3880000000000000e+04	 1.7295203247086133e+02	  3.0973684730176751e+02	
  2.3910000000000000e+04	 1.5323183686364297e+02	  3.1173576946009808e+02	
  2.3940000000000000e+04	 1.2910769746279146e+02	  3.1752610671341733e+02	
  2.3970000000000000e+04	 9.1304258005019406e+01	  3.2418554029263305e+02	
  2.4000000000000000e+04	 6.5827603796944175e+01	  3.2656753966873225e+02	
  2.4030000000000000e+04	 2.1952830621429051e+01	  3.3899682505688509e+02	
  2.4060000000000000e+04	 -2.4352333613032371e+01	  3.4455293272433539e+02	
  2.4090000000000000e+04	 -7.1619958352083216e+01	  3.5595616943137355e+02	
  2.4120000000000000e+04	 -1.1809654167220489e+02	  3.6658690701742614e+02	
  2.4150000000000000e+04	 -1.5033605555387376e+02	  3.6859717885515522e+02	
  2.4180000000000000e+04	 -1.9966577732792919e+02	  3.7493303147650943e+02	
  2.4210000000000000e+04	 -2.4135173887382331e+02	  3.8744421110645055e+02	
  2.4240000000000000e+04	 -2.7365184427725023e+02	  3.9221788165081205e+02	
  2.4270000000000000e+04	 -3.0015469621052216e+02	  3.9289387837237717e+02	
  2.4300000000000000e+04	 -3.3884845477208569e+02	  4.0008061384644287e+02	
  2.4330000000000000e+04	 -3.7703235513343941e+02	  4.1154558536791848e+02	
  2.4360000000000000e+04	 -4.1784434203777380e+02	  4.2069289289305101e+02	
  2.4390000000000000e+04	 -4.5969393406513785e+02	  4.2978354995957534e+02	
  2.4420000000000000e+04	 -4.7573382391748294e+02	  4.2639888336177751e+02	
  2.4450000000000000e+04	 -4.7461398935625880e+02	  4.2593685964731702e+02	
  2.4480000000000000e+04	 -4.4712206534760645e+02	  3.9635688363056698e+02	
  2.4510000000000000e+04	 -4.1133911753623835e+02	  3.5889120997758778e+02	
  2.4540000000000000e+04	 -3.8289111786155121e+02	  3.3324978766119227e+02	
  2.4570000000000000e+04	 -3.5458482766871532e+02	  3.0263781928192964e+02	
  2.4600000000000000e+04	 -3.2298371447094087e+02	  2.7250886561510663e+02	
  2.4630000000000000e+04	 -2.9922486634382909e+02	  2.4510357633535963e+02	
  2.4660000000000000e+04	 -2.8297910238300511e+02	  2.1537809920131789e+02	
  2.4690000000000000e+04	 -2.6088493914998156e+02	  1.8828799313546642e+02	
  2.4720000000000000e+04	 -2.4041093235518571e+02	  1.6756223660911931e+02	
  2.4750000000000000e+04	 -2.1165331620258547e+02	  1.2542440301774346e+02	
  2.4780000000000000e+04	 -1.9750614330366881e+02	  1.0272965167920758e+02	
  2.4810000000000000e+04	 -1.8238974748155528e+02	  8.8225867063020502e+01	
  2.4840000000000000e+04	 -1.5919297687357627e+02	  6.5766623989115701e+01	
  2.4870000000000000e+04	 -1.3003394043613577e+02	  3.6869487769691389e+01	
  2.4900000000000000e+04	 -1.1725767208788508e+02	  2.2351115145188309e+01	
  2.4930000000000000e+04	 -8.8995602728159156e+01	  -1.5676603277157199e+01	
  2.4960000000000000e+04	 -6.6413824829726167e+01	  -3.9744725547319341e+01	
  2.4990000000000000e+04	 -4.4548577989307759e+01	  -6.1317355847383361e+01	
  2.5020000000000000e+04	 -2.6558413984755425e+01	  -8.3164197349629319e+01	
  2.5050000000000000e+04	 -8.3231541816813888e+00	  -1.0764116955448119e+02	
  2.5080000000000000e+04	 1.8570349361405519e+01	  -1.3975994408719544e+02	
  2.5110000000000000e+04	 3.2904292825771869e+01	  -1.6192283393120596e+02	
  2.5140000000000000e+04	 5.9704126519622605e+01	  -1.9030169816921784e+02	
  2.5170000000000000e+04	 8.5275179760904251e+01	  -2.1945438870256891e+02	
  2.5200000000000000e+04	 1.0418030071531942e+02	  -2.4761835493449834e+02	
  2.5230000000000000e+04	 1.1982420336417708e+02	  -2.6785483557450624e+02	
  2.5260000000000000e+04	 1.3554921619648164e+02	  -2.8315012645087666e+02	
  2.5290000000000000e+04	 1.5623870927532832e+02	  -3.0578610867136285e+02	
  2.5320000000000000e+04	 1.7672832451883221e+02	  -3.3568545053802353e+02	
  2.5350000000000000e+04	 1.9800730694250461e+02	  -3.5540629937786264e+02	
  2.5380000000000000e+04	 2.2529964063505722e+02	  -3.8515571157209985e+02	
  2.5410000000000000e+04	 2.4974318004233550e+02	  -4.1077400680304322e+02	
  2.5440000000000000e+04	 2.8474090587821007e+02	  -4.4371092078959367e+02	
  2.5470000000000000e+04	 3.0833829045383925e+02	  -4.7402415295326421e+02	
  2.5500000000000000e+04	 3.3091403106567373e+02	  -4.9684972217671782e+02	
  2.5530000000000000e+04	 3.3242357934614535e+02	  -4.9715616339869797e+02	
  2.5560000000000000e+04	 3.4066756359954650e+02	  -4.7474631065217039e+02	
  2.5590000000000000e+04	 3.5065871779228945e+02	  -4.4839085956618868e+02	
  2.5620000000000000e+04	 3.5587751628066837e+02	  -3.9965210859585994e+02	
  2.5650000000000000e+04	 3.6055342382572678e+02	  -3.6410679180413320e+02	
  2.5680000000000000e+04	 3.6422999235131510e+02	  -3.2438253850854159e+02	
  2.5710000000000000e+04	 3.6773921506931845e+02	  -2.9465143942716486e+02	
  2.5740000000000000e+04	 3.7539400566763004e+02	  -2.7051856718084571e+02	
  2.5770000000000000e+04	 3.8334964782867360e+02	  -2.3554549702402761e+02	
  2.5800000000000000e+04	 3.9669369736671467e+02	  -1.9806090658215228e+02	
  2.5830000000000000e+04	 4.0191157852766759e+02	  -1.5070028352946164e+02	
  2.5860000000000000e+04	 4.1682882503940351e+02	  -1.1642061873367268e+02	
  2.5890000000000000e+04	 4.2110228960457511e+02	  -9.1018413507837806e+01	
  2.5920000000000000e+04	 4.2312102642543135e+02	  -6.2346697356821714e+01	
  2.5950000000000000e+04	 4.2399116742096567e+02	  -3.5620431016079927e+01	
  2.5980000000000000e+04	 4.2329506141721697e+02	  6.8757138427284374e+00	
  2.6010000000000000e+04	 4.2717779554243788e+02	  3.0436062444199187e+01	
  2.6040000000000000e+04	 4.2674451564683358e+02	  7.8367886311340641e+01	
  2.6070000000000000e+04	 4.2990267294478792e+02	  1.2337214167617233e+02	
  2.6100000000000000e+04	 4.2910517422033951e+02	  1.3024649211168023e+02	
  2.6130000000000000e+04	 4.2988483077201863e+02	  1.3175293160633717e+02	
  2.6160000000000000e+04	 4.2952110292605653e+02	  1.3180241219869495e+02	
  2.6190000000000000e+04	 4.2964848002927397e+02	  1.3200366932635291e+02	
  2.6220000000000000e+04	 4.2995004799774182e+02	  1.3392019302882295e+02	
  2.6250000000000000e+04	 4.3075535844859320e+02	  1.3349275490692472e+02	
  2.6280000000000000e+04	 3.9009613705011964e+02	  1.5529265919211676e+02	
  2.6310000000000000e+04	 3.5211667394014444e+02	  1.7051674311017277e+02	
  2.6340000000000000e+04	 3.1501015506879162e+02	  1.9612480404925873e+02	
  2.6370000000000000e+04	 2.6558369725355078e+02	  2.1505375630267397e+02	
  2.6400000000000000e+04	 2.3223959669177137e+02	  2.2819968478212220e+02	
  2.6430000000000000e+04	 2.1433054598546428e+02	  2.4164679071942933e+02	
  2.6460000000000000e+04	 1.7963403973066858e+02	  2.5646290628360344e+02	
  2.6490000000000000e+04	 1.3732876050760655e+02	  2.7965255413004536e+02	
  2.6520000000000000e+04	 1.1202555729682963e+02	  2.9383464255319274e+02	
  2.6550000000000000e+04	 7.5282765781391902e+01	  3.1626384075498828e+02	
  2.6580000000000000e+04	 3.6665618028983005e+01	  3.3372067931109621e+02	
  2.6610000000000000e+04	 6.0584799345868667e+00	  3.5470067056566018e+02	
  2.6640000000000000e+04	 -2.8345103382861613e+01	  3.7158003973152614e+02	
  2.6670000000000000e+04	 -5.7929822589618780e+01	  3.8951751285139676e+02	
  2.6700000000000000e+04	 -1.0331430005995843e+02	  4.1084126553654039e+02	
  2.6730000000000000e+04	 -1.2796350376663773e+02	  4.2753821405969984e+02	
  2.6760000000000000e+04	 -1.7339752032276954e+02	  4.4655923726611019e+02	
  2.6790000000000000e+04	 -2.0247784228951946e+02	  4.5885184737160552e+02	
  2.6820000000000000e+04	 -2.3058434701894998e+02	  4.6629492347502696e+02	
  2.6850000000000000e+04	 -2.7618950433734165e+02	  4.8485547875024042e+02	
  2.6880000000000000e+04	 -2.3635073474091257e+02	  4.9902633530092606e+02	
  2.6910000000000000e+04	 -1.9864421007126043e+02	  5.2375971722151814e+02	
  2.6940000000000000e+04	 -1.7493964374404328e+02	  5.3351407022659134e+02	
  2.6970000000000000e+04	 -1.4097445262908181e+02	  5.5295240940800670e+02	
  2.7000000000000000e+04	 -1.1098360799065367e+02	  5.6254528420722602e+02	
  2.7030000000000000e+04	 -8.7421901774229525e+01	  5.7505164283689589e+02	
  2.7060000000000000e+04	 -5.3788264956661649e+01	  5.9570018572212621e+02	
  2.7090000000000000e+04	 -1.4444316120658470e+01	  5.9438709889859740e+02	
  2.7120000000000000e+04	 -5.2150321357822804e-01	  5.6906553929448853e+02	
  2.7150000000000000e+04	 1.5637440372041063e+01	  5.4629120472989769e+02	
  2.7180000000000000e+04	 3.7390600448843742e+01	  5.2061100530010935e+02	
  2.7210000000000000e+04	 6.0580835352699850e+01	  4.8631957084552073e+02	
  2.7240000000000000e+04	 7.7559378553055737e+01	  4.6272323028875445e+02	
  2.7270000000000000e+04	 9.3457137781196451e+01	  4.4044748814653605e+02	
  2.7300000000000000e+04	 1.1075776558706059e+02	  4.1224507287725436e+02	
  2.7330000000000000e+04	 1.2923042218898030e+02	  3.8156650252729224e+02	
  2.7360000000000000e+04	 1.4278327432467529e+02	  3.5274580341531066e+02	
  2.7390000000000000e+04	 1.6459243706965211e+02	  3.2209266533551886e+02	
  2.7420000000000000e+04	 1.7890533027306597e+02	  2.9929465946288371e+02	
  2.7450000000000000e+04	 1.9888579311092826e+02	  2.6066021194827471e+02	
  2.7480000000000000e+04	 2.0742784297663400e+02	  2.4119733076138539e+02	
  2.7510000000000000e+04	 2.3207012017595707e+02	  1.9800037762875763e+02	
  2.7540000000000000e+04	 2.4835675310283025e+02	  1.7574440538988412e+02	
  2.7570000000000000e+04	 2.6598612470122430e+02	  1.4327638288305599e+02	
  2.7600000000000000e+04	 2.8484935177417077e+02	  1.1515344480292694e+02	
  2.7630000000000000e+04	 2.9889608735688535e+02	  8.5022878305759264e+01	
  2.7660000000000000e+04	 3.2089739414004742e+02	  5.4201485546217000e+01	
  2.7690000000000000e+04	 3.4633152449857067e+02	  1.8657213645165342e+01	
