  0.0000000000000000e+00	 7.2157212650824533e+01	  -1.7817587434385626e+02	
  3.0000000000000000e+01	 1.2118029264560786e+02	  -1.9744685081745595e+02	
  6.0000000000000000e+01	 1.4922063234324534e+02	  -2.0208256556114347e+02	
  9.0000000000000000e+01	 1.9279144821924859e+02	  -2.1759052685679532e+02	
  1.2000000000000000e+02	 2.3229534300311417e+02	  -2.2849175953305740e+02	
  1.5000000000000000e+02	 2.6185113617552690e+02	  -2.3632748414826938e+02	
  1.8000000000000000e+02	 2.9092159693095851e+02	  -2.4214315865171901e+02	
  2.1000000000000000e+02	 3.3602288575616689e+02	  -2.5362943763623983e+02	
  2.4000000000000000e+02	 3.6714123698208471e+02	  -2.6971746892791134e+02	
  2.7000000000000000e+02	 3.8844723403097925e+02	  -2.8113811419210134e+02	
  3.0000000000000000e+02	 4.1156411767104930e+02	  -2.8365566470614016e+02	
  3.3000000000000000e+02	 4.3973278865118829e+02	  -2.9448202801345468e+02	
  3.6000000000000000e+02	 4.6374879843080595e+02	  -3.0235690721292269e+02	
  3.9000000000000000e+02	 5.0670366101487951e+02	  -3.2184147974403169e+02	
  4.2000000000000000e+02	 5.3560604860921649e+02	  -3.3024267342819957e+02	
  4.5000000000000000e+02	 5.8541384562523069e+02	  -3.4314350382484298e+02	
  4.8000000000000000e+02	 6.3089418019430309e+02	  -3.5424023895200088e+02	
  5.1000000000000000e+02	 6.5326203369316272e+02	  -3.5808620612721796e+02	
  5.4000000000000000e+02	 6.7955241285595457e+02	  -3.6961726256205623e+02	
  5.7000000000000000e+02	 6.3791578574038442e+02	  -3.5889267308471187e+02	
  6.0000000000000000e+02	 6.0374763427282028e+02	  -3.4940189732716459e+02	
  6.3000000000000000e+02	 5.6332290493681251e+02	  -3.4518479081616522e+02	
  6.6000000000000000e+02	 5.3485507359910912e+02	  -3.3930382495635968e+02	
  6.9000000000000000e+02	 5.0498717768167745e+02	  -3.2972219750756972e+02	
  7.2000000000000000e+02	 4.6352194001948237e+02	  -3.1859793466154434e+02	
  7.5000000000000000e+02	 4.2108132364312632e+02	  -3.0774388416939320e+02	
  7.8000000000000000e+02	 4.0431004199350747e+02	  -3.0059475323676207e+02	
  8.1000000000000000e+02	 3.7420961768018822e+02	  -2.9272345535064863e+02	
  8.4000000000000000e+02	 3.3113451147831154e+02	  -2.8459522720793649e+02	
  8.7000000000000000e+02	 2.9208666819334621e+02	  -2.7209681784356678e+02	
  9.0000000000000000e+02	 2.5188890592356393e+02	  -2.6875855963447560e+02	
  9.3000000000000000e+02	 2.1078679102295877e+02	  -2.5502204635596431e+02	
  9.6000000000000000e+02	 1.6395887788476279e+02	  -2.4087419378162571e+02	
  9.9000000000000000e+02	 1.3841431801121556e+02	  -2.3704150323467368e+02	
  1.0200000000000000e+03	 1.1544963933512793e+02	  -2.3206554945959425e+02	
  1.0500000000000000e+03	 6.9298487735761967e+01	  -2.2785987258980433e+02	
  1.0800000000000000e+03	 2.8799546992044249e+01	  -2.1642962328952851e+02	
  1.1100000000000000e+03	 7.7640115968929280e-02	  -2.1043306686644453e+02	
  1.1400000000000000e+03	 -4.3191002175986839e+01	  -2.0305814505268765e+02	
  1.1700000000000000e+03	 -7.0574024273458676e+01	  -1.9640639270563136e+02	
  1.2000000000000000e+03	 -9.3649570485874591e+01	  -1.9417184833292492e+02	
  1.2300000000000000e+03	 -1.4182071123281042e+02	  -1.8944074838602094e+02	
  1.2600000000000000e+03	 -1.8751285375797585e+02	  -1.7730945098870649e+02	
  1.2900000000000000e+03	 -2.1290430505892274e+02	  -1.7252411795120571e+02	
  1.3200000000000000e+03	 -2.5277836848686658e+02	  -1.6630658794827653e+02	
  1.3500000000000000e+03	 -2.9762364480429915e+02	  -1.6238810420844979e+02	
  1.3800000000000000e+03	 -3.3408141515889037e+02	  -1.4879940988893611e+02	
  1.4100000000000000e+03	 -3.6621530667455102e+02	  -1.4629916831079731e+02	
  1.4400000000000000e+03	 -4.0287700912150132e+02	  -1.4064757156714560e+02	
  1.4700000000000000e+03	 -4.3290212133525483e+02	  -1.3692317658710112e+02	
  1.5000000000000000e+03	 -4.7344642441724852e+02	  -1.2742109869112620e+02	
  1.5300000000000000e+03	 -5.0042945940099486e+02	  -1.1630111836243047e+02	
  1.5600000000000000e+03	 -5.3790922079488882e+02	  -1.0598934296850977e+02	
  1.5900000000000000e+03	 -5.6557338359952541e+02	  -9.6092370583455704e+01	
  1.6200000000000000e+03	 -5.9171756254490390e+02	  -9.1515333254347880e+01	
  1.6500000000000000e+03	 -6.2959866407530149e+02	  -8.8403552693349738e+01	
  1.6800000000000000e+03	 -6.3135332101560823e+02	  -8.9668233747848859e+01	
  1.7100000000000000e+03	 -5.9143228153966118e+02	  -1.1135102315010178e+02	
  1.7400000000000000e+03	 -5.4682431226123083e+02	  -1.3309322740347523e+02	
  1.7700000000000000e+03	 -5.1518959784768606e+02	  -1.4303396683493790e+02	
  1.8000000000000000e+03	 -4.8317840957249240e+02	  -1.6156470548225317e+02	
  1.8300000000000000e+03	 -4.6409582925147049e+02	  -1.7229921890894423e+02	
  1.8600000000000000e+03	 -4.3658849833199395e+02	  -1.8635477036844745e+02	
  1.8900000000000000e+03	 -4.0600295328759421e+02	  -1.9773710467584758e+02	
  1.9200000000000000e+03	 -3.8140674261149184e+02	  -2.0682364140304196e+02	
  1.9500000000000000e+03	 -3.6611537460727868e+02	  -2.1404087959169192e+02	
  1.9800000000000000e+03	 -3.1960086720042136e+02	  -2.3831132393809847e+02	
  2.0100000000000000e+03	 -2.8742939834782493e+02	  -2.5801228293127008e+02	
  2.0400000000000000e+03	 -2.6169044070407705e+02	  -2.7703135964986916e+02	
  2.0700000000000000e+03	 -2.3142681471599559e+02	  -2.8667762779904939e+02	
  2.1000000000000000e+03	 -2.1434527412750379e+02	  -2.9690485639753689e+02	
  2.1300000000000000e+03	 -1.7712598656781003e+02	  -3.1973237165236065e+02	
  2.1600000000000000e+03	 -1.5424844032579824e+02	  -3.2741366421088463e+02	
  2.1900000000000000e+03	 -1.1621281673327803e+02	  -3.5276955087929861e+02	
  2.2200000000000000e+03	 -7.2554787753533816e+01	  -3.6910004549546204e+02	
  2.2500000000000000e+03	 -3.4509087250390955e+01	  -3.9064406943544805e+02	
  2.2800000000000000e+03	 1.2763412331492326e+01	  -4.0898227808573665e+02	
  2.3100000000000000e+03	 3.4009868979658634e+01	  -4.1739544433389506e+02	
  2.3400000000000000e+03	 5.2328364848183469e+01	  -4.2601941617869988e+02	
  2.3700000000000000e+03	 8.0614166511166374e+01	  -4.4522569997700225e+02	
  2.4000000000000000e+03	 7.9426787161681276e+01	  -4.1864147104232563e+02	
  2.4300000000000000e+03	 7.1012906192153551e+01	  -3.9670639144960336e+02	
  2.4600000000000000e+03	 6.2865176665191946e+01	  -3.7662204744623318e+02	
  2.4900000000000000e+03	 5.6798412307248448e+01	  -3.3532470418344417e+02	
  2.5200000000000000e+03	 4.6814674589261699e+01	  -2.9434827831583118e+02	
  2.5500000000000000e+03	 4.2070562392904080e+01	  -2.5091431567464446e+02	
  2.5800000000000000e+03	 3.9239658397708354e+01	  -2.2005318629800496e+02	
  2.6100000000000000e+03	 3.0997791187263310e+01	  -1.7794068428043670e+02	
  2.6400000000000000e+03	 2.1438611107053440e+01	  -1.4778443449294716e+02	
  2.6700000000000000e+03	 1.9430424966595364e+01	  -1.2233492185612489e+02	
  2.7000000000000000e+03	 8.0691519758459158e+00	  -8.7154067450507355e+01	
  2.7300000000000000e+03	 -3.8768394378224347e+00	  -4.7216622149109050e+01	
  2.7600000000000000e+03	 -1.3790594293417341e+01	  -2.5833494893181825e+01	
  2.7900000000000000e+03	 -3.0174212451455134e+01	  -5.6191469047896163e+00	
  2.8200000000000000e+03	 -4.3822076148757439e+01	  1.8439349926853090e+01	
  2.8500000000000000e+03	 -6.5120798658396353e+01	  6.1066492991398619e+01	
  2.8800000000000000e+03	 -8.5712073934703341e+01	  8.9538885984120199e+01	
  2.9100000000000000e+03	 -9.5030005558892071e+01	  1.0771965936297866e+02	
  2.9400000000000000e+03	 -1.1810098809781670e+02	  1.3705167080858502e+02	
  2.9700000000000000e+03	 -1.2796831411569822e+02	  1.6221178585480592e+02	
  3.0000000000000000e+03	 -1.5068140935365940e+02	  1.9269605888982318e+02	
  3.0300000000000000e+03	 -1.6525046361515919e+02	  2.2607673644778555e+02	
  3.0600000000000000e+03	 -1.8283935589858936e+02	  2.6088708262499000e+02	
  3.0900000000000000e+03	 -1.9752716779105538e+02	  2.9482152309337488e+02	
  3.1200000000000000e+03	 -2.0626609086829549e+02	  3.1143084790391009e+02	
  3.1500000000000000e+03	 -1.8815938646804057e+02	  2.7704285230091693e+02	
  3.1800000000000000e+03	 -1.8146214777406149e+02	  2.5591528988813022e+02	
  3.2100000000000000e+03	 -1.7375999401326428e+02	  2.3063997320207253e+02	
  3.2400000000000000e+03	 -1.5435626245649863e+02	  2.0545720686552164e+02	
  3.2700000000000000e+03	 -1.3708397560137621e+02	  1.7119257843990911e+02	
  3.3000000000000000e+03	 -1.2059686484813038e+02	  1.3232251896499920e+02	
  3.3300000000000000e+03	 -1.0863770777125903e+02	  1.0467390230009947e+02	
  3.3600000000000000e+03	 -8.6721310987257354e+01	  6.4240751587265947e+01	
  3.3900000000000000e+03	 -7.7673584789757456e+01	  3.3095779566274913e+01	
  3.4200000000000000e+03	 -6.2391730302796674e+01	  -4.1258958766234031e+00	
  3.4500000000000000e+03	 -4.4096589930033140e+01	  -3.0769562868151013e+01	
  3.4800000000000000e+03	 -3.0357898697334974e+01	  -6.1716389212630681e+01	
  3.5100000000000000e+03	 -1.3804186456931884e+01	  -8.9273413403263362e+01	
  3.5400000000000000e+03	 -5.8259581238420033e-01	  -1.1703095278386363e+02	
  3.5700000000000000e+03	 2.3328532526725219e+01	  -1.5180695121733359e+02	
  3.6000000000000000e+03	 4.6325048330056688e+01	  -1.9481888371132939e+02	
  3.6300000000000000e+03	 5.3856615177661119e+01	  -2.2035857444001962e+02	
  3.6600000000000000e+03	 7.0652190877216327e+01	  -2.6503232576839611e+02	
  3.6900000000000000e+03	 9.3079065798200531e+01	  -3.0451484546947370e+02	
  3.7200000000000000e+03	 1.1736858061209337e+02	  -3.5040953646690764e+02	
  3.7500000000000000e+03	 1.3778964592442335e+02	  -3.7987131035484833e+02	
  3.7800000000000000e+03	 1.5399833454470956e+02	  -4.1187575475494373e+02	
  3.8100000000000000e+03	 1.5694209312496943e+02	  -3.8847292808249523e+02	
  3.8400000000000000e+03	 1.5810771508353398e+02	  -3.5985059843011726e+02	
  3.8700000000000000e+03	 1.6357853129746542e+02	  -3.2459310920555788e+02	
  3.9000000000000000e+03	 1.6501125368334291e+02	  -2.8542983833338076e+02	
  3.9300000000000000e+03	 1.6265244851710602e+02	  -2.3994039471462833e+02	
  3.9600000000000000e+03	 1.6135593895684531e+02	  -2.0826381592176688e+02	
  3.9900000000000000e+03	 1.6740526571093199e+02	  -1.7321694472165680e+02	
  4.0200000000000000e+03	 1.6732337887637613e+02	  -1.2141240123023627e+02	
  4.0500000000000000e+03	 1.6557359780369430e+02	  -9.2689741499783679e+01	
  4.0800000000000000e+03	 1.6286885941530093e+02	  -6.0867321606555734e+01	
  4.1100000000000000e+03	 1.6531981601134854e+02	  -3.0075966942269936e+01	
  4.1400000000000000e+03	 1.6926203191267234e+02	  3.3385972647162916e+00	
  4.1700000000000000e+03	 1.7102228417167629e+02	  3.6931981417153466e+01	
  4.2000000000000000e+03	 1.7672423414704775e+02	  6.7695727020553463e+01	
  4.2300000000000000e+03	 1.7650496849301089e+02	  9.2842179033124538e+01	
  4.2600000000000000e+03	 1.7954652296930263e+02	  1.2551516915496924e+02	
  4.2900000000000000e+03	 1.7946838332946308e+02	  1.7498010071686187e+02	
  4.3200000000000000e+03	 1.7544994378138975e+02	  2.0925985588190412e+02	
  4.3500000000000000e+03	 1.7241327784402097e+02	  2.5150745639454496e+02	
  4.3800000000000000e+03	 1.7786708963000984e+02	  2.9612588642442950e+02	
  4.4100000000000000e+03	 1.7738093959279090e+02	  3.2320092619717332e+02	
  4.4400000000000000e+03	 1.8022825097926989e+02	  3.3490615387869389e+02	
  4.4700000000000000e+03	 1.7837765679117948e+02	  3.3378425137159360e+02	
  4.5000000000000000e+03	 1.8033162629435029e+02	  3.3388798717023832e+02	
  4.5300000000000000e+03	 1.7897186044229747e+02	  3.3552890329936497e+02	
  4.5600000000000000e+03	 1.8094464204440033e+02	  3.3629541914175559e+02	
  4.5900000000000000e+03	 1.8058452645809621e+02	  3.3605623282753044e+02	
  4.6200000000000000e+03	 1.8080879465097098e+02	  3.3521898599615469e+02	
  4.6500000000000000e+03	 1.8027418847915158e+02	  3.3541518133833415e+02	
  4.6800000000000000e+03	 1.8212869203816339e+02	  3.3504462442193784e+02	
  4.7100000000000000e+03	 1.6405606176582910e+02	  3.5667004672336861e+02	
  4.7400000000000000e+03	 1.4270622503068520e+02	  3.8222828640105126e+02	
  4.7700000000000000e+03	 1.2303790017415591e+02	  4.1609170645315851e+02	
  4.8000000000000000e+03	 1.0684726318904751e+02	  4.4056087867585126e+02	
  4.8300000000000000e+03	 8.4773534703734811e+01	  4.6452649923381449e+02	
  4.8600000000000000e+03	 5.8180352381013762e+01	  5.0135720086168152e+02	
  4.8900000000000000e+03	 3.6304672631066445e+01	  5.2997172807817492e+02	
  4.9200000000000000e+03	 1.3562062167781100e+01	  5.5321481623657814e+02	
  4.9500000000000000e+03	 -2.7682665905403034e+00	  5.7805995005764771e+02	
  4.9800000000000000e+03	 -8.4565179003315460e-01	  5.7629315269288702e+02	
  5.0100000000000000e+03	 -1.4645123231376576e+00	  5.7727945611980522e+02	
  5.0400000000000000e+03	 -1.3107288217700352e+00	  5.7559504147944676e+02	
  5.0700000000000000e+03	 1.8166768722775473e-01	  5.7526665967901693e+02	
  5.1000000000000000e+03	 -6.0385925920068395e+00	  5.8863504717931175e+02	
  5.1300000000000000e+03	 -4.3079249041489263e+00	  5.8962229104700293e+02	
  5.1600000000000000e+03	 -3.3892519398131218e+00	  5.8995338350802240e+02	
  5.1900000000000000e+03	 -1.5741843466018506e+00	  5.9169170661337967e+02	
  5.2200000000000000e+03	 -2.1849713939902675e+00	  5.9060355034693725e+02	
  5.2500000000000000e+03	 -1.5212738181362674e+01	  5.7623202065223984e+02	
  5.2800000000000000e+03	 -4.7943325721289362e+01	  5.4298656463282316e+02	
  5.3100000000000000e+03	 -6.8065363801451824e+01	  5.2284013658813888e+02	
  5.3400000000000000e+03	 -8.3979682174255970e+01	  5.1037436750913196e+02	
  5.3700000000000000e+03	 -1.0271403920845451e+02	  4.9570289722429095e+02	
  5.4000000000000000e+03	 -1.1399801865428576e+02	  4.8117841900851721e+02	
  5.4300000000000000e+03	 -1.3893396662866442e+02	  4.5151228941548612e+02	
  5.4600000000000000e+03	 -1.5479304104254268e+02	  4.3627450833387871e+02	
  5.4900000000000000e+03	 -1.7969066509551197e+02	  4.0561850446135651e+02	
  5.5200000000000000e+03	 -2.0315072044218161e+02	  3.7974151360274885e+02	
  5.5500000000000000e+03	 -2.2350608710185224e+02	  3.5350368683206455e+02	
  5.5800000000000000e+03	 -2.5290359508931994e+02	  3.2294829494669307e+02	
  5.6100000000000000e+03	 -2.7716214095849739e+02	  3.0245516299916375e+02	
  5.6400000000000000e+03	 -3.0369426550910464e+02	  2.6808806360291061e+02	
  5.6700000000000000e+03	 -3.3139060493968378e+02	  2.3834765954525020e+02	
  5.7000000000000000e+03	 -3.6285952377651358e+02	  2.0369351175846811e+02	
  5.7300000000000000e+03	 -3.8065908697269327e+02	  1.8240751727861098e+02	
  5.7600000000000000e+03	 -4.0481245320363689e+02	  1.5412082712610570e+02	
  5.7900000000000000e+03	 -4.2175430676973394e+02	  1.3619048567840065e+02	
  5.8200000000000000e+03	 -4.5185470562673828e+02	  1.0069258474617288e+02	
  5.8500000000000000e+03	 -4.3671356393292831e+02	  1.2266254413552949e+02	
  5.8800000000000000e+03	 -4.2617614695041573e+02	  1.4127454398083228e+02	
  5.9100000000000000e+03	 -4.0556873274190127e+02	  1.7310840482940799e+02	
  5.9400000000000000e+03	 -3.9286760759308123e+02	  1.9846080506257044e+02	
  5.9700000000000000e+03	 -3.8302037412547475e+02	  2.2154553783547343e+02	
  6.0000000000000000e+03	 -3.6655540219987358e+02	  2.5610368264104056e+02	
  6.0300000000000000e+03	 -3.6136378508624279e+02	  2.7576817775441646e+02	
  6.0600000000000000e+03	 -3.4596401345346794e+02	  2.9240080058534386e+02	
  6.0900000000000000e+03	 -3.4631203534296122e+02	  3.2085952777512250e+02	
  6.1200000000000000e+03	 -3.5187167232008170e+02	  3.4549597304345355e+02	
  6.1500000000000000e+03	 -3.5894838748326941e+02	  3.9222101234658248e+02	
  6.1800000000000000e+03	 -3.6589574372595212e+02	  4.2890205855123719e+02	
  6.2100000000000000e+03	 -3.6575862414247968e+02	  4.6682522591372060e+02	
  6.2400000000000000e+03	 -3.6853530290428353e+02	  4.9727358832432719e+02	
  6.2700000000000000e+03	 -3.7232288522035014e+02	  5.2897694657115403e+02	
  6.3000000000000000e+03	 -3.7597125370710381e+02	  5.7439846847900412e+02	
  6.3300000000000000e+03	 -3.7046251985597820e+02	  6.0072928714577347e+02	
  6.3600000000000000e+03	 -3.4568733184611926e+02	  5.6485110023579136e+02	
  6.3900000000000000e+03	 -3.3774434698396863e+02	  5.3870180821225870e+02	
  6.4200000000000000e+03	 -3.4142089768889764e+02	  5.1318552524854670e+02	
  6.4500000000000000e+03	 -3.4062639228168939e+02	  4.8627165956483969e+02	
  6.4800000000000000e+03	 -3.4170958356134230e+02	  4.5859073465462171e+02	
  6.5100000000000000e+03	 -3.4361943281892655e+02	  4.3619747334930514e+02	
  6.5400000000000000e+03	 -3.3793047709398809e+02	  3.9090076027190912e+02	
  6.5700000000000000e+03	 -3.3912161551204565e+02	  3.4078647724363520e+02	
  6.6000000000000000e+03	 -3.3444472150710334e+02	  3.1374747560978000e+02	
  6.6300000000000000e+03	 -3.2795266999572289e+02	  2.7204919452295837e+02	
  6.6600000000000000e+03	 -3.5996620786947096e+02	  2.8612281723777517e+02	
  6.6900000000000000e+03	 -3.9841344280124508e+02	  3.1056925434684473e+02	
  6.7200000000000000e+03	 -4.2830903990142269e+02	  3.2599940225086294e+02	
  6.7500000000000000e+03	 -4.5513632813934674e+02	  3.4668610037055572e+02	
  6.7800000000000000e+03	 -4.0922988719584504e+02	  3.3394648886680204e+02	
  6.8100000000000000e+03	 -3.8816026500436550e+02	  3.2586990792739203e+02	
  6.8400000000000000e+03	 -3.6217252745472433e+02	  3.1371056386323284e+02	
  6.8700000000000000e+03	 -3.3227396241759448e+02	  3.0101970035590909e+02	
  6.9000000000000000e+03	 -2.8713095471678804e+02	  2.8778826282657928e+02	
  6.9300000000000000e+03	 -2.5434889956858694e+02	  2.7875965083179960e+02	
  6.9600000000000000e+03	 -2.2364775445814169e+02	  2.7067867228553524e+02	
  6.9900000000000000e+03	 -2.2279342004233993e+02	  2.6942617816216818e+02	
  7.0200000000000000e+03	 -2.2433296222800246e+02	  2.7073602621604431e+02	
  7.0500000000000000e+03	 -2.1651015866097811e+02	  2.2778293823311498e+02	
  7.0800000000000000e+03	 -2.1237133573354905e+02	  1.7876270319073944e+02	
  7.1100000000000000e+03	 -2.0607741681686477e+02	  1.3712611762976385e+02	
  7.1400000000000000e+03	 -2.0467631527484966e+02	  1.0731791047982563e+02	
  7.1700000000000000e+03	 -2.0526195745200010e+02	  7.0325155745027558e+01	
  7.2000000000000000e+03	 -1.9929191338857990e+02	  2.9691277824751303e+01	
  7.2300000000000000e+03	 -1.9590210268360607e+02	  -1.0325275698722763e+01	
  7.2600000000000000e+03	 -1.9807342756274301e+02	  -3.6971933289552460e+01	
  7.2900000000000000e+03	 -1.9044702987052315e+02	  -8.9918747390063487e+01	
  7.3200000000000000e+03	 -1.8878170588669551e+02	  -1.1915883756163252e+02	
  7.3500000000000000e+03	 -1.8415773833853802e+02	  -1.4547862893085625e+02	
  7.3800000000000000e+03	 -1.8085187332758863e+02	  -1.6815764912330309e+02	
  7.4100000000000000e+03	 -1.7838154960004360e+02	  -2.2144231965823212e+02	
  7.4400000000000000e+03	 -1.9042774221417838e+02	  -1.9614641730257057e+02	
  7.4700000000000000e+03	 -2.0782560565076568e+02	  -1.6283457859698763e+02	
  7.5000000000000000e+03	 -2.2046517996168609e+02	  -1.3700594283507940e+02	
  7.5300000000000000e+03	 -2.3864408483711082e+02	  -1.0358078729875612e+02	
  7.5600000000000000e+03	 -2.5091620305036503e+02	  -7.7610163200770842e+01	
  7.5900000000000000e+03	 -2.6573031772485018e+02	  -5.3703484050877144e+01	
  7.6200000000000000e+03	 -2.8851056543228884e+02	  -1.8686995906615103e+01	
  7.6500000000000000e+03	 -3.0752783058255432e+02	  2.4446133854769450e+00	
  7.6800000000000000e+03	 -3.2572950320986661e+02	  4.1164312919599922e+01	
  7.7100000000000000e+03	 -3.4287571084084720e+02	  6.5947151453884658e+01	
  7.7400000000000000e+03	 -3.5602331767745409e+02	  9.5304711368893265e+01	
  7.7700000000000000e+03	 -3.6341753619816535e+02	  1.1995444893979537e+02	
  7.8000000000000000e+03	 -3.7976183954723757e+02	  1.4354979118821066e+02	
  7.8300000000000000e+03	 -4.0505975045817769e+02	  1.8104320074850222e+02	
  7.8600000000000000e+03	 -4.3062797615805306e+02	  2.2263735712721353e+02	
  7.8900000000000000e+03	 -4.4936694608407925e+02	  2.6312146620634189e+02	
  7.9200000000000000e+03	 -4.2448892023066185e+02	  2.3661186739618606e+02	
  7.9500000000000000e+03	 -4.0326321795839453e+02	  2.1508266734074792e+02	
  7.9800000000000000e+03	 -3.7206459792880270e+02	  1.8140095088795817e+02	
  8.0100000000000000e+03	 -3.5601989656877788e+02	  1.6542858100014439e+02	
  8.0400000000000000e+03	 -3.3766799591015734e+02	  1.4992531662314639e+02	
  8.0700000000000000e+03	 -3.0598238597369806e+02	  1.0904390726852156e+02	
  8.1000000000000000e+03	 -2.7750882420911694e+02	  7.7565831367854685e+01	
  8.1300000000000000e+03	 -2.5360970817180956e+02	  5.5047324846823059e+01	
  8.1600000000000000e+03	 -2.2777808070055229e+02	  3.3245551593724841e+01	
  8.1900000000000000e+03	 -1.9294587479857893e+02	  -2.8415763079836580e+00	
  8.2200000000000000e+03	 -1.7228960311716656e+02	  -2.2388960733335185e+01	
  8.2500000000000000e+03	 -1.5890938176102625e+02	  -4.0118305137481499e+01	
  8.2800000000000000e+03	 -1.3708057944257843e+02	  -7.2282605537060775e+01	
  8.3100000000000000e+03	 -1.1101067716288421e+02	  -9.7068954038973374e+01	
  8.3400000000000000e+03	 -8.5043181954561163e+01	  -1.3606061086728656e+02	
  8.3700000000000000e+03	 -5.4160877259740268e+01	  -1.6306586759407980e+02	
  8.4000000000000000e+03	 -2.2923242674572730e+01	  -1.9282361815035350e+02	
  8.4300000000000000e+03	 1.4403682135208733e+00	  -2.1230138303726545e+02	
  8.4600000000000000e+03	 1.7254199526175249e+01	  -2.3158270151187475e+02	
  8.4900000000000000e+03	 2.7917932584074318e+01	  -2.4532482857032065e+02	
  8.5200000000000000e+03	 6.0495926260412503e+01	  -2.7889831799325844e+02	
  8.5500000000000000e+03	 7.1370853908731178e+01	  -3.0174934896398383e+02	
  8.5800000000000000e+03	 8.9462704931886023e+01	  -3.2345925451867890e+02	
  8.6100000000000000e+03	 1.1455731477626884e+02	  -3.5790284739464840e+02	
  8.6400000000000000e+03	 1.2825169677527731e+02	  -3.7274350163384298e+02	
  8.6700000000000000e+03	 1.5399951552014795e+02	  -4.0305654439994686e+02	
  8.7000000000000000e+03	 1.7428694719431775e+02	  -4.3394489527216683e+02	
  8.7300000000000000e+03	 1.8477543650053684e+02	  -4.4455058854016721e+02	
  8.7600000000000000e+03	 2.0782206027746054e+02	  -4.6501354798485102e+02	
  8.7900000000000000e+03	 2.1430385690992364e+02	  -4.7728681327065800e+02	
  8.8200000000000000e+03	 2.1533474813056500e+02	  -4.7690946262887593e+02	
  8.8500000000000000e+03	 1.7721387404236481e+02	  -4.6330062360850889e+02	
  8.8800000000000000e+03	 1.4777796983554467e+02	  -4.5734155970064171e+02	
  8.9100000000000000e+03	 1.2021582236752472e+02	  -4.5162829361885400e+02	
  8.9400000000000000e+03	 9.4537942796224556e+01	  -4.4264868083347994e+02	
  8.9700000000000000e+03	 6.6060712567790901e+01	  -4.3244438643703518e+02	
  9.0000000000000000e+03	 3.2063947590599312e+01	  -4.1335605186385169e+02	
  9.0300000000000000e+03	 2.7070175889324730e+00	  -3.9931631772908673e+02	
  9.0600000000000000e+03	 -1.5239287863398463e+01	  -3.9451710082021680e+02	
  9.0900000000000000e+03	 -4.6149415663576789e+01	  -3.7717455523671538e+02	
  9.1200000000000000e+03	 -8.0783689858777919e+01	  -3.7013000015036215e+02	
  9.1500000000000000e+03	 -1.0242663717615274e+02	  -3.6142894637045453e+02	
  9.1800000000000000e+03	 -7.2638847458539260e+01	  -3.4359296563442422e+02	
  9.2100000000000000e+03	 -3.3945027818119691e+01	  -3.2917443714088779e+02	
  9.2400000000000000e+03	 -1.3353491477760347e+01	  -3.2065645507414894e+02	
  9.2700000000000000e+03	 1.3763924294131275e+01	  -3.0733022078605165e+02	
  9.3000000000000000e+03	 5.2590491640378531e+01	  -2.8355118038413423e+02	
  9.3300000000000000e+03	 7.7325524815337360e+01	  -2.7175624219822333e+02	
  9.3600000000000000e+03	 9.9712123515450784e+01	  -2.5826951566892279e+02	
  9.3900000000000000e+03	 1.3893340777994558e+02	  -2.4045881450206485e+02	
  9.4200000000000000e+03	 1.6347766225139199e+02	  -2.2536873711516753e+02	
  9.4500000000000000e+03	 1.8929416901882172e+02	  -2.1369281634199044e+02	
  9.4800000000000000e+03	 2.2077673857831681e+02	  -1.9279556574070369e+02	
  9.5100000000000000e+03	 2.5105890455569025e+02	  -1.7783888624527592e+02	
  9.5400000000000000e+03	 2.6648726887958543e+02	  -1.7330487282005004e+02	
  9.5700000000000000e+03	 3.0741301609734086e+02	  -1.4941933494727849e+02	
  9.6000000000000000e+03	 3.0621620263777885e+02	  -1.2124391840578549e+02	
  9.6300000000000000e+03	 3.0274224846841838e+02	  -8.9253134751839454e+01	
  9.6600000000000000e+03	 3.0384247486542620e+02	  -5.5976484607064911e+01	
  9.6900000000000000e+03	 3.0741309495963526e+02	  -6.3883596286512088e+00	
  9.7200000000000000e+03	 3.0843454014017954e+02	  2.7920569649578091e+01	
  9.7500000000000000e+03	 3.1122613021248236e+02	  6.4259008984236743e+01	
  9.7800000000000000e+03	 3.1241849867445347e+02	  1.0493093448936229e+02	
  9.8100000000000000e+03	 3.1450447020035722e+02	  1.4635675583616782e+02	
  9.8400000000000000e+03	 3.1074965968513953e+02	  1.8522566869575485e+02	
  9.8700000000000000e+03	 3.0711605131005609e+02	  2.2208443399349039e+02	
  9.9000000000000000e+03	 3.0598027050262323e+02	  2.3880616123621252e+02	
  9.9300000000000000e+03	 3.0840063355373820e+02	  2.6341508127563452e+02	
  9.9600000000000000e+03	 3.1396245578870747e+02	  2.8798854125580402e+02	
  9.9900000000000000e+03	 3.1889196499787965e+02	  3.1113488622090358e+02	
  1.0020000000000000e+04	 3.1593573067548311e+02	  3.3780911384364288e+02	
  1.0050000000000000e+04	 3.1983768579063280e+02	  3.7645806717400967e+02	
  1.0080000000000000e+04	 3.1704276411798901e+02	  4.1468947463070111e+02	
  1.0110000000000000e+04	 3.1604389244789587e+02	  4.5026468091751519e+02	
  1.0140000000000000e+04	 3.1776670322568214e+02	  4.9427136390636628e+02	
  1.0170000000000000e+04	 3.1772517770312180e+02	  5.4377879690447617e+02	
  1.0200000000000000e+04	 3.1562076229392858e+02	  5.6895455010381420e+02	
  1.0230000000000000e+04	 3.2079504568789412e+02	  6.0662741434348936e+02	
  1.0260000000000000e+04	 3.1820550870904890e+02	  6.1910598647190045e+02	
  1.0290000000000000e+04	 3.1817124580863612e+02	  6.1750261366148391e+02	
  1.0320000000000000e+04	 3.1639544822616131e+02	  6.1869389705528670e+02	
  1.0350000000000000e+04	 3.1805519334551360e+02	  6.1758041172605374e+02	
  1.0380000000000000e+04	 3.1176587493326531e+02	  5.7579123663401288e+02	
  1.0410000000000000e+04	 3.0661111371005700e+02	  5.3580324274634347e+02	
  1.0440000000000000e+04	 3.0762050679254327e+02	  4.9663206160860881e+02	
  1.0470000000000000e+04	 3.0932241802145421e+02	  4.7013171113853662e+02	
  1.0500000000000000e+04	 3.0379292398754222e+02	  4.2478005314546130e+02	
  1.0530000000000000e+04	 3.0114138562108900e+02	  4.0661504141579888e+02	
  1.0560000000000000e+04	 2.9575771424810881e+02	  3.6123879988032417e+02	
  1.0590000000000000e+04	 2.8818202220518384e+02	  3.1654983118135010e+02	
  1.0620000000000000e+04	 2.8015915734332248e+02	  2.8230476812710890e+02	
  1.0650000000000000e+04	 2.7415909425003161e+02	  2.5339444918381054e+02	
  1.0680000000000000e+04	 2.7464084095408026e+02	  2.2908457292904595e+02	
  1.0710000000000000e+04	 2.7635399637587096e+02	  2.1123856038542488e+02	
  1.0740000000000000e+04	 2.7353730852986592e+02	  1.6728396226074105e+02	
  1.0770000000000000e+04	 2.7577292043947182e+02	  1.4481079039616782e+02	
  1.0800000000000000e+04	 2.7005703424727437e+02	  1.2049115059759424e+02	
  1.0830000000000000e+04	 2.7089699575825432e+02	  8.5549896933593658e+01	
  1.0860000000000000e+04	 2.7185307452772940e+02	  5.9519866313486332e+01	
  1.0890000000000000e+04	 2.7175463959076865e+02	  8.7036300036732683e+00	
  1.0920000000000000e+04	 2.6709963807225154e+02	  -1.3993891068353619e+01	
  1.0950000000000000e+04	 2.6724204098230302e+02	  -4.9184739133082047e+01	
  1.0980000000000000e+04	 2.5739074186974551e+02	  -1.0019607028440822e+02	
  1.1010000000000000e+04	 2.5106149792349620e+02	  -1.2790306025729818e+02	
  1.1040000000000000e+04	 2.4397314399510134e+02	  -1.6798293759178728e+02	
  1.1070000000000000e+04	 2.3808109988435456e+02	  -2.1240137849948445e+02	
  1.1100000000000000e+04	 2.3187318767735749e+02	  -1.8608753732710551e+02	
  1.1130000000000000e+04	 2.1700876515356518e+02	  -1.4806517202897598e+02	
  1.1160000000000000e+04	 2.1460730906047172e+02	  -1.2324639262680574e+02	
  1.1190000000000000e+04	 2.0701159025378089e+02	  -9.3267382167737551e+01	
  1.1220000000000000e+04	 2.0159389233553100e+02	  -5.6327632003116534e+01	
  1.1250000000000000e+04	 1.8965536681176036e+02	  -2.1473197367325554e+01	
  1.1280000000000000e+04	 1.8356214574272246e+02	  1.6570420929909417e+00	
  1.1310000000000000e+04	 1.7156501873183865e+02	  4.3109337567202971e+01	
  1.1340000000000000e+04	 1.5714209183586661e+02	  7.8586469839310354e+01	
  1.1370000000000000e+04	 1.5239148092910048e+02	  1.0057130811398798e+02	
  1.1400000000000000e+04	 1.3902423946585233e+02	  1.3207468427568080e+02	
  1.1430000000000000e+04	 1.3117993596327531e+02	  1.5608027833131263e+02	
  1.1460000000000000e+04	 1.2216213220360137e+02	  2.0139091917984572e+02	
  1.1490000000000000e+04	 1.1040509731331491e+02	  2.3163838911166209e+02	
  1.1520000000000000e+04	 9.4467361851496719e+01	  2.7946834618398151e+02	
  1.1550000000000000e+04	 7.9608808568067033e+01	  3.2101588293143800e+02	
  1.1580000000000000e+04	 7.0674555773698515e+01	  3.5350780840556519e+02	
  1.1610000000000000e+04	 6.0453248494891611e+01	  3.9381642094736486e+02	
  1.1640000000000000e+04	 4.7966004231825778e+01	  4.1791912397312126e+02	
  1.1670000000000000e+04	 4.0225000314672904e+01	  4.5560646360994940e+02	
  1.1700000000000000e+04	 2.4901348375611686e+01	  4.9075542613213565e+02	
  1.1730000000000000e+04	 4.9503329945191552e+01	  4.5115192598383766e+02	
  1.1760000000000000e+04	 7.8323060462792171e+01	  4.0958818866533414e+02	
  1.1790000000000000e+04	 9.4848207245518836e+01	  3.8295757846221073e+02	
  1.1820000000000000e+04	 1.0373491734643723e+02	  3.5942757624832342e+02	
  1.1850000000000000e+04	 1.3205751856150636e+02	  3.1978864701262052e+02	
  1.1880000000000000e+04	 1.5576561473196551e+02	  2.8797655811711576e+02	
  1.1910000000000000e+04	 1.7838856450827544e+02	  2.5692322935912586e+02	
  1.1940000000000000e+04	 2.0086031765142019e+02	  2.3082665689824211e+02	
  1.1970000000000000e+04	 2.1606017645347455e+02	  2.0738755165275853e+02	
  1.2000000000000000e+04	 2.4547895287497212e+02	  1.6512819205374325e+02	
  1.2030000000000000e+04	 2.5613342258436421e+02	  1.4381254697392359e+02	
  1.2060000000000000e+04	 2.8027276997477725e+02	  1.1153941153041848e+02	
  1.2090000000000000e+04	 2.9765269994289690e+02	  9.4816581497415257e+01	
  1.2120000000000000e+04	 3.1811677031661759e+02	  6.8400248035420674e+01	
  1.2150000000000000e+04	 3.3457223609168915e+02	  4.8300745740935270e+01	
  1.2180000000000000e+04	 3.5815969058668588e+02	  9.2113467303537888e+00	
  1.2210000000000000e+04	 3.5462433174946534e+02	  -3.9853200306332731e+01	
  1.2240000000000000e+04	 3.5337452274686103e+02	  -7.9995503155525881e+01	
  1.2270000000000000e+04	 3.4827794161181612e+02	  -1.1886756840848602e+02	
  1.2300000000000000e+04	 3.4407849497166035e+02	  -1.6159791266846531e+02	
  1.2330000000000000e+04	 3.4657245012586014e+02	  -1.9652945476447002e+02	
  1.2360000000000000e+04	 3.4237413005539588e+02	  -2.2622304824985170e+02	
  1.2390000000000000e+04	 3.4295393717903130e+02	  -2.6991893056624878e+02	
  1.2420000000000000e+04	 3.4166636450173996e+02	  -3.0335260947009215e+02	
  1.2450000000000000e+04	 3.4119150271159822e+02	  -3.3396021474871969e+02	
  1.2480000000000000e+04	 3.4667435127967218e+02	  -3.5565323090843174e+02	
  1.2510000000000000e+04	 3.4509443144845790e+02	  -3.5597950979094662e+02	
  1.2540000000000000e+04	 3.4471694741949136e+02	  -3.5701675381620208e+02	
  1.2570000000000000e+04	 3.4581083266966471e+02	  -3.5555692877169150e+02	
  1.2600000000000000e+04	 3.4555630063302493e+02	  -3.5357303503255855e+02	
  1.2630000000000000e+04	 3.4636300713199796e+02	  -3.5329310992024574e+02	
  1.2660000000000000e+04	 3.4599405822616740e+02	  -3.5287233828549319e+02	
  1.2690000000000000e+04	 3.0822770041280921e+02	  -3.5941913607565584e+02	
  1.2720000000000000e+04	 2.7866912092237584e+02	  -3.6920697236926816e+02	
  1.2750000000000000e+04	 2.3121208610197408e+02	  -3.8586929647139902e+02	
  1.2780000000000000e+04	 1.8185826179391950e+02	  -4.0304600395402048e+02	
  1.2810000000000000e+04	 1.4346326722219447e+02	  -4.1713302847774060e+02	
  1.2840000000000000e+04	 1.0202532609327565e+02	  -4.3419658185552856e+02	
  1.2870000000000000e+04	 5.8983972280132448e+01	  -4.4742158175073695e+02	
  1.2900000000000000e+04	 2.2007153636754992e+01	  -4.5344872776731876e+02	
  1.2930000000000000e+04	 -7.6934257013586915e-01	  -4.5547826528693190e+02	
  1.2960000000000000e+04	 -3.1174455689456931e+01	  -4.6469643401300510e+02	
  1.2990000000000000e+04	 -5.0160790883061026e+01	  -4.7379957857014699e+02	
  1.3020000000000000e+04	 -8.6375252518910727e+01	  -4.8372465980206840e+02	
  1.3050000000000000e+04	 -1.2450349109899241e+02	  -4.9870287013294183e+02	
  1.3080000000000000e+04	 -1.7480022287057903e+02	  -5.1324504397166515e+02	
  1.3110000000000000e+04	 -2.1214451124659476e+02	  -5.2769615553079382e+02	
  1.3140000000000000e+04	 -2.3585776805455572e+02	  -5.3315785087383745e+02	
  1.3170000000000000e+04	 -2.6313073561965371e+02	  -5.4605690794975362e+02	
  1.3200000000000000e+04	 -3.0356163859661331e+02	  -5.5410552934054294e+02	
  1.3230000000000000e+04	 -2.7854544319307337e+02	  -5.2223612506225527e+02	
  1.3260000000000000e+04	 -2.5286657450814170e+02	  -4.8506849230356107e+02	
  1.3290000000000000e+04	 -2.3383922794279394e+02	  -4.6149327896038460e+02	
  1.3320000000000000e+04	 -2.1341285513048678e+02	  -4.2665459310823718e+02	
  1.3350000000000000e+04	 -1.8654601616681896e+02	  -3.9224032574370631e+02	
  1.3380000000000000e+04	 -1.5917383553273552e+02	  -3.5837185100576244e+02	
  1.3410000000000000e+04	 -1.2909396989345075e+02	  -3.2353350991439464e+02	
  1.3440000000000000e+04	 -1.0436603486866326e+02	  -2.8699903294776152e+02	
  1.3470000000000000e+04	 -7.2673501643891555e+01	  -2.5453507417732379e+02	
  1.3500000000000000e+04	 -4.3218393748887394e+01	  -2.1649717035337596e+02	
  1.3530000000000000e+04	 -1.5214611603102739e+01	  -1.7686280799242957e+02	
  1.3560000000000000e+04	 1.5275292026104758e+01	  -1.4360878505806917e+02	
  1.3590000000000000e+04	 3.9358350226155544e+01	  -1.0687873920899582e+02	
  1.3620000000000000e+04	 6.8234735707222313e+01	  -7.2928174336070924e+01	
  1.3650000000000000e+04	 9.0165538489510311e+01	  -5.0958199812266358e+01	
  1.3680000000000000e+04	 1.1747228003670595e+02	  -1.5484260976977893e+01	
  1.3710000000000000e+04	 1.4273954617855208e+02	  2.6372073827588650e+01	
  1.3740000000000000e+04	 1.5845360453809198e+02	  4.6936735320522530e+01	
  1.3770000000000000e+04	 1.7931946257406912e+02	  6.8604969663664619e+01	
  1.3800000000000000e+04	 2.0373252861416000e+02	  9.6430260478277674e+01	
  1.3830000000000000e+04	 2.3301118113875395e+02	  1.3410488390782564e+02	
  1.3860000000000000e+04	 2.4428706737298921e+02	  1.5411334319660492e+02	
  1.3890000000000000e+04	 2.6191820168899892e+02	  1.6740980640508627e+02	
  1.3920000000000000e+04	 2.7540570740847880e+02	  1.9780788748135913e+02	
  1.3950000000000000e+04	 2.9379895475578837e+02	  2.2066900386640827e+02	
  1.3980000000000000e+04	 2.9385567909077321e+02	  2.1950319749167281e+02	
  1.4010000000000000e+04	 2.9537155947962736e+02	  2.1776581167583228e+02	
  1.4040000000000000e+04	 2.9466193344599594e+02	  2.1750331600570826e+02	
  1.4070000000000000e+04	 2.9323815543136470e+02	  2.1760467984394154e+02	
  1.4100000000000000e+04	 2.7255914665530719e+02	  1.8800888504349135e+02	
  1.4130000000000000e+04	 2.4557740948982055e+02	  1.5487716260158555e+02	
  1.4160000000000000e+04	 2.1350780043214993e+02	  1.1914683374836881e+02	
  1.4190000000000000e+04	 1.8871219515346425e+02	  8.9844346203011554e+01	
  1.4220000000000000e+04	 1.5273305649465146e+02	  5.6645650083262495e+01	
  1.4250000000000000e+04	 1.3968585926763086e+02	  4.3227218479789641e+01	
  1.4280000000000000e+04	 1.1423981228001668e+02	  2.1330604078636235e+01	
  1.4310000000000000e+04	 8.8763026190036456e+01	  -3.3733206820052608e+00	
  1.4340000000000000e+04	 6.3548702497836175e+01	  -3.0185315634996851e+01	
  1.4370000000000000e+04	 3.6436853860373162e+01	  -6.4633623653269083e+01	
  1.4400000000000000e+04	 2.5131969545797602e+01	  -7.5275177814840148e+01	
  1.4430000000000000e+04	 4.9300595984749123e+00	  -9.8444331664301004e+01	
  1.4460000000000000e+04	 -1.3027383736860912e+01	  -1.1731861871039715e+02	
  1.4490000000000000e+04	 -4.4541569671775406e+01	  -1.4964886212025101e+02	
  1.4520000000000000e+04	 -5.9259378728910519e+01	  -1.7067936803579596e+02	
  1.4550000000000000e+04	 -8.3437111805332535e+01	  -1.9481339109359828e+02	
  1.4580000000000000e+04	 -1.1731269587883256e+02	  -2.2680319375747666e+02	
  1.4610000000000000e+04	 -1.4639699867917187e+02	  -2.6767749091858082e+02	
  1.4640000000000000e+04	 -1.6675724938490768e+02	  -2.9439305217738888e+02	
  1.4670000000000000e+04	 -1.9050674983722658e+02	  -3.1664568324537862e+02	
  1.4700000000000000e+04	 -1.9138219300008063e+02	  -3.1499807466387068e+02	
  1.4730000000000000e+04	 -1.9268175751751519e+02	  -3.1436579193490354e+02	
  1.4760000000000000e+04	 -1.5400282726233456e+02	  -3.0152685545105794e+02	
  1.4790000000000000e+04	 -1.0809899901323048e+02	  -2.8709285582955874e+02	
  1.4820000000000000e+04	 -8.1314655726489676e+01	  -2.7819314002422129e+02	
  1.4850000000000000e+04	 -4.8847352266815989e+01	  -2.6830146542172241e+02	
  1.4880000000000000e+04	 -6.2140307739876874e+00	  -2.5889454424281098e+02	
  1.4910000000000000e+04	 2.3123280299666984e+01	  -2.5249519215888111e+02	
  1.4940000000000000e+04	 5.1673649029673555e+01	  -2.4394289292729104e+02	
  1.4970000000000000e+04	 9.2683734946888592e+01	  -2.3027110610925914e+02	
  1.5000000000000000e+04	 1.1175720385092967e+02	  -2.2125697064566876e+02	
  1.5030000000000000e+04	 1.5542849487376384e+02	  -2.0568792883648939e+02	
  1.5060000000000000e+04	 1.8426479075430461e+02	  -1.9051974372159765e+02	
  1.5090000000000000e+04	 2.2130587698973233e+02	  -1.8327344626966476e+02	
  1.5120000000000000e+04	 2.4267967087003368e+02	  -1.7589479057754733e+02	
  1.5150000000000000e+04	 2.7607312387806752e+02	  -1.6759794287365918e+02	
  1.5180000000000000e+04	 3.0513742421459079e+02	  -1.5398545368230626e+02	
  1.5210000000000000e+04	 3.5451240583081358e+02	  -1.3820568177675631e+02	
  1.5240000000000000e+04	 3.8283086541201777e+02	  -1.1745353716543953e+02	
  1.5270000000000000e+04	 4.0361032546989122e+02	  -1.1347939202788822e+02	
  1.5300000000000000e+04	 4.0476123994562687e+02	  -1.1547362084677756e+02	
  1.5330000000000000e+04	 4.0556869360642924e+02	  -1.1500974522456163e+02	
  1.5360000000000000e+04	 4.0619782813626688e+02	  -1.1563875479672436e+02	
  1.5390000000000000e+04	 4.0467830735507687e+02	  -1.1708849922958092e+02	
  1.5420000000000000e+04	 4.0490166815353075e+02	  -1.1828565572355129e+02	
  1.5450000000000000e+04	 4.0385723593956834e+02	  -1.1696504543558835e+02	
  1.5480000000000000e+04	 4.0460409043285534e+02	  -1.1823418035940713e+02	
  1.5510000000000000e+04	 4.0489147432427563e+02	  -1.1693218562579034e+02	
  1.5540000000000000e+04	 3.8802554185855695e+02	  -1.0567686807823337e+02	
  1.5570000000000000e+04	 3.4648199450250866e+02	  -7.7210765863651716e+01	
  1.5600000000000000e+04	 3.2049209147388768e+02	  -5.9180129837333794e+01	
  1.5630000000000000e+04	 2.9014681242753568e+02	  -3.3642816875715560e+01	
  1.5660000000000000e+04	 2.6829176079123931e+02	  -1.5893386278150565e+01	
  1.5690000000000000e+04	 2.3876811040179419e+02	  1.0799694703780066e+01	
  1.5720000000000000e+04	 2.0369722700787838e+02	  3.8987660384715085e+01	
  1.5750000000000000e+04	 1.7686180053618497e+02	  6.3179602411610972e+01	
  1.5780000000000000e+04	 1.5418834435291615e+02	  7.8026084131903076e+01	
  1.5810000000000000e+04	 1.2918331813140966e+02	  9.7115319223648726e+01	
  1.5840000000000000e+04	 1.0173441338041113e+02	  1.2250015261494987e+02	
  1.5870000000000000e+04	 7.9011756475302207e+01	  1.4159814312523235e+02	
  1.5900000000000000e+04	 4.3610373529088605e+01	  1.7159432973638803e+02	
  1.5930000000000000e+04	 1.2386167261950540e+01	  1.9981033342278064e+02	
  1.5960000000000000e+04	 -6.2355207381858335e+00	  2.1184623831285978e+02	
  1.5990000000000000e+04	 -3.5197414585438707e+01	  2.3767950624905555e+02	
  1.6020000000000000e+04	 -6.5728971388239671e+01	  2.6968184657633913e+02	
  1.6050000000000000e+04	 -8.1538020224437886e+01	  2.8695528750529991e+02	
  1.6080000000000000e+04	 -1.0283280866056700e+02	  3.1300994116002011e+02	
  1.6110000000000000e+04	 -1.3698738208114349e+02	  3.4806698291595478e+02	
  1.6140000000000000e+04	 -1.6315131545997701e+02	  3.7173284797418222e+02	
  1.6170000000000000e+04	 -1.9265769001765307e+02	  3.9886532994551442e+02	
  1.6200000000000000e+04	 -2.2435200899524420e+02	  4.2815033949995779e+02	
  1.6230000000000000e+04	 -2.4062186148230620e+02	  4.4166416168055429e+02	
  1.6260000000000000e+04	 -2.5583559180963988e+02	  4.6401536885913674e+02	
  1.6290000000000000e+04	 -2.7430479840384947e+02	  4.8425616155577762e+02	
  1.6320000000000000e+04	 -3.0048208212096210e+02	  5.1088653492459525e+02	
  1.6350000000000000e+04	 -3.1908605600307646e+02	  5.2177955213614268e+02	
  1.6380000000000000e+04	 -3.1711146048923752e+02	  5.2089988747763834e+02	
  1.6410000000000000e+04	 -3.1783812448650701e+02	  5.2224233708793895e+02	
  1.6440000000000000e+04	 -3.1952422567265808e+02	  5.2302166638265101e+02	
  1.6470000000000000e+04	 -3.1981072666001018e+02	  5.2280931419287538e+02	
  1.6500000000000000e+04	 -3.0470536094107462e+02	  4.8711109085556706e+02	
  1.6530000000000000e+04	 -2.9668484891080044e+02	  4.5286321547059669e+02	
  1.6560000000000000e+04	 -2.7972448668974511e+02	  4.0606863235200774e+02	
  1.6590000000000000e+04	 -2.6245631411940997e+02	  3.6835703492572821e+02	
  1.6620000000000000e+04	 -2.4944299379880346e+02	  3.4180435739081048e+02	
  1.6650000000000000e+04	 -2.3802167931071889e+02	  3.2149597509144559e+02	
  1.6680000000000000e+04	 -2.2440149792340492e+02	  2.7917464450676812e+02	
  1.6710000000000000e+04	 -2.1326653816792458e+02	  2.5312136416520110e+02	
  1.6740000000000000e+04	 -1.8954170232897954e+02	  2.1485797325079210e+02	
  1.6770000000000000e+04	 -1.7803214846356730e+02	  1.9316489272333661e+02	
  1.6800000000000000e+04	 -1.6169034728273147e+02	  1.5666099006096951e+02	
  1.6830000000000000e+04	 -1.4782032248208216e+02	  1.3453342266708540e+02	
  1.6860000000000000e+04	 -1.7203623645731108e+02	  1.1497384583975519e+02	
  1.6890000000000000e+04	 -2.1689140032388596e+02	  9.2562996639532940e+01	
  1.6920000000000000e+04	 -2.3339859451663204e+02	  7.7242433574035914e+01	
  1.6950000000000000e+04	 -2.5677236695596082e+02	  6.0161410503994340e+01	
  1.6980000000000000e+04	 -2.8444130315452924e+02	  4.5995312145445986e+01	
  1.7010000000000000e+04	 -3.0901062968415908e+02	  3.5159911660857830e+01	
  1.7040000000000000e+04	 -3.4178619970801657e+02	  1.0940463115942300e+01	
  1.7070000000000000e+04	 -3.7996850140347414e+02	  -1.1831143023870261e+01	
  1.7100000000000000e+04	 -4.1964027553888445e+02	  -3.6793453820853529e+01	
  1.7130000000000000e+04	 -4.3514120556971949e+02	  -5.1320364982619694e+01	
  1.7160000000000000e+04	 -4.5851754870777563e+02	  -6.4405347473130433e+01	
  1.7190000000000000e+04	 -4.6399342489261687e+02	  -9.9854353725590443e+01	
  1.7220000000000000e+04	 -4.6577217674790734e+02	  -1.2973698623184168e+02	
  1.7250000000000000e+04	 -4.6780711241665142e+02	  -1.7194054293324172e+02	
  1.7280000000000000e+04	 -4.6413099201866083e+02	  -2.1419330253360022e+02	
  1.7310000000000000e+04	 -4.5981228611104473e+02	  -2.5578032779266229e+02	
  1.7340000000000000e+04	 -4.5667181647567719e+02	  -2.8406860818561012e+02	
  1.7370000000000000e+04	 -4.5651508829070650e+02	  -3.2388165976849473e+02	
  1.7400000000000000e+04	 -4.6343962705268996e+02	  -3.5433464704996265e+02	
  1.7430000000000000e+04	 -4.6661124678335136e+02	  -3.9948186889117557e+02	
  1.7460000000000000e+04	 -4.6282460054860843e+02	  -4.4871747154339550e+02	
  1.7490000000000000e+04	 -4.3206051752203200e+02	  -4.3645767953173510e+02	
  1.7520000000000000e+04	 -3.9039570923610358e+02	  -4.1203868614041380e+02	
  1.7550000000000000e+04	 -3.5545243766792078e+02	  -3.9914059878489815e+02	
  1.7580000000000000e+04	 -3.2613230157364973e+02	  -3.8618427996854780e+02	
  1.7610000000000000e+04	 -2.9612592164342175e+02	  -3.7305541143222172e+02	
  1.7640000000000000e+04	 -2.5415867550301499e+02	  -3.5065408572886690e+02	
  1.7670000000000000e+04	 -2.3104297797057063e+02	  -3.3889591176116409e+02	
  1.7700000000000000e+04	 -1.9545408315983622e+02	  -3.2173542267219284e+02	
  1.7730000000000000e+04	 -1.4848312235237552e+02	  -2.9922653781747806e+02	
  1.7760000000000000e+04	 -1.0536844846227606e+02	  -2.8107754058101074e+02	
  1.7790000000000000e+04	 -7.9485673822097525e+01	  -2.6923067147639654e+02	
  1.7820000000000000e+04	 -3.5365528470602179e+01	  -2.4801530019618878e+02	
  1.7850000000000000e+04	 3.8321479115002788e+00	  -2.2968303625160991e+02	
  1.7880000000000000e+04	 4.5506490303378087e+01	  -2.0453052655488398e+02	
  1.7910000000000000e+04	 7.4168743880965081e+01	  -1.9526233155457379e+02	
  1.7940000000000000e+04	 5.7049801880733156e+01	  -1.8608917509747616e+02	
  1.7970000000000000e+04	 2.9448713170827975e+01	  -1.5921971851905863e+02	
  1.8000000000000000e+04	 1.0767943570910177e+00	  -1.3791811938060738e+02	
  1.8030000000000000e+04	 -3.5668802903399758e+01	  -1.0961511857934131e+02	
  1.8060000000000000e+04	 -7.2475661873970012e+01	  -7.8991729457125388e+01	
  1.8090000000000000e+04	 -8.5091478366544493e+01	  -5.9090453249851123e+01	
  1.8120000000000000e+04	 -1.1707587131155145e+02	  -2.5426850144274709e+01	
  1.8150000000000000e+04	 -1.4894617379247563e+02	  2.3992153767495630e+00	
  1.8180000000000000e+04	 -1.7167325036741741e+02	  2.3226725668832803e+01	
  1.8210000000000000e+04	 -2.0303316049123251e+02	  5.2399013538955373e+01	
  1.8240000000000000e+04	 -2.3045566668724524e+02	  6.9946732170794675e+01	
  1.8270000000000000e+04	 -2.6645220832881557e+02	  9.7126867241951970e+01	
  1.8300000000000000e+04	 -2.9765916766416854e+02	  1.2413051463225440e+02	
  1.8330000000000000e+04	 -3.3445741751679105e+02	  1.5560560970849326e+02	
  1.8360000000000000e+04	 -3.5461705433115964e+02	  1.7360558165745329e+02	
  1.8390000000000000e+04	 -3.8550826476572303e+02	  2.0383887255287743e+02	
  1.8420000000000000e+04	 -4.1246951056743137e+02	  2.2090110056781745e+02	
  1.8450000000000000e+04	 -4.4065647730725897e+02	  2.4487595978706662e+02	
  1.8480000000000000e+04	 -4.6664944874027691e+02	  2.7269675420278855e+02	
  1.8510000000000000e+04	 -4.8939517877407923e+02	  3.0129734304980525e+02	
  1.8540000000000000e+04	 -5.1908704528492808e+02	  3.2878395181382666e+02	
  1.8570000000000000e+04	 -5.3131451243538800e+02	  3.3898362898623907e+02	
  1.8600000000000000e+04	 -5.6121481936542250e+02	  3.6895744608137431e+02	
  1.8630000000000000e+04	 -5.7707965102656044e+02	  3.8441388124322060e+02	
  1.8660000000000000e+04	 -5.9653150432345831e+02	  3.9931836669218734e+02	
  1.8690000000000000e+04	 -6.2291667189306929e+02	  4.2558072907632186e+02	
  1.8720000000000000e+04	 -6.4115832119442337e+02	  4.3877175607079369e+02	
  1.8750000000000000e+04	 -6.5847693354822070e+02	  4.6351635675976786e+02	
  1.8780000000000000e+04	 -6.8343454639633114e+02	  4.8664940209682243e+02	
  1.8810000000000000e+04	 -7.0632695806039214e+02	  5.0982381048599035e+02	
  1.8840000000000000e+04	 -7.4022276432704018e+02	  5.4012937860277952e+02	
  1.8870000000000000e+04	 -7.6799405559291881e+02	  5.6440610584643332e+02	
  1.8900000000000000e+04	 -7.8859458437749424e+02	  5.9025509288561091e+02	
  1.8930000000000000e+04	 -7.6932065488113881e+02	  5.6711656504430221e+02	
  1.8960000000000000e+04	 -7.4098820569592374e+02	  5.4635209828899053e+02	
  1.8990000000000000e+04	 -7.0711744248152866e+02	  5.1994398788404942e+02	
  1.9020000000000000e+04	 -6.8048620733857490e+02	  4.9871652095066986e+02	
  1.9050000000000000e+04	 -6.6466087181263765e+02	  4.8238580909918522e+02	
  1.9080000000000000e+04	 -6.4318148920399608e+02	  4.6404895286091977e+02	
  1.9110000000000000e+04	 -6.0484759269224742e+02	  4.3684392377124118e+02	
  1.9140000000000000e+04	 -5.6331762551264899e+02	  4.0962055224535391e+02	
  1.9170000000000000e+04	 -5.2621593012858523e+02	  3.7975902418460208e+02	
  1.9200000000000000e+04	 -5.0561721231255729e+02	  3.7136570275373668e+02	
  1.9230000000000000e+04	 -4.7953947896636902e+02	  3.5600497915116171e+02	
  1.9260000000000000e+04	 -4.5338436260624809e+02	  3.3008236480369749e+02	
  1.9290000000000000e+04	 -4.2800377901616838e+02	  3.0837434851127784e+02	
  1.9320000000000000e+04	 -3.9855163304626205e+02	  2.8452771508837537e+02	
  1.9350000000000000e+04	 -3.7442327316094679e+02	  2.6201258363659923e+02	
  1.9380000000000000e+04	 -3.5550492690783386e+02	  2.4520211652116114e+02	
  1.9410000000000000e+04	 -3.2836076839805065e+02	  2.2561972885227618e+02	
  1.9440000000000000e+04	 -3.0983173638285211e+02	  2.0863290817149667e+02	
  1.9470000000000000e+04	 -2.8423189231013311e+02	  1.8440350967556259e+02	
  1.9500000000000000e+04	 -2.6404921263186520e+02	  1.6604202397092132e+02	
  1.9530000000000000e+04	 -2.2779503129248326e+02	  1.4570979683738074e+02	
  1.9560000000000000e+04	 -2.0567387941627493e+02	  1.3227292867086058e+02	
  1.9590000000000000e+04	 -1.7816410457386601e+02	  1.0857659509170472e+02	
  1.9620000000000000e+04	 -1.4969317578465515e+02	  8.8309783614362686e+01	
  1.9650000000000000e+04	 -1.3175681481695656e+02	  7.8176005321804325e+01	
  1.9680000000000000e+04	 -1.0890884950032483e+02	  5.8446455198252046e+01	
  1.9710000000000000e+04	 -8.0751248673249336e+01	  4.2557850140612480e+01	
  1.9740000000000000e+04	 -4.0702661472765605e+01	  8.1260002803828542e+00	
  1.9770000000000000e+04	 -1.4459152934606642e+01	  -1.1282669494311712e+01	
  1.9800000000000000e+04	 2.1125550274100902e+01	  -4.1023428398261075e+01	
  1.9830000000000000e+04	 4.8428796085920631e+01	  -6.3190729518403131e+01	
  1.9860000000000000e+04	 7.4957177545276949e+01	  -8.8392844339915669e+01	
  1.9890000000000000e+04	 9.4841327826041066e+01	  -1.0806487549150296e+02	
  1.9920000000000000e+04	 1.2268974530340604e+02	  -1.3446283118625425e+02	
  1.9950000000000000e+04	 1.5764005744116113e+02	  -1.6368007799738052e+02	
  1.9980000000000000e+04	 1.8243657675998102e+02	  -1.8579063530927982e+02	
  2.0010000000000000e+04	 2.1475085933398930e+02	  -2.0783640860722483e+02	
  2.0040000000000000e+04	 2.4206077919239777e+02	  -2.3075253630016741e+02	
  2.0070000000000000e+04	 2.6503636327084223e+02	  -2.4400593104085598e+02	
  2.0100000000000000e+04	 2.9182373314895653e+02	  -2.6921709484608823e+02	
  2.0130000000000000e+04	 3.2328323075444172e+02	  -2.8748971152930295e+02	
  2.0160000000000000e+04	 3.4820042599111423e+02	  -3.0683535939219882e+02	
  2.0190000000000000e+04	 3.6508477816488062e+02	  -3.2522909668041081e+02	
  2.0220000000000000e+04	 3.6411883078092222e+02	  -3.2659439521515168e+02	
  2.0250000000000000e+04	 3.6570445384273688e+02	  -3.2518909600800561e+02	
  2.0280000000000000e+04	 3.5670775721336332e+02	  -3.0112783479696259e+02	
  2.0310000000000000e+04	 3.3583204662682488e+02	  -2.7215701783448230e+02	
  2.0340000000000000e+04	 3.2853128931813654e+02	  -2.4912928487148096e+02	
  2.0370000000000000e+04	 3.1329616577048489e+02	  -2.2211026262179843e+02	
  2.0400000000000000e+04	 2.9517918712642899e+02	  -1.8808886956878240e+02	
  2.0430000000000000e+04	 2.8204266976389778e+02	  -1.6627962391274033e+02	
  2.0460000000000000e+04	 2.6583045949248213e+02	  -1.3607003085260641e+02	
  2.0490000000000000e+04	 2.4306349896321143e+02	  -9.6912407245650229e+01	
  2.0520000000000000e+04	 2.2290884864604629e+02	  -5.5410569552621574e+01	
  2.0550000000000000e+04	 2.0527909336264665e+02	  -2.3779198836539273e+01	
  2.0580000000000000e+04	 1.8958670040954905e+02	  2.3003570897724082e+00	
  2.0610000000000000e+04	 1.6931526711379655e+02	  3.7722860711935525e+01	
  2.0640000000000000e+04	 1.4625627044965148e+02	  8.3878011031330828e+01	
  2.0670000000000000e+04	 1.3927150096765564e+02	  1.0647303909709773e+02	
  2.0700000000000000e+04	 1.3240808355825089e+02	  1.2598048686099406e+02	
  2.0730000000000000e+04	 1.0818342346683016e+02	  1.5323561004129098e+02	
  2.0760000000000000e+04	 8.9382549094262799e+01	  1.7601774073354227e+02	
  2.0790000000000000e+04	 7.3014998528194468e+01	  2.0179303079179641e+02	
  2.0820000000000000e+04	 5.5976338442695997e+01	  2.4283228948695140e+02	
  2.0850000000000000e+04	 3.8986483771671374e+01	  2.6232322707021785e+02	
  2.0880000000000000e+04	 1.8283422411727617e+01	  2.9957202496514577e+02	
  2.0910000000000000e+04	 3.4716290173982891e+00	  2.7929645310275396e+02	
  2.0940000000000000e+04	 -2.3346379310483876e+01	  2.5408943038234841e+02	
  2.0970000000000000e+04	 -4.3741582258256585e+01	  2.3806885159776749e+02	
  2.1000000000000000e+04	 -6.2670240489985090e+01	  2.1625890452091761e+02	
  2.1030000000000000e+04	 -9.1763442805269435e+01	  1.8603109931399445e+02	
  2.1060000000000000e+04	 -1.0370517927204125e+02	  1.7423488124618419e+02	
  2.1090000000000000e+04	 -1.3370651948962441e+02	  1.3739158513053715e+02	
  2.1120000000000000e+04	 -1.5911556282269609e+02	  1.0793337722357327e+02	
  2.1150000000000000e+04	 -1.8835732593363684e+02	  7.8519933209472939e+01	
  2.1180000000000000e+04	 -2.1814170377453755e+02	  4.8255902982893261e+01	
  2.1210000000000000e+04	 -2.4170833572701213e+02	  2.4911084808242435e+01	
  2.1240000000000000e+04	 -2.5975953022386028e+02	  1.6656959610417914e+00	
  2.1270000000000000e+04	 -2.8639837772553079e+02	  -2.8488263215070802e+01	
  2.1300000000000000e+04	 -3.0859584163593274e+02	  -5.1255042812989736e+01	
  2.1330000000000000e+04	 -2.8298833019428383e+02	  -6.9619514225052598e+01	
  2.1360000000000000e+04	 -2.6700826158634726e+02	  -7.8943329017612044e+01	
  2.1390000000000000e+04	 -2.3089227786232425e+02	  -9.6747789188346133e+01	
  2.1420000000000000e+04	 -1.9451033640352574e+02	  -1.1627111851182708e+02	
  2.1450000000000000e+04	 -1.5342804451165239e+02	  -1.3913154150554209e+02	
  2.1480000000000000e+04	 -1.1552378160096498e+02	  -1.6210056376745570e+02	
  2.1510000000000000e+04	 -8.5041594843275533e+01	  -1.8549579489490546e+02	
  2.1540000000000000e+04	 -4.7883071628515026e+01	  -2.0744738906259434e+02	
  2.1570000000000000e+04	 -4.4395946465393550e+00	  -2.3513326983217607e+02	
  2.1600000000000000e+04	 2.1079080424854041e+01	  -2.5552632679174036e+02	
  2.1630000000000000e+04	 5.3815805396458273e+01	  -2.7489387456932297e+02	
  2.1660000000000000e+04	 8.0123555997772826e+01	  -2.9137313163577431e+02	
  2.1690000000000000e+04	 1.0987523151982047e+02	  -3.0909760172597163e+02	
  2.1720000000000000e+04	 1.3776038753734650e+02	  -3.2581832650228739e+02	
  2.1750000000000000e+04	 1.6236022645311115e+02	  -3.3842234861194100e+02	
  2.1780000000000000e+04	 2.0512273172357087e+02	  -3.5879771443814826e+02	
  2.1810000000000000e+04	 2.2363886468768513e+02	  -3.7591089813269480e+02	
  2.1840000000000000e+04	 2.4271707916324817e+02	  -3.8499066594416576e+02	
  2.1870000000000000e+04	 2.7465788894785425e+02	  -4.0780636286437488e+02	
  2.1900000000000000e+04	 2.9321481837219687e+02	  -4.1880349212347073e+02	
  2.1930000000000000e+04	 3.2426611717899482e+02	  -4.3545439594562299e+02	
  2.1960000000000000e+04	 3.2427307043117725e+02	  -4.3716234772233440e+02	
  2.1990000000000000e+04	 3.2444967607679047e+02	  -4.3843956645696574e+02	
  2.2020000000000000e+04	 3.2527047738798774e+02	  -4.3945320962951990e+02	
  2.2050000000000000e+04	 3.2506474508264739e+02	  -4.4028574570378316e+02	
  2.2080000000000000e+04	 3.2325402434289049e+02	  -4.4031705755025138e+02	
  2.2110000000000000e+04	 3.2687037290561483e+02	  -4.1563563299360493e+02	
  2.2140000000000000e+04	 3.3414135076069454e+02	  -3.9235297564950775e+02	
  2.2170000000000000e+04	 3.4543129044671275e+02	  -3.4534453837949400e+02	
  2.2200000000000000e+04	 3.5255038988023728e+02	  -3.2670064046439546e+02	
  2.2230000000000000e+04	 3.5920475016040621e+02	  -3.0685817112481391e+02	
  2.2260000000000000e+04	 3.7652013018076298e+02	  -2.6639644843027298e+02	
  2.2290000000000000e+04	 3.8169908586634278e+02	  -2.3914946089744032e+02	
  2.2320000000000000e+04	 3.9564418492995316e+02	  -2.0347042059630368e+02	
  2.2350000000000000e+04	 4.1515359456389268e+02	  -1.5708784423349368e+02	
  2.2380000000000000e+04	 4.3230346024308466e+02	  -1.1197379460719333e+02	
  2.2410000000000000e+04	 4.0419781309589484e+02	  -1.2364753207640217e+02	
  2.2440000000000000e+04	 3.8718609322275972e+02	  -1.3113867918377440e+02	
  2.2470000000000000e+04	 3.6941086312738634e+02	  -1.3929311972507512e+02	
  2.2500000000000000e+04	 3.5106256625843503e+02	  -1.4392665775434997e+02	
  2.2530000000000000e+04	 3.2826408711784029e+02	  -1.5485425055833375e+02	
  2.2560000000000000e+04	 3.1002963423622225e+02	  -1.6513426695537260e+02	
  2.2590000000000000e+04	 2.6239544179560846e+02	  -1.8091942826456525e+02	
  2.2620000000000000e+04	 2.4321111312574288e+02	  -1.8603640751487382e+02	
  2.2650000000000000e+04	 2.1308904366704675e+02	  -2.0017713955569752e+02	
  2.2680000000000000e+04	 1.8703735856115432e+02	  -2.1193283208692262e+02	
  2.2710000000000000e+04	 1.5382590844098280e+02	  -2.2083486022884202e+02	
  2.2740000000000000e+04	 1.2287201036990551e+02	  -2.2454814622091749e+02	
  2.2770000000000000e+04	 9.1690274611181422e+01	  -2.3220465818046208e+02	
  2.2800000000000000e+04	 5.0240801357530685e+01	  -2.4832901126939311e+02	
  2.2830000000000000e+04	 1.9803070827111419e+01	  -2.5576226306343722e+02	
  2.2860000000000000e+04	 -2.9667598748028375e+01	  -2.7068713380288801e+02	
  2.2890000000000000e+04	 -6.5061532992335032e+01	  -2.8381036120743505e+02	
  2.2920000000000000e+04	 -4.9729914911960549e+01	  -3.0046689156990857e+02	
  2.2950000000000000e+04	 -3.3566732765209096e+01	  -3.2379834862971330e+02	
  2.2980000000000000e+04	 -4.0030105531928051e+00	  -3.6785560824906986e+02	
  2.3010000000000000e+04	 1.3304838934244998e+01	  -3.8385118382779365e+02	
  2.3040000000000000e+04	 3.6300685620413560e+01	  -4.2266877107333914e+02	
  2.3070000000000000e+04	 5.4794792343836448e+01	  -4.5342049990063327e+02	
  2.3100000000000000e+04	 7.2238949512063542e+01	  -4.7853554105146969e+02	
  2.3130000000000000e+04	 9.8328658312635568e+01	  -5.2024335744282291e+02	
  2.3160000000000000e+04	 1.1519635300269115e+02	  -5.4119780836389134e+02	
  2.3190000000000000e+04	 1.4526052518030232e+02	  -5.7300593202294726e+02	
  2.3220000000000000e+04	 1.6505600432717810e+02	  -6.0038420930260349e+02	
  2.3250000000000000e+04	 1.9375006090685952e+02	  -6.4318690639829265e+02	
  2.3280000000000000e+04	 2.1139842138263509e+02	  -6.7643649194179261e+02	
  2.3310000000000000e+04	 2.3010638453642093e+02	  -7.0407992093953749e+02	
  2.3340000000000000e+04	 2.5241309149580530e+02	  -7.3144735668893759e+02	
  2.3370000000000000e+04	 2.6169835343809041e+02	  -7.4646261912598266e+02	
  2.3400000000000000e+04	 2.6039104702357628e+02	  -7.4622628258276291e+02	
  2.3430000000000000e+04	 2.5957402289329889e+02	  -7.4767373559907458e+02	
  2.3460000000000000e+04	 2.6079122097032104e+02	  -7.4570105082588225e+02	
  2.3490000000000000e+04	 2.6144721432601818e+02	  -7.4427989526705971e+02	
  2.3520000000000000e+04	 2.6334028957989244e+02	  -7.4389629750393522e+02	
  2.3550000000000000e+04	 2.6409082984800727e+02	  -7.4435449948829626e+02	
  2.3580000000000000e+04	 2.6512959598227297e+02	  -7.4327021813033059e+02	
  2.3610000000000000e+04	 2.6442075230934358e+02	  -7.4329506836450378e+02	
  2.3640000000000000e+04	 2.5261098914245554e+02	  -7.1715103706870627e+02	
  2.3670000000000000e+04	 2.3445375270706319e+02	  -6.7636275088091907e+02	
  2.3700000000000000e+04	 2.2742002060813661e+02	  -6.4749304796590968e+02	
  2.3730000000000000e+04	 2.1401052030005692e+02	  -6.2503223632143295e+02	
  2.3760000000000000e+04	 1.9669808442724707e+02	  -5.8094560036629639e+02	
  2.3790000000000000e+04	 1.7884294848907098e+02	  -5.3912294133972318e+02	
