  0.0000000000000000e+00	 -1.9752294371623060e+02	  3.4315789796990504e+02	
  3.0000000000000000e+01	 -2.1809002126909871e+02	  3.2053915267622301e+02	
  6.0000000000000000e+01	 -2.4743176061644206e+02	  2.8538003457201194e+02	
  9.0000000000000000e+01	 -2.6914680841363997e+02	  2.5082327927212350e+02	
  1.2000000000000000e+02	 -2.9077257018528718e+02	  2.1674619122510094e+02	
  1.5000000000000000e+02	 -3.2112278182277714e+02	  1.7623178384270980e+02	
  1.8000000000000000e+02	 -3.4026177806541432e+02	  1.3804837114275327e+02	
  2.1000000000000000e+02	 -3.6347169946929375e+02	  1.0710731879817578e+02	
  2.4000000000000000e+02	 -3.8369107347399222e+02	  8.2032574739174294e+01	
  2.7000000000000000e+02	 -4.0023166581540505e+02	  5.9663294131541363e+01	
  3.0000000000000000e+02	 -4.2288070901309356e+02	  2.1832701865943122e+01	
  3.3000000000000000e+02	 -4.4074659199892068e+02	  -7.5956227320897760e+00	
  3.6000000000000000e+02	 -4.6423993635908835e+02	  -4.1638936060238962e+01	
  3.9000000000000000e+02	 -4.7634370919507023e+02	  -6.0287023302250503e+01	
  4.2000000000000000e+02	 -4.9592347836280982e+02	  -8.9112375688795538e+01	
  4.5000000000000000e+02	 -5.1172372972930964e+02	  -1.0714413668788524e+02	
  4.8000000000000000e+02	 -5.2835512469480545e+02	  -1.2831340599496485e+02	
  5.1000000000000000e+02	 -5.3978268340189970e+02	  -1.4731195557666175e+02	
  5.4000000000000000e+02	 -5.6761470957840629e+02	  -1.8503661454091082e+02	
  5.7000000000000000e+02	 -5.8505734803248242e+02	  -2.0659230801016776e+02	
  6.0000000000000000e+02	 -5.6955771330068569e+02	  -1.8008799799780445e+02	
  6.3000000000000000e+02	 -5.5729526097518931e+02	  -1.6488612000353390e+02	
  6.6000000000000000e+02	 -5.3225753064622063e+02	  -1.3103242904360954e+02	
  6.9000000000000000e+02	 -5.2263437320679930e+02	  -1.1492843551352104e+02	
  7.2000000000000000e+02	 -5.1156416653257901e+02	  -9.2758332616448584e+01	
  7.5000000000000000e+02	 -4.9313507230101453e+02	  -5.8950354956587489e+01	
  7.8000000000000000e+02	 -4.7066606745992857e+02	  -3.7192909730898108e+01	
  8.1000000000000000e+02	 -4.4427113675257345e+02	  3.9570730798154230e+00	
  8.4000000000000000e+02	 -4.2698812061448990e+02	  2.5392277205543252e+01	
  8.7000000000000000e+02	 -3.9521705427551694e+02	  6.6833847012432102e+01	
  9.0000000000000000e+02	 -3.6773848060821200e+02	  9.2832087515450368e+01	
  9.3000000000000000e+02	 -3.5803036749246161e+02	  1.0676688922997467e+02	
  9.6000000000000000e+02	 -3.4148837839932537e+02	  1.2797464882461952e+02	
  9.9000000000000000e+02	 -3.2014924861446428e+02	  1.5524035722596690e+02	
  1.0200000000000000e+03	 -2.8985036018965491e+02	  1.9078229665749370e+02	
  1.0500000000000000e+03	 -2.6797366981981213e+02	  2.2083304393963209e+02	
  1.0800000000000000e+03	 -2.5220233474408855e+02	  2.4968696330980038e+02	
  1.1100000000000000e+03	 -2.2405740144950619e+02	  2.8585507250234798e+02	
  1.1400000000000000e+03	 -2.0743634504107419e+02	  3.1463670165025400e+02	
  1.1700000000000000e+03	 -2.0847968929673723e+02	  3.1315940347069483e+02	
  1.2000000000000000e+03	 -2.0979525552047420e+02	  3.1367592037753866e+02	
  1.2300000000000000e+03	 -2.1139284211333475e+02	  3.1499547878053124e+02	
  1.2600000000000000e+03	 -2.1097607684373645e+02	  3.1682127385350219e+02	
  1.2900000000000000e+03	 -2.1308544984389215e+02	  2.8331173720020024e+02	
  1.3200000000000000e+03	 -2.0596355318878750e+02	  2.4593352752377174e+02	
  1.3500000000000000e+03	 -2.0192467084776385e+02	  2.0486882982272832e+02	
  1.3800000000000000e+03	 -1.9987121257906961e+02	  1.7016949608417312e+02	
  1.4100000000000000e+03	 -1.9888003478631191e+02	  1.2321489214171163e+02	
  1.4400000000000000e+03	 -1.9497800700922511e+02	  1.0107168360309934e+02	
  1.4700000000000000e+03	 -1.9406751658746504e+02	  6.2944447890674795e+01	
  1.5000000000000000e+03	 -1.8906842978210778e+02	  1.9636914943969110e+01	
  1.5300000000000000e+03	 -1.8424163719804312e+02	  -3.2427105179769072e+01	
  1.5600000000000000e+03	 -1.8299784680294988e+02	  -5.3084674336564568e+01	
  1.5900000000000000e+03	 -1.7894560449984533e+02	  -8.9979774467227486e+01	
  1.6200000000000000e+03	 -1.7397995916237775e+02	  -1.3751739310782500e+02	
  1.6500000000000000e+03	 -1.7099470839645849e+02	  -1.6304401895271559e+02	
  1.6800000000000000e+03	 -1.5132210803225502e+02	  -1.4333356699446520e+02	
  1.7100000000000000e+03	 -1.2207791054363388e+02	  -1.1080747797776377e+02	
  1.7400000000000000e+03	 -8.7497753142128573e+01	  -7.7661653736082343e+01	
  1.7700000000000000e+03	 -5.9012559495663069e+01	  -4.1181214419150912e+01	
  1.8000000000000000e+03	 -4.1282289845051778e+01	  -2.8939253293196657e+01	
  1.8300000000000000e+03	 -1.9130689448080538e+01	  -1.0221062234274648e+01	
  1.8600000000000000e+03	 1.4237512793280388e+01	  2.0619302234764557e+01	
  1.8900000000000000e+03	 4.5349495931369717e+01	  5.7421630875264682e+01	
  1.9200000000000000e+03	 6.4081583532533273e+01	  7.6648895626018927e+01	
  1.9500000000000000e+03	 9.0035869922310695e+01	  1.1361670752212181e+02	
  1.9800000000000000e+03	 1.1396211920195708e+02	  1.4772486363706207e+02	
  2.0100000000000000e+03	 1.4061785873256912e+02	  1.8127167624194124e+02	
  2.0400000000000000e+03	 1.6246656790545535e+02	  1.9962953296604780e+02	
  2.0700000000000000e+03	 1.7183691568483317e+02	  2.1459307369818742e+02	
  2.1000000000000000e+03	 2.0471326042452426e+02	  2.5289495452185682e+02	
  2.1300000000000000e+03	 2.3264913912629046e+02	  2.8025209030121329e+02	
  2.1600000000000000e+03	 2.6156042608005481e+02	  3.1607864321061663e+02	
  2.1900000000000000e+03	 2.8109838005351565e+02	  3.3382213954300960e+02	
  2.2200000000000000e+03	 3.1617149067392273e+02	  3.6627557941060792e+02	
  2.2500000000000000e+03	 3.3378197199011004e+02	  3.8686309750897317e+02	
  2.2800000000000000e+03	 3.5191115880937713e+02	  4.0598971658725679e+02	
  2.3100000000000000e+03	 3.7831453215021259e+02	  4.2787815938941407e+02	
  2.3400000000000000e+03	 3.9317820371237497e+02	  4.4812526589373522e+02	
  2.3700000000000000e+03	 4.1369746849372473e+02	  4.7579972546915599e+02	
  2.4000000000000000e+03	 4.2940292279390712e+02	  4.9124719509799792e+02	
  2.4300000000000000e+03	 4.4857548015454142e+02	  5.1063029605644260e+02	
  2.4600000000000000e+03	 4.6094673202835185e+02	  5.2809836227892106e+02	
  2.4900000000000000e+03	 4.7339114947328778e+02	  5.4895980898358312e+02	
  2.5200000000000000e+03	 4.9974505801657818e+02	  5.7373877941901344e+02	
  2.5500000000000000e+03	 5.1487448487357472e+02	  5.9672427922393877e+02	
  2.5800000000000000e+03	 5.3164729338944608e+02	  6.1668992429779905e+02	
  2.6100000000000000e+03	 5.3334931796562762e+02	  6.1763222814071366e+02	
  2.6400000000000000e+03	 5.3528973277721593e+02	  6.1865403939112889e+02	
  2.6700000000000000e+03	 5.3530016099210400e+02	  6.1980980009981238e+02	
  2.7000000000000000e+03	 5.3519519607956227e+02	  6.2128570267026566e+02	
  2.7300000000000000e+03	 5.3695322328981877e+02	  6.2036640928781526e+02	
  2.7600000000000000e+03	 5.3593730275905011e+02	  6.1959982002834579e+02	
  2.7900000000000000e+03	 5.3616980109589895e+02	  6.2066154130362156e+02	
  2.8200000000000000e+03	 4.9030391355272855e+02	  6.0026990002155924e+02	
  2.8500000000000000e+03	 4.5294271728150443e+02	  5.7988901493203241e+02	
  2.8800000000000000e+03	 4.3309018121828564e+02	  5.7397616222522731e+02	
  2.9100000000000000e+03	 3.9989623586836814e+02	  5.6218581018064754e+02	
  2.9400000000000000e+03	 3.5959029837714053e+02	  5.5011861135592108e+02	
  2.9700000000000000e+03	 3.1387114495714184e+02	  5.3261860378096492e+02	
  3.0000000000000000e+03	 2.9387441690410327e+02	  5.1937760833247410e+02	
  3.0300000000000000e+03	 2.6642095397508911e+02	  5.0364220835525038e+02	
  3.0600000000000000e+03	 2.2946658105918792e+02	  4.8643954368087191e+02	
  3.0900000000000000e+03	 2.1219252388742532e+02	  4.8303630397203284e+02	
  3.1200000000000000e+03	 1.9266373635853211e+02	  4.7737862438332877e+02	
  3.1500000000000000e+03	 1.5098425879598020e+02	  4.6106698092441059e+02	
  3.1800000000000000e+03	 1.1861718604666216e+02	  4.4891932204790629e+02	
  3.2100000000000000e+03	 8.7113479171532916e+01	  4.3387111635643578e+02	
  3.2400000000000000e+03	 4.7635849239950588e+01	  4.1171305960885365e+02	
  3.2700000000000000e+03	 4.3864286050269286e+00	  3.9399986854518772e+02	
  3.3000000000000000e+03	 -3.3745659416372391e+01	  3.8049011239684620e+02	
  3.3300000000000000e+03	 -6.6598092598788966e+01	  3.6881589856766379e+02	
  3.3600000000000000e+03	 -5.6119823579496028e+01	  3.9207169571063855e+02	
  3.3900000000000000e+03	 -4.1309604906597826e+01	  4.1455865119066084e+02	
  3.4200000000000000e+03	 -2.8002887232103138e+01	  4.3653265631926121e+02	
  3.4500000000000000e+03	 -1.0677955672898769e+01	  4.7077925288182797e+02	
  3.4800000000000000e+03	 1.0004351144857075e+01	  5.0353292393154538e+02	
  3.5100000000000000e+03	 2.7924409439516975e+01	  5.2638012051433589e+02	
  3.5400000000000000e+03	 5.4357040756238590e+01	  5.6672675035678856e+02	
  3.5700000000000000e+03	 6.6484739485815140e+01	  5.8600055092957382e+02	
  3.6000000000000000e+03	 6.8087372295194484e+01	  5.4977021075732875e+02	
  3.6300000000000000e+03	 6.9878310351321502e+01	  5.1521230090271592e+02	
  3.6600000000000000e+03	 6.9926153512145987e+01	  4.8026746635622686e+02	
  3.6900000000000000e+03	 6.8596236009736415e+01	  4.4264125895968726e+02	
  3.7200000000000000e+03	 7.3898008309586942e+01	  4.0360791900846914e+02	
  3.7500000000000000e+03	 7.6683621380922105e+01	  3.7234349413738880e+02	
  3.7800000000000000e+03	 7.9459247526601260e+01	  3.3440904610710066e+02	
  3.8100000000000000e+03	 8.2724407632571427e+01	  2.9725490480273379e+02	
  3.8400000000000000e+03	 8.8883749617960177e+01	  2.6112888456919768e+02	
  3.8700000000000000e+03	 9.4037112100374785e+01	  2.2148464043255501e+02	
  3.9000000000000000e+03	 9.7300325862885529e+01	  1.7839192765091474e+02	
  3.9300000000000000e+03	 9.9969023893439356e+01	  1.4304189940806293e+02	
  3.9600000000000000e+03	 9.6451216048406621e+01	  9.8497614916204498e+01	
  3.9900000000000000e+03	 9.7653199089391904e+01	  5.3081559349712599e+01	
  4.0200000000000000e+03	 9.8798693810959705e+01	  8.9890055392259924e+00	
  4.0500000000000000e+03	 9.7063477820305309e+01	  -9.8506493975046112e+00	
  4.0800000000000000e+03	 1.0330313908492897e+02	  -5.8619646890685637e+01	
  4.1100000000000000e+03	 1.0175172761325241e+02	  -8.8782317277099509e+01	
  4.1400000000000000e+03	 1.0460456580504199e+02	  -1.1042879955949132e+02	
  4.1700000000000000e+03	 1.0551128927086990e+02	  -1.4794987937743656e+02	
  4.2000000000000000e+03	 1.2170113668973835e+02	  -1.6664594222420320e+02	
  4.2300000000000000e+03	 1.5118143852355581e+02	  -1.8958216583422060e+02	
  4.2600000000000000e+03	 1.8581683598098491e+02	  -2.2517752206872487e+02	
  4.2900000000000000e+03	 2.2198154321645148e+02	  -2.5970214742574171e+02	
  4.3200000000000000e+03	 2.4797954880148296e+02	  -2.7869324925716569e+02	
  4.3500000000000000e+03	 2.7091094190282200e+02	  -2.9879719516354623e+02	
  4.3800000000000000e+03	 2.9494329883921688e+02	  -3.1517188095563711e+02	
  4.4100000000000000e+03	 3.1352801180481850e+02	  -3.3435378144252320e+02	
  4.4400000000000000e+03	 3.5746470999310685e+02	  -3.5928143773782369e+02	
  4.4700000000000000e+03	 3.7391212870743402e+02	  -3.7718234519459025e+02	
  4.5000000000000000e+03	 3.8242705105648605e+02	  -3.3358379279908024e+02	
  4.5300000000000000e+03	 3.9353904331508079e+02	  -3.0558372601153735e+02	
  4.5600000000000000e+03	 4.0160283768433982e+02	  -2.8202550932388408e+02	
  4.5900000000000000e+03	 4.0365117481875939e+02	  -2.6305090668659653e+02	
  4.6200000000000000e+03	 4.1938193183340059e+02	  -2.1261460587695376e+02	
  4.6500000000000000e+03	 4.2549107112390533e+02	  -1.8866641990387734e+02	
  4.6800000000000000e+03	 4.3547519461977885e+02	  -1.5166497376076327e+02	
  4.7100000000000000e+03	 4.4657531493044428e+02	  -1.1577029753166183e+02	
  4.7400000000000000e+03	 4.5176260444565094e+02	  -8.6865211541812414e+01	
  4.7700000000000000e+03	 4.5850182168574679e+02	  -6.4040934185179964e+01	
  4.8000000000000000e+03	 4.6153646566906815e+02	  -3.9460160152242480e+01	
  4.8300000000000000e+03	 4.6649872697408551e+02	  -8.4062088015667946e+00	
  4.8600000000000000e+03	 4.7220195064336411e+02	  3.3104636162685523e+01	
  4.8900000000000000e+03	 4.8097914406181178e+02	  6.1313884517049956e+01	
  4.9200000000000000e+03	 4.8703242173768666e+02	  1.0925397346460869e+02	
  4.9500000000000000e+03	 4.9068772955589509e+02	  1.4023665744714623e+02	
  4.9800000000000000e+03	 5.0152927735480426e+02	  1.7094329673291213e+02	
  5.0100000000000000e+03	 5.1616458632169406e+02	  2.1426552812288287e+02	
  5.0400000000000000e+03	 5.2877424847376665e+02	  2.5425345858478201e+02	
  5.0700000000000000e+03	 5.3573779878475284e+02	  2.8072147037291700e+02	
  5.1000000000000000e+03	 5.4437556263642784e+02	  3.0387246902732153e+02	
  5.1300000000000000e+03	 5.5050329601403325e+02	  3.3173922027522138e+02	
  5.1600000000000000e+03	 5.6153313588781270e+02	  3.5946151029995320e+02	
  5.1900000000000000e+03	 5.7161867629152061e+02	  4.0277975685638768e+02	
  5.2200000000000000e+03	 5.8097347478453594e+02	  4.2790475446019531e+02	
  5.2500000000000000e+03	 5.9474915546862746e+02	  4.7132096873194416e+02	
  5.2800000000000000e+03	 6.0034663718787328e+02	  5.0229624455504864e+02	
  5.3100000000000000e+03	 6.0728863023368103e+02	  5.3425726607737045e+02	
  5.3400000000000000e+03	 6.1907446337602642e+02	  5.7833155069545444e+02	
  5.3700000000000000e+03	 6.2290046498726940e+02	  6.0138065388776909e+02	
  5.4000000000000000e+03	 6.3030365543331357e+02	  6.3968121369920959e+02	
  5.4300000000000000e+03	 6.4093683731889689e+02	  6.7811634310593411e+02	
  5.4600000000000000e+03	 6.4600010918456292e+02	  7.0653914375398494e+02	
  5.4900000000000000e+03	 6.4259141831908460e+02	  7.2098758978416618e+02	
  5.5200000000000000e+03	 6.4300683910071700e+02	  7.2249591851609568e+02	
  5.5500000000000000e+03	 6.4478645056824234e+02	  7.2314756183119584e+02	
  5.5800000000000000e+03	 6.4670991574703032e+02	  7.2143834810134967e+02	
  5.6100000000000000e+03	 6.5750874943656299e+02	  6.9718255237036476e+02	
  5.6400000000000000e+03	 6.6417081566530840e+02	  6.8011765249569567e+02	
  5.6700000000000000e+03	 6.8816312810617558e+02	  6.3963961262966814e+02	
  5.7000000000000000e+03	 7.0908637062034234e+02	  6.0181869216436621e+02	
  5.7300000000000000e+03	 7.2793977162897897e+02	  5.6737711911455824e+02	
  5.7600000000000000e+03	 7.4053860240547499e+02	  5.3351835336416286e+02	
  5.7900000000000000e+03	 7.5684784032390041e+02	  4.9269960673484343e+02	
  5.8200000000000000e+03	 7.7418428011981655e+02	  4.6317688675028978e+02	
  5.8500000000000000e+03	 7.8250276792497823e+02	  4.4055120980707937e+02	
  5.8800000000000000e+03	 8.0135002009166453e+02	  4.0651992685194233e+02	
  5.9100000000000000e+03	 8.1300601419612485e+02	  3.7748607316070706e+02	
  5.9400000000000000e+03	 8.2424082082161340e+02	  3.5518975807421083e+02	
  5.9700000000000000e+03	 8.2897736879437423e+02	  3.3478670362327358e+02	
  6.0000000000000000e+03	 8.4597123895824666e+02	  3.0122266503404967e+02	
  6.0300000000000000e+03	 8.4784695345499370e+02	  3.0044637422025551e+02	
  6.0600000000000000e+03	 8.4610619124243385e+02	  3.0021440323881956e+02	
  6.0900000000000000e+03	 8.4704099891625992e+02	  3.0149414840984929e+02	
  6.1200000000000000e+03	 8.4805287486586349e+02	  3.0038257015264668e+02	
  6.1500000000000000e+03	 8.5000726070736789e+02	  3.0183969387761857e+02	
  6.1800000000000000e+03	 8.5148150596491735e+02	  3.0021255020041679e+02	
  6.2100000000000000e+03	 8.5113260305527388e+02	  2.9941910174947003e+02	
  6.2400000000000000e+03	 8.1976866283489949e+02	  3.0248302438443409e+02	
  6.2700000000000000e+03	 7.8008085756607477e+02	  2.9980667669845019e+02	
  6.3000000000000000e+03	 7.3505572761212704e+02	  3.0038460502391297e+02	
  6.3300000000000000e+03	 7.0983611348003285e+02	  2.9646820416837386e+02	
  6.3600000000000000e+03	 6.6833506518712386e+02	  3.0083083338090466e+02	
  6.3900000000000000e+03	 6.4548225587313038e+02	  3.0436847558449131e+02	
  6.4200000000000000e+03	 6.0157261846224037e+02	  3.0260071171529626e+02	
  6.4500000000000000e+03	 5.6147188725441367e+02	  3.0579997338314882e+02	
  6.4800000000000000e+03	 5.3966330689939753e+02	  3.1686358634054170e+02	
  6.5100000000000000e+03	 4.9849001498088626e+02	  3.4186027432999890e+02	
  6.5400000000000000e+03	 4.6190381227170525e+02	  3.6156203001495106e+02	
  6.5700000000000000e+03	 4.3059995018524484e+02	  3.7617540295788308e+02	
  6.6000000000000000e+03	 3.9076925983242967e+02	  4.0094539527964946e+02	
  6.6300000000000000e+03	 3.4802045770124408e+02	  4.1868387075835983e+02	
  6.6600000000000000e+03	 3.1042073044201538e+02	  4.3454318804533051e+02	
  6.6900000000000000e+03	 2.7347732060860449e+02	  4.5343626684752263e+02	
  6.7200000000000000e+03	 2.3032602643302545e+02	  4.7504004694452095e+02	
  6.7500000000000000e+03	 2.0886523262486742e+02	  4.8566398540024841e+02	
  6.7800000000000000e+03	 1.6934810725298536e+02	  5.0550251593928476e+02	
  6.8100000000000000e+03	 1.2721037775361901e+02	  5.2436292410226804e+02	
  6.8400000000000000e+03	 1.0065776468445966e+02	  5.4681869212737035e+02	
  6.8700000000000000e+03	 8.6089903349735820e+01	  5.5453423122419906e+02	
  6.9000000000000000e+03	 5.2804562394663705e+01	  5.7187531889071806e+02	
  6.9300000000000000e+03	 2.7926585173298449e+01	  5.8198920584569680e+02	
  6.9600000000000000e+03	 -1.5920069813087167e+01	  6.0644393008051611e+02	
  6.9900000000000000e+03	 -1.7078975012632529e+01	  6.1058645843713134e+02	
  7.0200000000000000e+03	 -1.8059297134275525e+01	  6.0942459543143968e+02	
  7.0500000000000000e+03	 2.1133229205026964e+00	  5.6936044944518812e+02	
  7.0800000000000000e+03	 1.4467168351336239e+01	  5.4783962590396334e+02	
  7.1100000000000000e+03	 3.1890082254308325e+01	  5.1070510099914395e+02	
  7.1400000000000000e+03	 4.5633361772639560e+01	  4.9403106250733566e+02	
  7.1700000000000000e+03	 6.3189405302032895e+01	  4.6221548175121319e+02	
  7.2000000000000000e+03	 8.9882367615681133e+01	  4.1693559865548605e+02	
  7.2300000000000000e+03	 1.0957025648015289e+02	  3.8188938363593144e+02	
  7.2600000000000000e+03	 1.3670338659944582e+02	  3.4180447810674701e+02	
  7.2900000000000000e+03	 1.5495963388281251e+02	  3.1759746515106599e+02	
  7.3200000000000000e+03	 1.7049273236554228e+02	  2.8884326550269066e+02	
  7.3500000000000000e+03	 1.8933272627827765e+02	  2.5516192310518505e+02	
  7.3800000000000000e+03	 2.1301522032497428e+02	  2.2007699944236015e+02	
  7.4100000000000000e+03	 2.3432779898389083e+02	  1.9471849888078012e+02	
  7.4400000000000000e+03	 2.5480105215133625e+02	  1.5991108999817268e+02	
  7.4700000000000000e+03	 2.6425853403105612e+02	  1.3834917870350836e+02	
  7.5000000000000000e+03	 2.7058535221732876e+02	  1.2301645248861355e+02	
  7.5300000000000000e+03	 2.9123173898113816e+02	  9.1259680595021621e+01	
  7.5600000000000000e+03	 3.1269845946392030e+02	  5.6561223542774179e+01	
  7.5900000000000000e+03	 3.2529765909996377e+02	  3.0285243411780659e+01	
  7.6200000000000000e+03	 3.4225929051840933e+02	  4.6420407005449356e+00	
  7.6500000000000000e+03	 3.5760081682857879e+02	  -2.3250634456879219e+01	
  7.6800000000000000e+03	 3.6578813127771332e+02	  -4.5798014446733838e+01	
  7.7100000000000000e+03	 3.7601292754509200e+02	  -6.4479571149727690e+01	
  7.7400000000000000e+03	 3.9458778430847315e+02	  -9.4092142390433182e+01	
  7.7700000000000000e+03	 4.1579678415336230e+02	  -1.3083177895706078e+02	
  7.8000000000000000e+03	 4.3677303678568438e+02	  -1.6722396264091725e+02	
  7.8300000000000000e+03	 4.6005634276283786e+02	  -2.0088884884375014e+02	
  7.8600000000000000e+03	 4.6748603164304626e+02	  -2.1664560824816058e+02	
  7.8900000000000000e+03	 4.7463877148744820e+02	  -2.3269257378537182e+02	
  7.9200000000000000e+03	 4.9069665925859067e+02	  -2.4960646249272085e+02	
  7.9500000000000000e+03	 5.0368945344884440e+02	  -2.7716030424001656e+02	
  7.9800000000000000e+03	 5.2069354102130285e+02	  -3.1933213069478109e+02	
  8.0100000000000000e+03	 5.4404936718755141e+02	  -3.4653689116110263e+02	
  8.0400000000000000e+03	 5.6479981379889591e+02	  -3.8921972163302695e+02	
  8.0700000000000000e+03	 5.8082259719208139e+02	  -4.1563221475450695e+02	
  8.1000000000000000e+03	 5.8219651153150687e+02	  -4.1389334252157431e+02	
  8.1300000000000000e+03	 5.8033078867629570e+02	  -4.1431269915822116e+02	
  8.1600000000000000e+03	 5.8191103219270258e+02	  -4.1361968150063910e+02	
  8.1900000000000000e+03	 5.8083292760484824e+02	  -3.9118290932332349e+02	
  8.2200000000000000e+03	 5.8252090071723831e+02	  -3.6264189784290249e+02	
  8.2500000000000000e+03	 5.7735034554305810e+02	  -3.3224206037870914e+02	
  8.2800000000000000e+03	 5.7974270526239536e+02	  -3.1151523639841838e+02	
  8.3100000000000000e+03	 5.7604468671128291e+02	  -2.8447598829196880e+02	
  8.3400000000000000e+03	 5.7410583066342895e+02	  -2.4869047352904283e+02	
  8.3700000000000000e+03	 5.7233922312924699e+02	  -2.1641759679996156e+02	
  8.4000000000000000e+03	 5.7478523082984327e+02	  -2.0004628590635559e+02	
  8.4300000000000000e+03	 5.6963525673754418e+02	  -1.5893988119162691e+02	
  8.4600000000000000e+03	 5.6386123636041657e+02	  -1.3262275005805367e+02	
  8.4900000000000000e+03	 5.5572683187185419e+02	  -9.5385668410729750e+01	
  8.5200000000000000e+03	 5.4735842253144290e+02	  -5.2199459029236735e+01	
  8.5500000000000000e+03	 5.4217195218947518e+02	  -1.5718698512161296e+01	
  8.5800000000000000e+03	 5.3886695430189616e+02	  2.3208560425405814e+01	
  8.6100000000000000e+03	 5.3851472481839858e+02	  6.7636333168873335e+01	
  8.6400000000000000e+03	 5.3234253236913412e+02	  8.9733539668388616e+01	
  8.6700000000000000e+03	 5.3022934584358700e+02	  1.1917723597445521e+02	
  8.7000000000000000e+03	 5.2458480101633381e+02	  1.6115526853709360e+02	
  8.7300000000000000e+03	 5.0618674235247630e+02	  1.2744657060977829e+02	
  8.7600000000000000e+03	 4.8786515929320450e+02	  9.9113071707684085e+01	
  8.7900000000000000e+03	 4.7673488958029640e+02	  7.1469268968296049e+01	
  8.8200000000000000e+03	 4.6699024144312108e+02	  3.9613296013299561e+01	
  8.8500000000000000e+03	 4.5173634734733326e+02	  6.5779396617717438e+00	
  8.8800000000000000e+03	 4.4085807122086521e+02	  -2.2211560119215449e+01	
  8.9100000000000000e+03	 4.1831680846491292e+02	  -6.1843041404911823e+01	
  8.9400000000000000e+03	 3.9685392264257649e+02	  -1.0045421558098839e+02	
  8.9700000000000000e+03	 3.8244421919223606e+02	  -1.2050246596827003e+02	
  9.0000000000000000e+03	 3.6682488086853903e+02	  -1.4568663721955076e+02	
  9.0300000000000000e+03	 3.5253077820899085e+02	  -1.7244032512608658e+02	
  9.0600000000000000e+03	 3.3674545958516438e+02	  -1.9545050829847813e+02	
  9.0900000000000000e+03	 3.2684222313752298e+02	  -2.1342826071410843e+02	
  9.1200000000000000e+03	 3.0988247652136658e+02	  -2.5380304991844335e+02	
  9.1500000000000000e+03	 2.8682296388610752e+02	  -2.9682059000991984e+02	
  9.1800000000000000e+03	 2.7340516623522188e+02	  -3.2515132061167793e+02	
  9.2100000000000000e+03	 2.5022404094217251e+02	  -3.6517662410899186e+02	
  9.2400000000000000e+03	 2.2788933192401410e+02	  -4.0930177093116259e+02	
  9.2700000000000000e+03	 2.1607686979394231e+02	  -4.3520061934588114e+02	
  9.3000000000000000e+03	 2.0816021783560177e+02	  -3.9628141089680122e+02	
  9.3300000000000000e+03	 1.9607932723636318e+02	  -3.6267286317801569e+02	
  9.3600000000000000e+03	 1.9202560440690789e+02	  -3.2955556753532863e+02	
  9.3900000000000000e+03	 1.8896174958807345e+02	  -3.0814280578247076e+02	
  9.4200000000000000e+03	 1.8693525580157669e+02	  -2.8156721447795343e+02	
  9.4500000000000000e+03	 1.7726840296601057e+02	  -2.5224468766127052e+02	
  9.4800000000000000e+03	 1.7470365148164876e+02	  -2.2836928325033855e+02	
  9.5100000000000000e+03	 1.6838539769140718e+02	  -1.9336164993627389e+02	
  9.5400000000000000e+03	 1.6646967745537984e+02	  -1.5759844029631751e+02	
  9.5700000000000000e+03	 1.6080044682495716e+02	  -1.2797707197583819e+02	
  9.6000000000000000e+03	 1.4849173546315882e+02	  -8.5933839217976541e+01	
  9.6300000000000000e+03	 1.4639333180189115e+02	  -5.8218203125781429e+01	
  9.6600000000000000e+03	 1.3889705185485710e+02	  -9.1672544974048904e+00	
  9.6900000000000000e+03	 1.2781133832796651e+02	  3.9044404371199988e+01	
  9.7200000000000000e+03	 1.2127343761348173e+02	  7.3161571259064544e+01	
  9.7500000000000000e+03	 1.1384127984594244e+02	  1.2091490657272820e+02	
  9.7800000000000000e+03	 1.0666125976332241e+02	  1.6231186037062091e+02	
  9.8100000000000000e+03	 1.0541976488984494e+02	  1.9579457560017116e+02	
  9.8400000000000000e+03	 9.6692809101286244e+01	  2.3865851760149411e+02	
  9.8700000000000000e+03	 9.5171479615739372e+01	  2.5969615544459981e+02	
  9.9000000000000000e+03	 8.3525943638749396e+01	  3.0453480363818733e+02	
  9.9300000000000000e+03	 8.0463635747959685e+01	  3.4013073608606766e+02	
  9.9600000000000000e+03	 7.5248008459273748e+01	  3.5950681905871710e+02	
  9.9900000000000000e+03	 6.9357457367591451e+01	  4.0109239042398002e+02	
  1.0020000000000000e+04	 5.9312473868537673e+01	  4.4062915772412674e+02	
  1.0050000000000000e+04	 5.0299754952089955e+01	  4.6971207481752270e+02	
  1.0080000000000000e+04	 4.4645615792099250e+01	  4.8885688049692351e+02	
  1.0110000000000000e+04	 3.7517277469810921e+01	  5.2026852102444957e+02	
  1.0140000000000000e+04	 2.2154146668582634e+01	  5.6282182830933994e+02	
  1.0170000000000000e+04	 1.8740399138663999e+01	  5.9746904695852231e+02	
  1.0200000000000000e+04	 1.9896216029290166e+01	  5.9694408312585904e+02	
  1.0230000000000000e+04	 2.0428422576178946e+01	  5.9850953911861438e+02	
  1.0260000000000000e+04	 1.9342663207046705e+01	  6.0041459745490909e+02	
  1.0290000000000000e+04	 2.1145351483198365e+01	  6.0042153604563509e+02	
  1.0320000000000000e+04	 2.2611662943028925e+01	  5.9938914763416517e+02	
  1.0350000000000000e+04	 2.1138933756968601e+01	  5.9935962148843043e+02	
  1.0380000000000000e+04	 2.3089684368330143e+01	  6.0001299721800945e+02	
  1.0410000000000000e+04	 2.6596187528789059e+01	  5.5742993117718549e+02	
  1.0440000000000000e+04	 2.9494135979979518e+01	  5.3658797278912357e+02	
  1.0470000000000000e+04	 3.6700382691284133e+01	  4.9286114656944835e+02	
  1.0500000000000000e+04	 4.1503266703196886e+01	  4.6129896125811672e+02	
  1.0530000000000000e+04	 4.6919387318095417e+01	  4.2698936126467260e+02	
  1.0560000000000000e+04	 4.9843153144622825e+01	  3.8361706909235789e+02	
  1.0590000000000000e+04	 6.1238191307312960e+01	  3.4701511878899504e+02	
  1.0620000000000000e+04	 6.4111985180759476e+01	  3.1099443359043937e+02	
  1.0650000000000000e+04	 6.6316070561684796e+01	  2.7993192578806736e+02	
  1.0680000000000000e+04	 7.4505259524942147e+01	  2.4486793786719051e+02	
  1.0710000000000000e+04	 7.9501613847859545e+01	  2.0915400493925202e+02	
  1.0740000000000000e+04	 8.2704008565388889e+01	  1.6690650371814081e+02	
  1.0770000000000000e+04	 8.9798331612904263e+01	  1.2399661299759752e+02	
  1.0800000000000000e+04	 9.7138721698421335e+01	  7.9398551925385433e+01	
  1.0830000000000000e+04	 1.0196038168017877e+02	  3.0059908207750048e+01	
  1.0860000000000000e+04	 1.1239392207837845e+02	  1.6082279524507896e+00	
  1.0890000000000000e+04	 1.2604146249373325e+02	  -4.7973338835701043e+01	
  1.0920000000000000e+04	 1.2760258595178412e+02	  -8.5412846742554763e+01	
  1.0950000000000000e+04	 1.2953793432655610e+02	  -1.2060515138134386e+02	
  1.0980000000000000e+04	 1.3616341007112467e+02	  -1.6233629124639037e+02	
  1.1010000000000000e+04	 1.4753980458096288e+02	  -1.9785628769800843e+02	
  1.1040000000000000e+04	 1.5014980575974869e+02	  -2.1935724718996923e+02	
  1.1070000000000000e+04	 1.5887569904629314e+02	  -2.5643348858584125e+02	
  1.1100000000000000e+04	 1.6404666470890723e+02	  -2.9310019961922416e+02	
  1.1130000000000000e+04	 1.6728950144165901e+02	  -3.2869276595946479e+02	
  1.1160000000000000e+04	 1.7491241655124799e+02	  -3.5683467482329240e+02	
  1.1190000000000000e+04	 1.8355346234566414e+02	  -3.9691035925292016e+02	
  1.1220000000000000e+04	 1.9799192731667506e+02	  -4.4799340925228535e+02	
  1.1250000000000000e+04	 2.0316747567541935e+02	  -4.6872926594656553e+02	
  1.1280000000000000e+04	 2.1052737888514540e+02	  -5.1345925282093174e+02	
  1.1310000000000000e+04	 2.0808015429727439e+02	  -5.1842628666116514e+02	
  1.1340000000000000e+04	 2.0801109635036235e+02	  -5.1655296954127630e+02	
  1.1370000000000000e+04	 2.0731438777669283e+02	  -5.1764578666880118e+02	
  1.1400000000000000e+04	 2.0821100881970040e+02	  -5.1933794068821715e+02	
  1.1430000000000000e+04	 2.0795990970815618e+02	  -5.1870034876735940e+02	
  1.1460000000000000e+04	 2.0863143580111301e+02	  -5.1804931630224610e+02	
  1.1490000000000000e+04	 2.0823936382564762e+02	  -5.1764127838399725e+02	
  1.1520000000000000e+04	 2.0870072432268759e+02	  -5.1860392759030390e+02	
  1.1550000000000000e+04	 1.6379983402573751e+02	  -5.1946576521232612e+02	
  1.1580000000000000e+04	 1.3859144805963265e+02	  -5.1831478258312666e+02	
  1.1610000000000000e+04	 1.0131752438970148e+02	  -5.1399772875611552e+02	
  1.1640000000000000e+04	 6.4480721256828772e+01	  -5.1287573426455981e+02	
  1.1670000000000000e+04	 4.1179942189542068e+01	  -5.1009916121259829e+02	
  1.1700000000000000e+04	 8.0690794587783898e-01	  -5.0647767865601787e+02	
  1.1730000000000000e+04	 -2.5133050465224159e+01	  -4.9732999031989709e+02	
  1.1760000000000000e+04	 -4.0494528496709876e+01	  -4.9675246379376802e+02	
  1.1790000000000000e+04	 -3.8874872954766239e+01	  -4.9660199782944812e+02	
  1.1820000000000000e+04	 -4.0126380542538975e+01	  -4.9632233897416046e+02	
  1.1850000000000000e+04	 -4.1531007282730656e+01	  -4.9526032690155006e+02	
  1.1880000000000000e+04	 -4.3206468544472401e+01	  -4.9554477691648663e+02	
  1.1910000000000000e+04	 -4.4421750800961696e+01	  -4.9579846587679879e+02	
  1.1940000000000000e+04	 -4.4208563098489329e+01	  -4.9614370603955314e+02	
  1.1970000000000000e+04	 -1.2546641114433896e+01	  -4.6354801753539158e+02	
  1.2000000000000000e+04	 1.2338782497745836e+01	  -4.2789913128165773e+02	
  1.2030000000000000e+04	 2.8362006475655072e+01	  -3.9850956821651852e+02	
  1.2060000000000000e+04	 4.0806688576645698e+01	  -3.8087957074407046e+02	
  1.2090000000000000e+04	 7.2366142367342363e+01	  -3.4399742915242302e+02	
  1.2120000000000000e+04	 9.6948923104537471e+01	  -3.1218522824698442e+02	
  1.2150000000000000e+04	 1.1671163313119096e+02	  -2.8755979854393325e+02	
  1.2180000000000000e+04	 1.3774315296078808e+02	  -2.6252911088267899e+02	
  1.2210000000000000e+04	 1.5090173744476715e+02	  -2.3742179054623054e+02	
  1.2240000000000000e+04	 1.6509936506977715e+02	  -2.1998521820615235e+02	
  1.2270000000000000e+04	 1.8018484130631492e+02	  -2.0246243244445043e+02	
  1.2300000000000000e+04	 2.0569592365750898e+02	  -1.6582767872920732e+02	
  1.2330000000000000e+04	 2.2388956936059336e+02	  -1.4142212811165197e+02	
  1.2360000000000000e+04	 2.4372643731266609e+02	  -1.1289141935830231e+02	
  1.2390000000000000e+04	 2.7129779609503453e+02	  -7.5010583262292513e+01	
  1.2420000000000000e+04	 2.9720574967348944e+02	  -3.4768163777912733e+01	
  1.2450000000000000e+04	 3.2850377851886589e+02	  4.2137246437978675e+00	
  1.2480000000000000e+04	 3.4256255134913630e+02	  2.0439065073375357e+01	
  1.2510000000000000e+04	 3.1634192974155417e+02	  2.2514065759304966e+01	
  1.2540000000000000e+04	 2.9199405302415221e+02	  3.0268659317363088e+01	
  1.2570000000000000e+04	 2.5827581223253839e+02	  3.7627405865436884e+01	
  1.2600000000000000e+04	 2.2978996310315517e+02	  4.4333433232320260e+01	
  1.2630000000000000e+04	 1.9919552827035477e+02	  5.1312280578734416e+01	
  1.2660000000000000e+04	 1.7461053471607374e+02	  6.0418961811927090e+01	
  1.2690000000000000e+04	 1.2601510831608334e+02	  6.8723475510923521e+01	
  1.2720000000000000e+04	 8.6442187857248442e+01	  7.6084999546079118e+01	
  1.2750000000000000e+04	 6.3712739250588257e+01	  8.0221155607238686e+01	
  1.2780000000000000e+04	 3.6935193267577901e+01	  7.9747941396330830e+01	
  1.2810000000000000e+04	 1.1179761442173710e+01	  8.4710278788522530e+01	
  1.2840000000000000e+04	 -1.4908701312952346e+01	  9.1863304195505208e+01	
  1.2870000000000000e+04	 -3.4229438367944510e+01	  9.3221099457510405e+01	
  1.2900000000000000e+04	 -6.3647446157946227e+01	  1.0055841179401075e+02	
  1.2930000000000000e+04	 -9.1762976166985965e+01	  1.0047343976673721e+02	
  1.2960000000000000e+04	 -1.2564803545843489e+02	  1.0090525643647496e+02	
  1.2990000000000000e+04	 -1.5459973420386666e+02	  1.0788854354224280e+02	
  1.3020000000000000e+04	 -2.0173111249817896e+02	  1.1195985749447813e+02	
  1.3050000000000000e+04	 -2.2417580288887288e+02	  1.1442791970593673e+02	
  1.3080000000000000e+04	 -2.3539973928109237e+02	  1.1997094908689667e+02	
  1.3110000000000000e+04	 -2.3580342759618276e+02	  1.2168004937312287e+02	
  1.3140000000000000e+04	 -2.3555676193713936e+02	  1.2340797827962879e+02	
  1.3170000000000000e+04	 -2.3546697344234030e+02	  1.2267379403307461e+02	
  1.3200000000000000e+04	 -2.3708577018800437e+02	  1.2381761720125857e+02	
  1.3230000000000000e+04	 -2.2049104623868263e+02	  1.0718270094275795e+02	
  1.3260000000000000e+04	 -2.1026037720741235e+02	  8.9286358326201409e+01	
  1.3290000000000000e+04	 -1.9418277847071863e+02	  6.7364319244727469e+01	
  1.3320000000000000e+04	 -1.6587346636764738e+02	  3.8221840892714283e+01	
  1.3350000000000000e+04	 -1.4456522985564936e+02	  2.9474628004712997e+00	
  1.3380000000000000e+04	 -1.3371229328974655e+02	  -1.4073805441618621e+01	
  1.3410000000000000e+04	 -1.0585997964747753e+02	  -4.9100684645641550e+01	
  1.3440000000000000e+04	 -7.4803600717431877e+01	  -9.1782625882297339e+01	
  1.3470000000000000e+04	 -5.3081778624525384e+01	  -1.1371046483229392e+02	
  1.3500000000000000e+04	 -1.8014667873112671e+01	  -1.5149924700619238e+02	
  1.3530000000000000e+04	 -7.7468009115617971e+00	  -1.6595011524403901e+02	
  1.3560000000000000e+04	 2.7824200875198514e+01	  -2.0604417146206850e+02	
  1.3590000000000000e+04	 4.3577528916257840e+01	  -2.3222873467057056e+02	
  1.3620000000000000e+04	 7.0953341641245885e+01	  -2.6703380633269967e+02	
  1.3650000000000000e+04	 9.1299113827602653e+01	  -2.9260909032211845e+02	
  1.3680000000000000e+04	 1.2085959860504821e+02	  -3.2946834483162837e+02	
  1.3710000000000000e+04	 1.4518193394858608e+02	  -3.5950173609549779e+02	
  1.3740000000000000e+04	 1.7105749508069778e+02	  -3.8613507803658865e+02	
  1.3770000000000000e+04	 1.9811017124359410e+02	  -4.1531916066145368e+02	
  1.3800000000000000e+04	 2.0241665895586712e+02	  -3.8125635071679807e+02	
  1.3830000000000000e+04	 2.0599571872361545e+02	  -3.4340820318126771e+02	
  1.3860000000000000e+04	 2.0989104818775360e+02	  -3.1845995689786088e+02	
  1.3890000000000000e+04	 2.1549820599580727e+02	  -2.8687227299272524e+02	
  1.3920000000000000e+04	 2.2207288673524468e+02	  -2.4893761851089963e+02	
  1.3950000000000000e+04	 2.2744347181019970e+02	  -2.1733790520043712e+02	
  1.3980000000000000e+04	 2.3684460782042444e+02	  -1.9176461211063190e+02	
  1.4010000000000000e+04	 2.3996104809962657e+02	  -1.7204444866878310e+02	
  1.4040000000000000e+04	 2.4723427887263779e+02	  -1.3720295267462467e+02	
  1.4070000000000000e+04	 2.5234698213166448e+02	  -1.1419399902977128e+02	
  1.4100000000000000e+04	 2.5455854351985798e+02	  -9.2574635148053801e+01	
  1.4130000000000000e+04	 2.6412419046586189e+02	  -4.8281250059657054e+01	
  1.4160000000000000e+04	 2.6978404804592168e+02	  2.1040850186536630e+00	
  1.4190000000000000e+04	 2.7355068942754446e+02	  2.7447444349301833e+01	
  1.4220000000000000e+04	 2.7485199401318533e+02	  5.6872778450232538e+01	
  1.4250000000000000e+04	 2.8551821930217545e+02	  9.2660545866762902e+01	
  1.4280000000000000e+04	 2.9437522626678151e+02	  1.3834009837353767e+02	
  1.4310000000000000e+04	 3.0387092938650244e+02	  1.7867218196320096e+02	
  1.4340000000000000e+04	 3.1163251344567129e+02	  2.2343024819433208e+02	
  1.4370000000000000e+04	 3.1534579217732147e+02	  2.2605444899830314e+02	
  1.4400000000000000e+04	 3.1380406524360365e+02	  2.2705987424600502e+02	
  1.4430000000000000e+04	 2.7693395629122392e+02	  2.0338249618768293e+02	
  1.4460000000000000e+04	 2.3451951928725705e+02	  1.8042298829428447e+02	
  1.4490000000000000e+04	 1.9653064069770571e+02	  1.5584706838180819e+02	
  1.4520000000000000e+04	 1.5827072656607842e+02	  1.3577912742399548e+02	
  1.4550000000000000e+04	 1.3440309483522492e+02	  1.2160054252419712e+02	
  1.4580000000000000e+04	 1.0378264441405446e+02	  1.0460111237764755e+02	
  1.4610000000000000e+04	 8.2505872647588703e+01	  9.2224214651034799e+01	
  1.4640000000000000e+04	 4.6701593969099825e+01	  7.5748644443689074e+01	
  1.4670000000000000e+04	 8.9792003732340291e+00	  4.7510769087121417e+01	
  1.4700000000000000e+04	 -1.4607682609572713e+01	  3.5618277056313985e+01	
  1.4730000000000000e+04	 -3.4519846175565291e+01	  2.2580176601734522e+01	
  1.4760000000000000e+04	 -6.0134128200478528e+01	  1.0089911566547123e+00	
  1.4790000000000000e+04	 -7.8772475205406749e+01	  -1.2989043494216340e+01	
  1.4820000000000000e+04	 -1.2623501661910504e+02	  -3.3929006357541596e+01	
  1.4850000000000000e+04	 -1.4805427881554596e+02	  -4.6587025001783545e+01	
  1.4880000000000000e+04	 -1.9051068784655735e+02	  -6.6752641121391235e+01	
  1.4910000000000000e+04	 -2.1160549041656739e+02	  -7.8907167934865953e+01	
  1.4940000000000000e+04	 -2.3880544026679445e+02	  -9.4524757801766839e+01	
  1.4970000000000000e+04	 -2.8243817209439078e+02	  -1.2312451861401942e+02	
  1.5000000000000000e+04	 -3.0945891684548934e+02	  -1.3977661578827721e+02	
  1.5030000000000000e+04	 -3.3793867344115358e+02	  -1.5711511436227804e+02	
  1.5060000000000000e+04	 -3.5533069414123116e+02	  -1.6401649366167635e+02	
  1.5090000000000000e+04	 -3.8434497689425643e+02	  -1.8586200695470041e+02	
  1.5120000000000000e+04	 -3.8364041887064730e+02	  -1.8697811033258361e+02	
  1.5150000000000000e+04	 -3.8429486677360080e+02	  -1.8752052675876280e+02	
  1.5180000000000000e+04	 -3.8568325569033203e+02	  -1.8903284661025765e+02	
  1.5210000000000000e+04	 -3.8728025257602172e+02	  -1.8731259614192712e+02	
  1.5240000000000000e+04	 -3.8698831072887930e+02	  -1.8614377435012383e+02	
  1.5270000000000000e+04	 -3.8695220556867764e+02	  -1.8679172983513797e+02	
  1.5300000000000000e+04	 -3.6344683074477388e+02	  -1.7490789672496018e+02	
  1.5330000000000000e+04	 -3.3068408774718256e+02	  -1.5216157310682885e+02	
  1.5360000000000000e+04	 -2.9939989740327411e+02	  -1.2782235469721380e+02	
  1.5390000000000000e+04	 -2.6311428377363808e+02	  -1.0928758767759450e+02	
  1.5420000000000000e+04	 -2.3834216170508404e+02	  -9.8307713565594327e+01	
  1.5450000000000000e+04	 -2.0002485713971603e+02	  -7.1791388046419712e+01	
  1.5480000000000000e+04	 -1.7820885725749335e+02	  -5.9118637477755364e+01	
  1.5510000000000000e+04	 -1.4631859716096966e+02	  -3.2314344738465479e+01	
  1.5540000000000000e+04	 -1.2463984269842643e+02	  -1.8685903194279256e+01	
  1.5570000000000000e+04	 -1.0177388965240948e+02	  -3.3298796404700131e+00	
  1.5600000000000000e+04	 -6.2337849192652186e+01	  2.2409455832438717e+01	
  1.5630000000000000e+04	 -2.9274379259640753e+01	  4.6257153916648384e+01	
  1.5660000000000000e+04	 -3.4309361258915274e+00	  6.5646904460406432e+01	
  1.5690000000000000e+04	 1.9166377167936609e+01	  7.5568458033504228e+01	
  1.5720000000000000e+04	 4.4339616878288524e+01	  9.7112633301888593e+01	
  1.5750000000000000e+04	 7.4684356520144007e+01	  1.1458898576499529e+02	
  1.5780000000000000e+04	 1.1203287332649536e+02	  1.3633495962911576e+02	
  1.5810000000000000e+04	 1.3772108686115078e+02	  1.5666684200322325e+02	
  1.5840000000000000e+04	 1.6011670608501589e+02	  1.6959091924466958e+02	
  1.5870000000000000e+04	 1.2048582902891849e+02	  1.7909171569506626e+02	
  1.5900000000000000e+04	 9.6646720070012890e+01	  1.9207378472219378e+02	
  1.5930000000000000e+04	 6.9966075902269012e+01	  2.0377922110182871e+02	
  1.5960000000000000e+04	 2.7733185215875174e+01	  2.1735110951983725e+02	
  1.5990000000000000e+04	 -1.5447335971017786e+01	  2.3169777396282836e+02	
  1.6020000000000000e+04	 -4.5411205510438364e+01	  2.3827052635808943e+02	
  1.6050000000000000e+04	 -8.4244235175063721e+01	  2.5128706791518798e+02	
  1.6080000000000000e+04	 -1.2497846042683210e+02	  2.5836173796880030e+02	
  1.6110000000000000e+04	 -1.7381667008097091e+02	  2.7059835554582168e+02	
  1.6140000000000000e+04	 -2.1593980359104302e+02	  2.8580748760853436e+02	
  1.6170000000000000e+04	 -2.5526229931276038e+02	  2.9838201720294154e+02	
  1.6200000000000000e+04	 -2.8014181851961320e+02	  3.0710776665607796e+02	
  1.6230000000000000e+04	 -3.0269138521948429e+02	  3.1357398869952755e+02	
  1.6260000000000000e+04	 -3.4842706938681118e+02	  3.2387839625584940e+02	
  1.6290000000000000e+04	 -3.8662991356353115e+02	  3.3238533525393245e+02	
  1.6320000000000000e+04	 -4.1857833734367097e+02	  3.4212651867716698e+02	
  1.6350000000000000e+04	 -4.4404587231243738e+02	  3.4840734636108925e+02	
  1.6380000000000000e+04	 -4.5949427052757272e+02	  3.5319214141975300e+02	
  1.6410000000000000e+04	 -4.9344041760588834e+02	  3.6975768165232199e+02	
  1.6440000000000000e+04	 -5.1753005546293514e+02	  3.7742619537105594e+02	
  1.6470000000000000e+04	 -5.3628049250202139e+02	  3.8130880799449960e+02	
  1.6500000000000000e+04	 -5.6936913383441015e+02	  3.9388345765727405e+02	
  1.6530000000000000e+04	 -6.1410398339630194e+02	  4.0640192913882458e+02	
  1.6560000000000000e+04	 -6.5169495449052567e+02	  4.1725195822534380e+02	
  1.6590000000000000e+04	 -6.9423512972657454e+02	  4.3655832504986518e+02	
  1.6620000000000000e+04	 -7.2218530134906291e+02	  4.4507562573840181e+02	
  1.6650000000000000e+04	 -7.4629015475259496e+02	  4.5159860282910029e+02	
  1.6680000000000000e+04	 -7.7469669929825534e+02	  4.6177925585980284e+02	
  1.6710000000000000e+04	 -8.1707152546114003e+02	  4.7476092535984202e+02	
  1.6740000000000000e+04	 -7.9212652960229298e+02	  4.5403502991672417e+02	
  1.6770000000000000e+04	 -7.6340068545552379e+02	  4.2976195858561022e+02	
  1.6800000000000000e+04	 -7.4305530021758659e+02	  4.1856192814063769e+02	
  1.6830000000000000e+04	 -7.1606678509890253e+02	  4.0092978055206794e+02	
  1.6860000000000000e+04	 -6.8140474518314920e+02	  3.6968908290935627e+02	
  1.6890000000000000e+04	 -6.4352965727604339e+02	  3.3460346338019440e+02	
  1.6920000000000000e+04	 -6.1343534251237440e+02	  3.0457162570330831e+02	
  1.6950000000000000e+04	 -5.8789597876658377e+02	  2.7876840902044319e+02	
  1.6980000000000000e+04	 -5.5758855609384852e+02	  2.5446137548503327e+02	
  1.7010000000000000e+04	 -5.2630632133872371e+02	  2.3003233454009791e+02	
  1.7040000000000000e+04	 -5.0081530873606300e+02	  2.0398198079990135e+02	
  1.7070000000000000e+04	 -4.7413448537495253e+02	  1.8205627951168478e+02	
  1.7100000000000000e+04	 -4.5555072133777708e+02	  1.6430082026038639e+02	
  1.7130000000000000e+04	 -4.2881439187544242e+02	  1.3967921500694723e+02	
  1.7160000000000000e+04	 -3.9356410423664147e+02	  1.1361476978049755e+02	
  1.7190000000000000e+04	 -3.6116656583567300e+02	  8.3400440619564051e+01	
  1.7220000000000000e+04	 -3.3011926014938592e+02	  5.8467551519642143e+01	
  1.7250000000000000e+04	 -2.9911776791609361e+02	  3.4852890723695708e+01	
  1.7280000000000000e+04	 -2.7257371791452937e+02	  1.0446847570773876e+01	
  1.7310000000000000e+04	 -2.5365273406937760e+02	  -3.0909413432929966e+00	
  1.7340000000000000e+04	 -2.4082484201619505e+02	  -2.0297915254852487e+01	
  1.7370000000000000e+04	 -2.2001105584457437e+02	  -4.1195870774234677e+01	
  1.7400000000000000e+04	 -1.8781300367969078e+02	  -6.9349247518813570e+01	
  1.7430000000000000e+04	 -1.5524712287805852e+02	  -9.1414541199177393e+01	
  1.7460000000000000e+04	 -1.3085687746217479e+02	  -1.0619611782780937e+02	
  1.7490000000000000e+04	 -9.9958273086607733e+01	  -1.2721505455510571e+02	
  1.7520000000000000e+04	 -6.3234960988491579e+01	  -1.5587122184193464e+02	
  1.7550000000000000e+04	 -4.4055970433100903e+01	  -1.6831496663067162e+02	
  1.7580000000000000e+04	 -1.2752811769456436e+01	  -2.0054423225111248e+02	
  1.7610000000000000e+04	 1.1413252934818392e+01	  -2.3057970954692209e+02	
  1.7640000000000000e+04	 4.0543056059326403e+01	  -2.6123519539570890e+02	
  1.7670000000000000e+04	 6.5498143051554138e+01	  -2.8712879685297293e+02	
  1.7700000000000000e+04	 9.6513984516554956e+01	  -3.1914865215600241e+02	
  1.7730000000000000e+04	 1.1310761618217450e+02	  -3.4057577348401946e+02	
  1.7760000000000000e+04	 1.3569022449757276e+02	  -3.6040316436105422e+02	
  1.7790000000000000e+04	 1.4934447079104871e+02	  -3.7217190334321833e+02	
  1.7820000000000000e+04	 1.7686603433381541e+02	  -4.0167343054508353e+02	
  1.7850000000000000e+04	 1.9242227685464832e+02	  -4.1584835831781720e+02	
  1.7880000000000000e+04	 1.7696642112132713e+02	  -3.8836827294554007e+02	
  1.7910000000000000e+04	 1.6233906721279223e+02	  -3.6516394372035347e+02	
  1.7940000000000000e+04	 1.4009045941786883e+02	  -3.2461840351237771e+02	
  1.7970000000000000e+04	 1.1749337390975961e+02	  -2.8190075492239680e+02	
  1.8000000000000000e+04	 1.0590164541571748e+02	  -2.5449948389504564e+02	
  1.8030000000000000e+04	 8.8363129270072307e+01	  -2.2410445558948970e+02	
  1.8060000000000000e+04	 6.3978348725463334e+01	  -1.8302288041488680e+02	
  1.8090000000000000e+04	 4.4636786839464136e+01	  -1.4184488169125331e+02	
  1.8120000000000000e+04	 3.3803700533780145e+01	  -1.1446127042533679e+02	
  1.8150000000000000e+04	 1.8129492271602324e+01	  -7.4603130449792872e+01	
  1.8180000000000000e+04	 2.0083246911501469e+00	  -4.5050405515332599e+01	
  1.8210000000000000e+04	 -1.4541019905383120e+01	  -7.1028574864884391e+00	
  1.8240000000000000e+04	 -3.1317904220389867e+01	  2.1953692742386316e+01	
  1.8270000000000000e+04	 -4.1253586216221393e+01	  4.6449720819129574e+01	
  1.8300000000000000e+04	 -6.1841929914226618e+01	  7.9643374602767850e+01	
  1.8330000000000000e+04	 -6.8226320804873353e+01	  9.9582074455164317e+01	
  1.8360000000000000e+04	 -8.2263993653559808e+01	  1.2062152400852966e+02	
  1.8390000000000000e+04	 -9.0770020825517321e+01	  1.4755344279062183e+02	
  1.8420000000000000e+04	 -1.0310923739016630e+02	  1.7037326568906951e+02	
  1.8450000000000000e+04	 -1.2812420135441454e+02	  2.0423306701549672e+02	
  1.8480000000000000e+04	 -1.5197623567273013e+02	  2.4915381199670068e+02	
  1.8510000000000000e+04	 -1.6287185692106263e+02	  2.7183139314957180e+02	
  1.8540000000000000e+04	 -1.8935379334639413e+02	  2.6637013707330237e+02	
  1.8570000000000000e+04	 -2.2971783942402675e+02	  2.5190689725805856e+02	
  1.8600000000000000e+04	 -2.6753858549093093e+02	  2.3549657276126297e+02	
  1.8630000000000000e+04	 -3.0672904319094698e+02	  2.2304747915325510e+02	
  1.8660000000000000e+04	 -3.3927959475271814e+02	  2.0617144239914344e+02	
  1.8690000000000000e+04	 -3.6512535645552066e+02	  1.9859713486973959e+02	
  1.8720000000000000e+04	 -4.0502876457752171e+02	  1.8245424066081176e+02	
  1.8750000000000000e+04	 -4.3527201972115222e+02	  1.7238252204826949e+02	
  1.8780000000000000e+04	 -4.8215381002663213e+02	  1.5242452849715056e+02	
  1.8810000000000000e+04	 -5.0958064542973284e+02	  1.3682479709334336e+02	
  1.8840000000000000e+04	 -5.3298920657753717e+02	  1.2300663134514372e+02	
  1.8870000000000000e+04	 -5.6608647494309150e+02	  1.0206873233563419e+02	
  1.8900000000000000e+04	 -6.1348200217646809e+02	  8.0536297218442797e+01	
  1.8930000000000000e+04	 -6.3521607117730343e+02	  6.5379095567493636e+01	
  1.8960000000000000e+04	 -6.7539059346132433e+02	  5.3271340252453982e+01	
  1.8990000000000000e+04	 -7.1099869276457969e+02	  4.7078459489554774e+01	
  1.9020000000000000e+04	 -7.0762198729013039e+02	  4.2307915338985708e+01	
  1.9050000000000000e+04	 -7.0638551282855713e+02	  4.3105146838686316e+01	
  1.9080000000000000e+04	 -7.0558143787157837e+02	  4.4950432149126605e+01	
  1.9110000000000000e+04	 -7.0485049733418157e+02	  4.6820942557959853e+01	
  1.9140000000000000e+04	 -6.6425448759248252e+02	  6.9019645447411747e+01	
  1.9170000000000000e+04	 -6.4291066043659180e+02	  7.7456095749198056e+01	
  1.9200000000000000e+04	 -6.0783183465788193e+02	  9.8713757790371943e+01	
  1.9230000000000000e+04	 -5.9003440539895723e+02	  1.0961294074903734e+02	
  1.9260000000000000e+04	 -5.6601708289494900e+02	  1.1975488885942622e+02	
  1.9290000000000000e+04	 -5.4937242766011150e+02	  1.2757775077815026e+02	
  1.9320000000000000e+04	 -5.2218759045081345e+02	  1.4593129208383624e+02	
  1.9350000000000000e+04	 -4.9697685004449374e+02	  1.6185564049116292e+02	
  1.9380000000000000e+04	 -4.7043748041431979e+02	  1.7483688813071021e+02	
  1.9410000000000000e+04	 -4.4381416322194707e+02	  1.9138192360805920e+02	
  1.9440000000000000e+04	 -4.1628277666281167e+02	  2.0918700443509096e+02	
  1.9470000000000000e+04	 -3.9453500909844820e+02	  2.2073397303992937e+02	
  1.9500000000000000e+04	 -3.5196382015946676e+02	  2.3691468256150952e+02	
  1.9530000000000000e+04	 -3.3312424584821883e+02	  2.4669522184880117e+02	
  1.9560000000000000e+04	 -3.0688978240563188e+02	  2.6160676903811367e+02	
  1.9590000000000000e+04	 -2.7577898201072838e+02	  2.7349802022843897e+02	
  1.9620000000000000e+04	 -2.4149459794999530e+02	  2.8877181714376246e+02	
  1.9650000000000000e+04	 -2.0836639651805842e+02	  3.0213811523318594e+02	
  1.9680000000000000e+04	 -1.6647396665641352e+02	  3.2549832559010014e+02	
  1.9710000000000000e+04	 -1.4251012690037743e+02	  3.3644025623271523e+02	
  1.9740000000000000e+04	 -9.8530820730803583e+01	  3.6097742632519106e+02	
  1.9770000000000000e+04	 -6.9249159979442879e+01	  3.7542479266542728e+02	
  1.9800000000000000e+04	 -3.4396602947636033e+01	  3.9247887060896863e+02	
  1.9830000000000000e+04	 -1.8970478442593532e+01	  4.0423306045716117e+02	
  1.9860000000000000e+04	 8.9398778229138074e+00	  4.2051651216413927e+02	
  1.9890000000000000e+04	 3.4851825563372721e+01	  4.2964901253333920e+02	
  1.9920000000000000e+04	 5.5856152944687040e+01	  4.4165971520852219e+02	
  1.9950000000000000e+04	 8.3506870237158836e+01	  4.5064572951421729e+02	
  1.9980000000000000e+04	 1.0559469133430925e+02	  4.5645602476820233e+02	
  2.0010000000000000e+04	 1.5178424008359519e+02	  4.8193077683282303e+02	
  2.0040000000000000e+04	 1.6917102093372816e+02	  4.8846282133069082e+02	
  2.0070000000000000e+04	 2.1264820408101446e+02	  5.1493422901415659e+02	
  2.0100000000000000e+04	 2.4609831728175283e+02	  5.2875633880986368e+02	
  2.0130000000000000e+04	 2.6580852208290105e+02	  5.3655704758052616e+02	
  2.0160000000000000e+04	 2.3309204188343270e+02	  5.3748814348870064e+02	
  2.0190000000000000e+04	 2.0734369194527886e+02	  5.2997145799732436e+02	
  2.0220000000000000e+04	 1.8416012008794871e+02	  5.3110176994346841e+02	
  2.0250000000000000e+04	 1.6147345806356063e+02	  5.3122141501347232e+02	
  2.0280000000000000e+04	 1.1452000625982159e+02	  5.2471806486981689e+02	
  2.0310000000000000e+04	 1.4274028005508791e+02	  4.9404106173688564e+02	
  2.0340000000000000e+04	 1.7406490348830650e+02	  4.5980179721391193e+02	
  2.0370000000000000e+04	 1.9050882179805018e+02	  4.3871796993470991e+02	
  2.0400000000000000e+04	 2.2433245138521693e+02	  4.0475788631087875e+02	
  2.0430000000000000e+04	 2.4384342824301913e+02	  3.8450024400264078e+02	
  2.0460000000000000e+04	 2.6169330278367158e+02	  3.6286897386684740e+02	
  2.0490000000000000e+04	 2.9156186483379241e+02	  3.2853592421993636e+02	
  2.0520000000000000e+04	 3.2311474265076521e+02	  2.9447033135251371e+02	
  2.0550000000000000e+04	 3.5722784894381664e+02	  2.6092070718944859e+02	
  2.0580000000000000e+04	 3.8649717887900363e+02	  2.2193456183850992e+02	
  2.0610000000000000e+04	 4.0706371824696259e+02	  1.9759034933312546e+02	
  2.0640000000000000e+04	 4.3885104385605223e+02	  1.5992967523434811e+02	
  2.0670000000000000e+04	 4.4899323048923139e+02	  1.3773517081368124e+02	
  2.0700000000000000e+04	 4.3090838414423354e+02	  1.2017460408600462e+02	
  2.0730000000000000e+04	 3.9978613828751651e+02	  1.0359222392116061e+02	
  2.0760000000000000e+04	 3.5831795964610438e+02	  7.6639592651948064e+01	
  2.0790000000000000e+04	 3.1547940671134893e+02	  4.9715217569363602e+01	
  2.0820000000000000e+04	 2.9571950366244909e+02	  3.4120265430452307e+01	
  2.0850000000000000e+04	 2.6169991753143319e+02	  1.9486570386757897e+01	
  2.0880000000000000e+04	 2.4245874707218888e+02	  5.2447591296066989e+00	
  2.0910000000000000e+04	 2.2202694450650688e+02	  -8.3617715777914867e+00	
  2.0940000000000000e+04	 2.0308409111677969e+02	  -1.5307967438900340e+01	
  2.0970000000000000e+04	 1.6842004963489006e+02	  -4.1604595583950406e+01	
  2.1000000000000000e+04	 1.3053148023185798e+02	  -6.4404769515320623e+01	
  2.1030000000000000e+04	 1.1436333412422235e+02	  -7.9980746654075730e+01	
  2.1060000000000000e+04	 1.0070588096853042e+02	  -8.6076439121775167e+01	
  2.1090000000000000e+04	 6.8114022100615827e+01	  -1.0578207448499073e+02	
  2.1120000000000000e+04	 2.4837697455875833e+01	  -1.3611197004811925e+02	
  2.1150000000000000e+04	 -2.6564752630027400e+00	  -1.5585944093628910e+02	
  2.1180000000000000e+04	 -2.9265149577027380e+01	  -1.7233631021926610e+02	
  2.1210000000000000e+04	 -6.7048187985117636e+01	  -1.9424869593972704e+02	
  2.1240000000000000e+04	 -8.9467000982974298e+01	  -2.1258422574122295e+02	
  2.1270000000000000e+04	 -1.0549258530344460e+02	  -2.2221777283761617e+02	
  2.1300000000000000e+04	 -1.3896082614803672e+02	  -2.4728096123443160e+02	
  2.1330000000000000e+04	 -1.6101274347693771e+02	  -2.6214803323549194e+02	
  2.1360000000000000e+04	 -1.9074696832516776e+02	  -2.8746185764646890e+02	
  2.1390000000000000e+04	 -1.6763156376702571e+02	  -2.6544117299076908e+02	
  2.1420000000000000e+04	 -1.5152090594463405e+02	  -2.5072778312897444e+02	
  2.1450000000000000e+04	 -1.1584046347165156e+02	  -2.2428494222039370e+02	
  2.1480000000000000e+04	 -9.8634736699736763e+01	  -2.0677464689742405e+02	
  2.1510000000000000e+04	 -6.3597610184476885e+01	  -1.7117247400984388e+02	
  2.1540000000000000e+04	 -3.9113980919459550e+01	  -1.4387147748756837e+02	
