  0.0000000000000000e+00	 4.3361199714194868e+02	  2.8747685216719788e+02	
  3.0000000000000000e+01	 4.3013686168220801e+02	  2.5386310700659038e+02	
  6.0000000000000000e+01	 4.3109163144457875e+02	  2.3418366122831819e+02	
  9.0000000000000000e+01	 4.3015743459285841e+02	  2.0295002009095140e+02	
  1.2000000000000000e+02	 4.2710728532576650e+02	  1.5721931890776438e+02	
  1.5000000000000000e+02	 4.1770144748391715e+02	  1.1518535348749997e+02	
  1.8000000000000000e+02	 4.1230458987859328e+02	  7.4661122807432960e+01	
  2.1000000000000000e+02	 4.1250383065585044e+02	  3.7117688002407412e+01	
  2.4000000000000000e+02	 4.0863853823031542e+02	  1.9455188082920358e+01	
  2.7000000000000000e+02	 3.8439532357130867e+02	  4.8936425375290604e+01	
  3.0000000000000000e+02	 3.7093657428936103e+02	  6.9429990604532549e+01	
  3.3000000000000000e+02	 3.4881765314150363e+02	  1.0717148159284127e+02	
  3.6000000000000000e+02	 3.3610367008661649e+02	  1.2361672521573058e+02	
  3.9000000000000000e+02	 3.0691968969862774e+02	  1.5262801589247249e+02	
  4.2000000000000000e+02	 2.7855626243155922e+02	  1.9545218297548030e+02	
  4.5000000000000000e+02	 2.5007998664411616e+02	  2.2836207352558290e+02	
  4.8000000000000000e+02	 2.1984625605570892e+02	  2.6479288238734938e+02	
  5.1000000000000000e+02	 2.0340388074091126e+02	  2.8524128059497173e+02	
  5.4000000000000000e+02	 1.6994049241265964e+02	  3.2721590454934557e+02	
  5.7000000000000000e+02	 1.4764091264572963e+02	  3.4557107575003039e+02	
  6.0000000000000000e+02	 1.2522489507468609e+02	  3.7118140633891045e+02	
  6.3000000000000000e+02	 1.0162115712229917e+02	  4.1291600133344087e+02	
  6.6000000000000000e+02	 1.0342063524006180e+02	  4.1317820627615436e+02	
  6.9000000000000000e+02	 1.0649026476101301e+02	  3.8837789261980538e+02	
  7.2000000000000000e+02	 1.0913688181201520e+02	  3.4512931777664818e+02	
  7.5000000000000000e+02	 1.1873189099613700e+02	  3.2227832969140167e+02	
  7.8000000000000000e+02	 1.1890927631486647e+02	  2.9661324176458311e+02	
  8.1000000000000000e+02	 1.2734157092594236e+02	  2.5492558910390466e+02	
  8.4000000000000000e+02	 1.3647540715150373e+02	  2.1349277247840067e+02	
  8.7000000000000000e+02	 1.3705194350510081e+02	  1.8073515644955486e+02	
  9.0000000000000000e+02	 1.3677914285776808e+02	  1.3902965137375810e+02	
  9.3000000000000000e+02	 1.3698440186484066e+02	  1.1571370944851965e+02	
  9.6000000000000000e+02	 1.4424772924239460e+02	  7.2566583485640635e+01	
  9.9000000000000000e+02	 1.4438885981290534e+02	  5.2294844003894205e+01	
  1.0200000000000000e+03	 1.4975417228387124e+02	  1.5363723604860468e+01	
  1.0500000000000000e+03	 1.5228436486270789e+02	  -2.6607033540463952e+01	
  1.0800000000000000e+03	 1.5688231918069664e+02	  -4.9177686498868226e+01	
  1.1100000000000000e+03	 1.5348051688574398e+02	  -7.9309904182893504e+01	
  1.1400000000000000e+03	 1.5624091035163383e+02	  -1.0981883542534541e+02	
  1.1700000000000000e+03	 1.5348573989382939e+02	  -1.5251815509905995e+02	
  1.2000000000000000e+03	 1.5520634314385461e+02	  -2.0174468035117206e+02	
  1.2300000000000000e+03	 1.5742401110389346e+02	  -2.2621105811117738e+02	
  1.2600000000000000e+03	 1.6361164975284754e+02	  -2.5252292215891538e+02	
  1.2900000000000000e+03	 1.6163618130111672e+02	  -2.6932515216316324e+02	
  1.3200000000000000e+03	 1.6548108300633027e+02	  -3.1114645281580039e+02	
  1.3500000000000000e+03	 1.6432403425547434e+02	  -3.3007647775477147e+02	
  1.3800000000000000e+03	 1.6431048416534250e+02	  -3.7940055456048628e+02	
  1.4100000000000000e+03	 1.6312061077785015e+02	  -4.2596273561317770e+02	
  1.4400000000000000e+03	 1.6929106423113095e+02	  -4.5498741549354003e+02	
  1.4700000000000000e+03	 1.7435758273616366e+02	  -4.8262722001659091e+02	
  1.5000000000000000e+03	 1.4281880883747141e+02	  -4.7769604321847760e+02	
  1.5300000000000000e+03	 9.5727820392390171e+01	  -4.6900034262319946e+02	
  1.5600000000000000e+03	 6.3751761074810169e+01	  -4.6247774255852227e+02	
  1.5900000000000000e+03	 2.6323925873620581e+01	  -4.5356461116983110e+02	
  1.6200000000000000e+03	 7.5840665741503130e+00	  -4.4276423162817474e+02	
  1.6500000000000000e+03	 -3.6227474660024484e+01	  -4.3232266084556267e+02	
  1.6800000000000000e+03	 -6.4242758232364778e+01	  -4.2483961022727595e+02	
  1.7100000000000000e+03	 -9.2680937050529622e+01	  -4.2002979062137581e+02	
  1.7400000000000000e+03	 -1.3937841728543523e+02	  -4.0386853614380294e+02	
  1.7700000000000000e+03	 -1.7906092868483782e+02	  -3.9072864057415376e+02	
  1.8000000000000000e+03	 -2.2243832908077999e+02	  -3.7643446643797427e+02	
  1.8300000000000000e+03	 -2.6263154699549284e+02	  -3.6367113035797314e+02	
  1.8600000000000000e+03	 -2.8766495026282382e+02	  -3.6223455945484341e+02	
  1.8900000000000000e+03	 -3.3308497116861128e+02	  -3.5457679364962735e+02	
  1.9200000000000000e+03	 -3.5322426045626906e+02	  -3.4811095547975452e+02	
  1.9500000000000000e+03	 -3.7398859539464428e+02	  -3.3716858207819968e+02	
  1.9800000000000000e+03	 -3.9048386759020002e+02	  -3.2625181061608839e+02	
  2.0100000000000000e+03	 -4.3151744041544254e+02	  -3.1203690239591936e+02	
  2.0400000000000000e+03	 -4.6964805621710542e+02	  -3.0657854231610816e+02	
  2.0700000000000000e+03	 -4.9704842688594107e+02	  -2.9231227711266223e+02	
  2.1000000000000000e+03	 -5.2268355726501102e+02	  -2.8984880716703975e+02	
  2.1300000000000000e+03	 -5.3957475908077765e+02	  -2.8653215311952124e+02	
  2.1600000000000000e+03	 -5.6582760570121798e+02	  -2.8209250484342419e+02	
  2.1900000000000000e+03	 -6.0617763463934398e+02	  -2.6384517893358111e+02	
  2.2200000000000000e+03	 -6.0620358077007450e+02	  -2.6426789633225178e+02	
  2.2500000000000000e+03	 -6.0818147361865954e+02	  -2.6538777177737313e+02	
  2.2800000000000000e+03	 -6.0764875023754223e+02	  -2.6717466763064539e+02	
  2.3100000000000000e+03	 -6.0661827365565102e+02	  -2.6615405448730638e+02	
  2.3400000000000000e+03	 -6.0658971845832230e+02	  -2.6760501442154282e+02	
  2.3700000000000000e+03	 -6.0849163125014820e+02	  -2.6919618447503188e+02	
  2.4000000000000000e+03	 -5.6433542425658391e+02	  -2.5607231488883684e+02	
  2.4300000000000000e+03	 -5.2488512820779044e+02	  -2.4243371030896006e+02	
  2.4600000000000000e+03	 -5.0391554376817578e+02	  -2.3056309411292114e+02	
  2.4900000000000000e+03	 -4.7485802330721754e+02	  -2.2154394090856405e+02	
  2.5200000000000000e+03	 -4.5110096591419841e+02	  -2.0810060260180424e+02	
  2.5500000000000000e+03	 -4.2397183711329228e+02	  -1.9798987829929118e+02	
  2.5800000000000000e+03	 -3.8624977029698277e+02	  -1.8168239614633015e+02	
  2.6100000000000000e+03	 -3.6237604023793278e+02	  -1.6998067412867562e+02	
  2.6400000000000000e+03	 -3.3608988845080273e+02	  -1.6527042734371574e+02	
  2.6700000000000000e+03	 -2.9626352833894362e+02	  -1.5190024357466064e+02	
  2.7000000000000000e+03	 -2.6297486793846383e+02	  -1.4120443296701288e+02	
  2.7300000000000000e+03	 -2.3802315195225117e+02	  -1.3245871838671258e+02	
  2.7600000000000000e+03	 -1.9853482189227265e+02	  -1.1406082687046296e+02	
  2.7900000000000000e+03	 -1.6750168151203172e+02	  -1.0075976252507789e+02	
  2.8200000000000000e+03	 -1.3489691755757562e+02	  -8.6210782974543065e+01	
  2.8500000000000000e+03	 -8.8623839405807900e+01	  -7.1927872879576910e+01	
  2.8800000000000000e+03	 -5.1057102993978035e+01	  -6.2479184516744397e+01	
  2.9100000000000000e+03	 -2.3324248279405893e+01	  -4.6541344048969158e+01	
  2.9400000000000000e+03	 5.0347139611146012e+00	  -3.2022098339938779e+01	
  2.9700000000000000e+03	 3.8534515811695996e+01	  -1.6391934313765837e+01	
  3.0000000000000000e+03	 6.7215089650823529e+01	  -8.8229791136178921e+00	
  3.0300000000000000e+03	 8.3723043801553047e+01	  -2.1935730637926296e+00	
  3.0600000000000000e+03	 1.1545369594186238e+02	  8.8110867782465725e+00	
  3.0900000000000000e+03	 1.5973427563037740e+02	  2.4742190537222445e+01	
  3.1200000000000000e+03	 1.8381721319744713e+02	  2.9479538075811050e+01	
  3.1500000000000000e+03	 2.2223207008522002e+02	  4.6621826644039871e+01	
  3.1800000000000000e+03	 2.4312734286340108e+02	  5.7463591580443484e+01	
  3.2100000000000000e+03	 2.8666568570142294e+02	  6.8756939193782472e+01	
  3.2400000000000000e+03	 3.1533885083377243e+02	  2.8178870609860716e+01	
  3.2700000000000000e+03	 3.3534181555928825e+02	  -4.8676247329627387e-02	
  3.3000000000000000e+03	 3.5437337375324256e+02	  -2.4972936342229236e+01	
  3.3300000000000000e+03	 3.7355925402990493e+02	  -6.4165406955925164e+01	
  3.3600000000000000e+03	 3.9631259936594432e+02	  -9.8925242817518424e+01	
  3.3900000000000000e+03	 4.1451220287179478e+02	  -1.3776264801089678e+02	
  3.4200000000000000e+03	 4.3275989484553196e+02	  -1.7275410934774021e+02	
  3.4500000000000000e+03	 4.5969343110869232e+02	  -2.0549124275293858e+02	
  3.4800000000000000e+03	 4.7493253219556010e+02	  -2.3707806253551249e+02	
  3.5100000000000000e+03	 5.0669068408989193e+02	  -2.7358336218851861e+02	
  3.5400000000000000e+03	 5.1896450115592506e+02	  -2.9694316417425244e+02	
  3.5700000000000000e+03	 5.4096132589757553e+02	  -3.3121489310591392e+02	
  3.6000000000000000e+03	 5.7347751491608244e+02	  -3.6275546486494721e+02	
  3.6300000000000000e+03	 5.8885798981440166e+02	  -3.8701745383852818e+02	
  3.6600000000000000e+03	 5.9000566372087883e+02	  -3.8711093781948080e+02	
  3.6900000000000000e+03	 5.8992812959584785e+02	  -3.8817341610205250e+02	
  3.7200000000000000e+03	 5.8879493767453403e+02	  -3.8964513995897511e+02	
  3.7500000000000000e+03	 5.8684040491925339e+02	  -3.8781503221129765e+02	
  3.7800000000000000e+03	 5.8779489274281661e+02	  -3.8867698045846851e+02	
  3.8100000000000000e+03	 5.6315251595426264e+02	  -3.6336143769392993e+02	
  3.8400000000000000e+03	 5.2864210372492914e+02	  -3.3654445066154187e+02	
  3.8700000000000000e+03	 5.0496869984947233e+02	  -3.0959405103170150e+02	
  3.9000000000000000e+03	 4.8600986438684930e+02	  -2.8930827678492892e+02	
  3.9300000000000000e+03	 4.6337226866414699e+02	  -2.7679493766909786e+02	
  3.9600000000000000e+03	 4.4538577161636442e+02	  -2.5422616625011136e+02	
  3.9900000000000000e+03	 4.2564288346710646e+02	  -2.3894853245873176e+02	
  4.0200000000000000e+03	 3.9645096470178828e+02	  -2.2064015024918717e+02	
  4.0500000000000000e+03	 3.6059529811612867e+02	  -1.8988800010402014e+02	
  4.0800000000000000e+03	 3.4115582687358392e+02	  -1.7153362568435912e+02	
  4.1100000000000000e+03	 3.1787970096797926e+02	  -1.5363080540850169e+02	
  4.1400000000000000e+03	 2.9738090906077610e+02	  -1.3901843709481824e+02	
  4.1700000000000000e+03	 2.7455831927282060e+02	  -1.1739475425651489e+02	
  4.2000000000000000e+03	 2.5049713239624629e+02	  -9.1779508578714911e+01	
  4.2300000000000000e+03	 2.0989280012045407e+02	  -5.8890967283524773e+01	
  4.2600000000000000e+03	 1.8553563514265068e+02	  -3.8659937464781798e+01	
  4.2900000000000000e+03	 1.6017936024089119e+02	  -1.5856264525095817e+01	
  4.3200000000000000e+03	 1.2880518546195111e+02	  7.9488334694091982e+00	
  4.3500000000000000e+03	 9.0313951347649962e+01	  3.9582898395989616e+01	
  4.3800000000000000e+03	 7.0348614208161578e+01	  6.4743506361966439e+01	
  4.4100000000000000e+03	 5.0467296828589539e+01	  8.9708530622423567e+01	
  4.4400000000000000e+03	 1.6082422004248215e+01	  1.2082537479416192e+02	
  4.4700000000000000e+03	 -1.9666304079031178e+01	  1.4953404788976383e+02	
  4.5000000000000000e+03	 -4.6993665197572028e+01	  1.7088416894463080e+02	
  4.5300000000000000e+03	 -8.1859261939274148e+01	  2.0576674570274739e+02	
  4.5600000000000000e+03	 -1.1904425154530682e+02	  2.4625209136808542e+02	
  4.5900000000000000e+03	 -1.3607761418154485e+02	  2.7037002111732068e+02	
  4.6200000000000000e+03	 -1.5302801098585940e+02	  2.8720016217469407e+02	
  4.6500000000000000e+03	 -1.7413339658563609e+02	  3.0100602089510545e+02	
  4.6800000000000000e+03	 -1.8155820353136727e+02	  3.0966819893969574e+02	
  4.7100000000000000e+03	 -1.7977741810661689e+02	  3.0914222700802509e+02	
  4.7400000000000000e+03	 -1.7822603613831572e+02	  3.0986435549037503e+02	
  4.7700000000000000e+03	 -1.7887987086565786e+02	  3.0836217251685798e+02	
  4.8000000000000000e+03	 -1.7799848378774496e+02	  3.0887267077483745e+02	
  4.8300000000000000e+03	 -1.7922017886570822e+02	  3.0828783886254371e+02	
  4.8600000000000000e+03	 -1.7971203935307059e+02	  3.0833112825695224e+02	
  4.8900000000000000e+03	 -1.8000819813605116e+02	  3.1014343296046155e+02	
  4.9200000000000000e+03	 -1.5004633277713037e+02	  3.1577302357111745e+02	
  4.9500000000000000e+03	 -1.0628032366064565e+02	  3.2139597950934018e+02	
  4.9800000000000000e+03	 -7.4557652648314331e+01	  3.2293536812843035e+02	
  5.0100000000000000e+03	 -4.4812569247068900e+01	  3.3052255156024717e+02	
  5.0400000000000000e+03	 -2.3615146414392214e+00	  3.3880552737453235e+02	
  5.0700000000000000e+03	 2.8881694324043238e+01	  3.4202186916631808e+02	
  5.1000000000000000e+03	 5.7033830974076821e+01	  3.4370653454340453e+02	
  5.1300000000000000e+03	 1.0352897493602876e+02	  3.5113942062175971e+02	
  5.1600000000000000e+03	 1.3033821562464749e+02	  3.5312713662596718e+02	
  5.1900000000000000e+03	 1.6184387384816492e+02	  3.5606148187040969e+02	
  5.2200000000000000e+03	 1.8665179449317878e+02	  3.5929274474468900e+02	
  5.2500000000000000e+03	 2.0809979403769324e+02	  3.6342388192853656e+02	
  5.2800000000000000e+03	 2.3508772524749961e+02	  3.7089186029653530e+02	
  5.3100000000000000e+03	 2.5277710193909465e+02	  3.7911818156578545e+02	
  5.3400000000000000e+03	 2.8772938824387637e+02	  3.8833593142135652e+02	
  5.3700000000000000e+03	 3.1255725189473702e+02	  3.9199217687945685e+02	
  5.4000000000000000e+03	 3.4796312269080988e+02	  4.0390656519440353e+02	
  5.4300000000000000e+03	 3.6882509343005853e+02	  4.1283440253845532e+02	
  5.4600000000000000e+03	 3.3288666860357637e+02	  4.0929068134353707e+02	
  5.4900000000000000e+03	 3.1137553308241041e+02	  4.0593602634092696e+02	
  5.5200000000000000e+03	 2.9375826600717454e+02	  4.0520502493243868e+02	
  5.5500000000000000e+03	 2.5223922761349220e+02	  3.9312395407565890e+02	
  5.5800000000000000e+03	 2.2787924689610480e+02	  3.8317558244425175e+02	
  5.6100000000000000e+03	 2.0118412278831755e+02	  3.7774852628083079e+02	
  5.6400000000000000e+03	 1.6209072204698771e+02	  3.6293147249676986e+02	
  5.6700000000000000e+03	 1.3703273218154800e+02	  3.5856019009162242e+02	
  5.7000000000000000e+03	 1.1344608197214032e+02	  3.5092584062451641e+02	
  5.7300000000000000e+03	 8.0449146510860558e+01	  3.4634134614773154e+02	
  5.7600000000000000e+03	 3.4597981885745696e+01	  3.3931733065033217e+02	
  5.7900000000000000e+03	 -8.8407353147985646e-01	  3.2528147048613641e+02	
  5.8200000000000000e+03	 -3.7689106507699762e+01	  3.1641878327428310e+02	
  5.8500000000000000e+03	 -7.5901796144366244e+01	  3.1088166275981422e+02	
  5.8800000000000000e+03	 -1.0363059661690217e+02	  3.0447251386911483e+02	
  5.9100000000000000e+03	 -1.3471246645614690e+02	  2.9935471840756423e+02	
  5.9400000000000000e+03	 -1.7304002195594649e+02	  2.8579143015652608e+02	
  5.9700000000000000e+03	 -2.0211709601777869e+02	  2.7922714386164915e+02	
  6.0000000000000000e+03	 -2.2471756208831439e+02	  2.7279573949888999e+02	
  6.0300000000000000e+03	 -2.2842896687530012e+02	  2.7222035608038016e+02	
  6.0600000000000000e+03	 -2.2848558574573443e+02	  2.7246111095638861e+02	
  6.0900000000000000e+03	 -1.9710349476176958e+02	  2.3231475420059675e+02	
  6.1200000000000000e+03	 -1.8188454072983075e+02	  2.1856460992557780e+02	
  6.1500000000000000e+03	 -1.5401615369109751e+02	  1.8035714942072104e+02	
  6.1800000000000000e+03	 -1.3652621202526416e+02	  1.5483487765680093e+02	
  6.2100000000000000e+03	 -1.0763085109416421e+02	  1.1302329233264109e+02	
  6.2400000000000000e+03	 -8.6730441036566248e+01	  8.4958749771322573e+01	
  6.2700000000000000e+03	 -6.9939343086759720e+01	  6.1696663905135452e+01	
  6.3000000000000000e+03	 -5.2275204293187514e+01	  2.8430914713925695e+01	
  6.3300000000000000e+03	 -3.6886631713616296e+01	  2.4607411303772615e+00	
  6.3600000000000000e+03	 -1.2709454843481332e+01	  -1.7703059301801797e+01	
  6.3900000000000000e+03	 -1.1806580525122413e+01	  -1.6943177019215248e+01	
  6.4200000000000000e+03	 -1.1595291485383077e+01	  -1.5060512629218241e+01	
  6.4500000000000000e+03	 -9.6917158607507385e+00	  -1.6676068950164098e+01	
  6.4800000000000000e+03	 -1.0402397581736063e+01	  -1.5594509508066951e+01	
  6.5100000000000000e+03	 -1.1234136551774260e+01	  -1.7577215210473028e+01	
  6.5400000000000000e+03	 2.3068259259079742e+01	  -4.5635130567096752e+01	
  6.5700000000000000e+03	 6.4508427814958765e+01	  -6.6815616855505581e+01	
  6.6000000000000000e+03	 1.0082673016053505e+02	  -9.2712038726891947e+01	
  6.6300000000000000e+03	 1.3494236763698865e+02	  -1.0959868719510683e+02	
  6.6600000000000000e+03	 1.6031068375684146e+02	  -1.2560209309040764e+02	
  6.6900000000000000e+03	 1.9152056990011170e+02	  -1.4500592769697144e+02	
  6.7200000000000000e+03	 2.2853510671945787e+02	  -1.7615663287881188e+02	
  6.7500000000000000e+03	 2.5012072670449805e+02	  -1.9438090480354577e+02	
  6.7800000000000000e+03	 2.9312485237443741e+02	  -2.1461419955906479e+02	
  6.8100000000000000e+03	 3.2243087285387844e+02	  -2.3636442705632697e+02	
  6.8400000000000000e+03	 3.4728479468531691e+02	  -2.5055061408507993e+02	
  6.8700000000000000e+03	 3.8658306824795000e+02	  -2.8031141021212534e+02	
  6.9000000000000000e+03	 4.1718361875042569e+02	  -3.0127128761925343e+02	
  6.9300000000000000e+03	 4.4925379034116759e+02	  -3.1813948269738609e+02	
  6.9600000000000000e+03	 4.4769292475862750e+02	  -3.1724600678827278e+02	
  6.9900000000000000e+03	 4.4818487293826388e+02	  -3.1867310472061530e+02	
  7.0200000000000000e+03	 4.4816447474804454e+02	  -3.2020716401173786e+02	
  7.0500000000000000e+03	 4.4883243447128285e+02	  -3.2104398873926084e+02	
  7.0800000000000000e+03	 4.4747709679738603e+02	  -3.2043298341668458e+02	
  7.1100000000000000e+03	 4.4870419490775646e+02	  -3.1889589451144917e+02	
  7.1400000000000000e+03	 4.4916313778714158e+02	  -3.1913038179821694e+02	
  7.1700000000000000e+03	 4.4802477908263648e+02	  -3.1933175825841016e+02	
  7.2000000000000000e+03	 4.2970840643351670e+02	  -3.0403443042342769e+02	
  7.2300000000000000e+03	 4.1406383305158994e+02	  -2.9119967253148474e+02	
  7.2600000000000000e+03	 3.8981643818077060e+02	  -2.6876223449585234e+02	
  7.2900000000000000e+03	 3.6815769211239666e+02	  -2.6016407416625697e+02	
  7.3200000000000000e+03	 3.3434609542692846e+02	  -2.3731279336198173e+02	
  7.3500000000000000e+03	 2.9140251287921706e+02	  -2.0702369585272837e+02	
  7.3800000000000000e+03	 2.5478628291281851e+02	  -1.8302205350481253e+02	
  7.4100000000000000e+03	 2.3807452905624416e+02	  -1.6759669947606267e+02	
  7.4400000000000000e+03	 2.2159634849710653e+02	  -1.5488855422487342e+02	
  7.4700000000000000e+03	 1.9341625579743288e+02	  -1.3900378790280411e+02	
  7.5000000000000000e+03	 1.5208940044141460e+02	  -1.1461113250369266e+02	
  7.5300000000000000e+03	 1.1547950820963855e+02	  -8.8916765438932515e+01	
  7.5600000000000000e+03	 8.2001087842600583e+01	  -7.0543273844684919e+01	
  7.5900000000000000e+03	 5.7369256426915818e+01	  -5.8557501320396419e+01	
  7.6200000000000000e+03	 1.8475399772471782e+01	  -3.0037639920382933e+01	
  7.6500000000000000e+03	 -5.3534231142663096e+00	  -1.2179626363212478e+01	
  7.6800000000000000e+03	 -3.9831164198829342e+01	  6.8304007827237427e+00	
  7.7100000000000000e+03	 -7.4285037437293710e+01	  2.6561055557082721e+01	
  7.7400000000000000e+03	 -1.0711366648615920e+02	  4.5582089440564403e+01	
  7.7700000000000000e+03	 -1.3814789648993639e+02	  6.5315572402575967e+01	
  7.8000000000000000e+03	 -1.6648960294402823e+02	  7.6836924657759710e+01	
  7.8300000000000000e+03	 -1.8369646361424793e+02	  8.8025247481352864e+01	
  7.8600000000000000e+03	 -2.1476916427268196e+02	  1.1384212729550464e+02	
  7.8900000000000000e+03	 -2.4892951669408302e+02	  1.3784666303185210e+02	
  7.9200000000000000e+03	 -2.6777177377559718e+02	  1.5434443562344853e+02	
  7.9500000000000000e+03	 -3.0958934183984832e+02	  1.8148570688076870e+02	
  7.9800000000000000e+03	 -3.3773287822807879e+02	  1.9615668549106664e+02	
  8.0100000000000000e+03	 -3.7417197528670766e+02	  2.2378545183298897e+02	
  8.0400000000000000e+03	 -4.0822781541941902e+02	  2.4264868169731676e+02	
  8.0700000000000000e+03	 -4.5078128705621293e+02	  2.6651383526025808e+02	
  8.1000000000000000e+03	 -4.8130114136053493e+02	  2.8858075360809210e+02	
  8.1300000000000000e+03	 -5.1444990927049309e+02	  3.1516303949347315e+02	
  8.1600000000000000e+03	 -5.4402805914621320e+02	  3.3497301550704827e+02	
  8.1900000000000000e+03	 -5.6907736358294744e+02	  3.5158913355490478e+02	
  8.2200000000000000e+03	 -5.9733701910462707e+02	  3.7712947023974078e+02	
  8.2500000000000000e+03	 -6.2178535588328555e+02	  3.9835732832141366e+02	
  8.2800000000000000e+03	 -6.6038151640531157e+02	  4.2136299896525952e+02	
  8.3100000000000000e+03	 -6.8011362990935640e+02	  4.3692184117636361e+02	
  8.3400000000000000e+03	 -7.0925957041118295e+02	  4.4904361516421466e+02	
  8.3700000000000000e+03	 -7.2334492923642074e+02	  4.5639147221024700e+02	
  8.4000000000000000e+03	 -7.2288979070452808e+02	  4.5688392378931877e+02	
  8.4300000000000000e+03	 -7.2360459058639128e+02	  4.5596185840484958e+02	
  8.4600000000000000e+03	 -7.2523913505569556e+02	  4.5729571839657308e+02	
  8.4900000000000000e+03	 -7.2666509550488968e+02	  4.5775278827504695e+02	
  8.5200000000000000e+03	 -7.2573857997006394e+02	  4.5614731818137540e+02	
  8.5500000000000000e+03	 -7.2383325129942284e+02	  4.5608191960876195e+02	
  8.5800000000000000e+03	 -7.2541759503378341e+02	  4.5475086451665294e+02	
  8.6100000000000000e+03	 -7.2532050176336736e+02	  4.5403212628474699e+02	
  8.6400000000000000e+03	 -6.8984583887334827e+02	  4.3866241643005594e+02	
  8.6700000000000000e+03	 -6.7007956580251721e+02	  4.2963599975091023e+02	
  8.7000000000000000e+03	 -6.3749173828983976e+02	  4.0844303212413297e+02	
  8.7300000000000000e+03	 -6.1770631234943698e+02	  4.0071651826216589e+02	
  8.7600000000000000e+03	 -5.7400971845425295e+02	  3.7946445860109242e+02	
  8.7900000000000000e+03	 -5.4869728933983902e+02	  3.6034628289459749e+02	
  8.8200000000000000e+03	 -5.2494820596214299e+02	  3.5358475954664436e+02	
  8.8500000000000000e+03	 -4.8787782397086562e+02	  3.3425679679052541e+02	
  8.8800000000000000e+03	 -4.4507505631932611e+02	  3.1024084388124567e+02	
  8.9100000000000000e+03	 -4.0974443079733743e+02	  2.9160230799213969e+02	
  8.9400000000000000e+03	 -3.8952171263089099e+02	  2.7607021258266951e+02	
  8.9700000000000000e+03	 -3.5937827118230427e+02	  2.6149331824436376e+02	
  9.0000000000000000e+03	 -3.4367099166535661e+02	  2.5451075940591588e+02	
  9.0300000000000000e+03	 -3.0992489166860076e+02	  2.3149308860378892e+02	
  9.0600000000000000e+03	 -2.8154764708103312e+02	  2.2035601326570659e+02	
  9.0900000000000000e+03	 -2.5795904689682061e+02	  2.0562091035424726e+02	
  9.1200000000000000e+03	 -2.3817665457952330e+02	  1.9256807477335144e+02	
  9.1500000000000000e+03	 -2.0504734260204162e+02	  1.8310816755543073e+02	
  9.1800000000000000e+03	 -1.7415840701888612e+02	  1.6657043070341754e+02	
  9.2100000000000000e+03	 -1.4027294267238545e+02	  1.4522937974579904e+02	
  9.2400000000000000e+03	 -1.0810095403622658e+02	  1.3600592621636497e+02	
  9.2700000000000000e+03	 -6.8596451079094521e+01	  1.1876850587678098e+02	
  9.3000000000000000e+03	 -5.0817281452468734e+01	  1.1015871417270910e+02	
  9.3300000000000000e+03	 -2.3764965402252852e+01	  9.5580252927094307e+01	
  9.3600000000000000e+03	 5.7038499094971158e+00	  8.2140427436266577e+01	
  9.3900000000000000e+03	 3.2379710081959601e+01	  6.8387484979050697e+01	
  9.4200000000000000e+03	 4.5251307482806027e+01	  2.9313300549063833e+01	
  9.4500000000000000e+03	 5.7248306840067656e+01	  -1.3477643727160483e+01	
  9.4800000000000000e+03	 6.5279510336799007e+01	  -3.6638470395273963e+01	
  9.5100000000000000e+03	 7.1992632066800979e+01	  -5.3165542243621012e+01	
  9.5400000000000000e+03	 8.0062200536819759e+01	  -1.0018667824311711e+02	
  9.5700000000000000e+03	 8.2011198900377153e+01	  -1.2873431267695662e+02	
  9.6000000000000000e+03	 9.7180792821763220e+01	  -1.7562296015377154e+02	
  9.6300000000000000e+03	 1.0565807477165153e+02	  -2.1815857344791726e+02	
  9.6600000000000000e+03	 1.1346347357203767e+02	  -2.5633968574094837e+02	
  9.6900000000000000e+03	 1.2488139332057652e+02	  -3.0046876683208768e+02	
  9.7200000000000000e+03	 1.3483411305014818e+02	  -3.2805425948991024e+02	
  9.7500000000000000e+03	 1.2289443004577593e+02	  -3.0745087355439881e+02	
  9.7800000000000000e+03	 1.0641598960519053e+02	  -2.7544494361470339e+02	
  9.8100000000000000e+03	 9.4340437953030133e+01	  -2.5328428182099145e+02	
  9.8400000000000000e+03	 6.9159268083075631e+01	  -2.1247572031790503e+02	
  9.8700000000000000e+03	 4.2046233901636583e+01	  -1.7048712956909742e+02	
  9.9000000000000000e+03	 2.5074349953619318e+01	  -1.4958223925698536e+02	
  9.9300000000000000e+03	 -1.2517492691523131e+00	  -1.0723094598507444e+02	
  9.9600000000000000e+03	 -1.2090411957678901e+01	  -8.5281654667835141e+01	
  9.9900000000000000e+03	 -2.7677354454125808e+01	  -5.5831996549757299e+01	
  1.0020000000000000e+04	 -4.6178992619096988e+01	  -2.3831443744044769e+01	
  1.0050000000000000e+04	 -6.0528212550060680e+01	  -2.5809482091574658e+00	
  1.0080000000000000e+04	 -8.2479702990517239e+01	  3.5843253470993957e+01	
  1.0110000000000000e+04	 -9.1847880256041236e+01	  5.9907391121790923e+01	
  1.0140000000000000e+04	 -1.1914943659312743e+02	  9.8517743996519911e+01	
  1.0170000000000000e+04	 -1.3813250770198309e+02	  1.3181356632346618e+02	
  1.0200000000000000e+04	 -1.2410453017161916e+02	  9.6991123942353411e+01	
  1.0230000000000000e+04	 -1.0134927762735816e+02	  6.8192211564343467e+01	
  1.0260000000000000e+04	 -8.0638656908083732e+01	  4.1067277645866838e+01	
  1.0290000000000000e+04	 -6.6280312605645122e+01	  8.2961316342031708e+00	
  1.0320000000000000e+04	 -5.1350996092066040e+01	  -1.5219376399060899e+01	
  1.0350000000000000e+04	 -3.7199984086980187e+01	  -3.2367390699892212e+01	
  1.0380000000000000e+04	 -1.7714599060654891e+01	  -6.4693439402872514e+01	
  1.0410000000000000e+04	 -4.0516637433498630e+00	  -8.1039921118062566e+01	
  1.0440000000000000e+04	 1.0309177465595649e+01	  -9.9981933698625681e+01	
  1.0470000000000000e+04	 1.9327169824723409e+01	  -1.1970591747034196e+02	
  1.0500000000000000e+04	 4.1059044912848663e+01	  -1.5824166171803134e+02	
  1.0530000000000000e+04	 5.6918900508030490e+01	  -1.8850936330175824e+02	
  1.0560000000000000e+04	 6.6237842851542950e+01	  -2.0833224010816926e+02	
  1.0590000000000000e+04	 8.9086258777020987e+01	  -2.5339708703716838e+02	
  1.0620000000000000e+04	 1.1010562590882847e+02	  -2.8646130690650500e+02	
  1.0650000000000000e+04	 1.2479797421356301e+02	  -3.2624430686968424e+02	
  1.0680000000000000e+04	 1.3592042173909286e+02	  -3.4321980844125960e+02	
  1.0710000000000000e+04	 1.4977571690128042e+02	  -3.6013779511904409e+02	
  1.0740000000000000e+04	 1.6821213508680628e+02	  -3.9044612175967671e+02	
  1.0770000000000000e+04	 1.9253838072823169e+02	  -4.2790118620480229e+02	
  1.0800000000000000e+04	 2.1283861184512313e+02	  -4.6479576928165108e+02	
  1.0830000000000000e+04	 1.6670459285225522e+02	  -4.5611119798121382e+02	
  1.0860000000000000e+04	 1.4587168840502665e+02	  -4.4619869103959564e+02	
  1.0890000000000000e+04	 1.1237115649105368e+02	  -4.3561378742981634e+02	
  1.0920000000000000e+04	 8.8544483882598826e+01	  -4.2826134562660974e+02	
  1.0950000000000000e+04	 5.7287700722513314e+01	  -4.2179460211400328e+02	
  1.0980000000000000e+04	 1.5142405014683270e+01	  -4.1059246352305354e+02	
  1.1010000000000000e+04	 -4.5347011191549562e+00	  -4.0516881195163671e+02	
  1.1040000000000000e+04	 -4.9042165192401498e+01	  -3.9645779166782921e+02	
  1.1070000000000000e+04	 -8.7542660463986309e+01	  -3.8410241922149248e+02	
  1.1100000000000000e+04	 -1.2818498037562648e+02	  -3.7674509994110889e+02	
  1.1130000000000000e+04	 -1.4745774808852005e+02	  -3.7099490117279339e+02	
  1.1160000000000000e+04	 -1.8872687184073794e+02	  -3.6316492647482346e+02	
  1.1190000000000000e+04	 -2.2882683354657442e+02	  -3.5126736657943752e+02	
  1.1220000000000000e+04	 -2.7622800953446193e+02	  -3.4263294407332290e+02	
  1.1250000000000000e+04	 -3.0329337407613326e+02	  -3.3416717121947198e+02	
  1.1280000000000000e+04	 -3.3633723291947513e+02	  -3.2263252189485138e+02	
  1.1310000000000000e+04	 -3.6101487267789213e+02	  -3.1161196583718998e+02	
  1.1340000000000000e+04	 -3.8027024609460693e+02	  -3.0925897909730730e+02	
  1.1370000000000000e+04	 -4.2573933020076748e+02	  -2.9741052408084215e+02	
  1.1400000000000000e+04	 -4.7008918470644232e+02	  -2.8755219278168340e+02	
  1.1430000000000000e+04	 -4.9179470583569719e+02	  -2.8007561824164077e+02	
  1.1460000000000000e+04	 -4.8698249011909002e+02	  -3.1375213451651899e+02	
  1.1490000000000000e+04	 -4.7237944030482527e+02	  -3.5674371270263100e+02	
  1.1520000000000000e+04	 -4.5667682182080830e+02	  -3.9942086662108443e+02	
  1.1550000000000000e+04	 -4.4873169870157801e+02	  -4.3810656198716720e+02	
  1.1580000000000000e+04	 -4.4203046628584076e+02	  -4.6930864689762967e+02	
  1.1610000000000000e+04	 -4.2694681060253077e+02	  -5.0880354299611156e+02	
  1.1640000000000000e+04	 -4.1941098479319737e+02	  -5.4227964078948128e+02	
  1.1670000000000000e+04	 -4.1766942755482017e+02	  -5.5280761071281802e+02	
  1.1700000000000000e+04	 -4.1729273884977363e+02	  -5.5208909040752201e+02	
  1.1730000000000000e+04	 -4.1783855460417061e+02	  -5.5385885599186179e+02	
  1.1760000000000000e+04	 -4.1894286655171265e+02	  -5.5541090187749785e+02	
  1.1790000000000000e+04	 -4.1837648656565113e+02	  -5.5402294247401960e+02	
  1.1820000000000000e+04	 -4.1711727274326512e+02	  -5.5569557444757527e+02	
  1.1850000000000000e+04	 -4.1815489723570528e+02	  -5.5710283436944337e+02	
  1.1880000000000000e+04	 -4.1913405534318133e+02	  -5.5859253765504616e+02	
  1.1910000000000000e+04	 -4.1882946249766809e+02	  -5.5780793884285504e+02	
  1.1940000000000000e+04	 -4.1684934186355258e+02	  -5.3825533798085326e+02	
  1.1970000000000000e+04	 -4.0935692413275808e+02	  -5.0575865359645212e+02	
  1.2000000000000000e+04	 -4.0160418536198500e+02	  -4.8388676270048222e+02	
  1.2030000000000000e+04	 -3.9664012794565770e+02	  -4.5358925029388053e+02	
  1.2060000000000000e+04	 -3.8793520629256369e+02	  -4.3288938005685753e+02	
  1.2090000000000000e+04	 -3.8005783768112781e+02	  -4.0531043718706803e+02	
  1.2120000000000000e+04	 -3.7659849977998078e+02	  -3.7467106086753807e+02	
  1.2150000000000000e+04	 -3.6914210228112910e+02	  -3.3615857305711609e+02	
  1.2180000000000000e+04	 -3.5741710606251206e+02	  -3.0520292414298410e+02	
  1.2210000000000000e+04	 -3.5017724006753508e+02	  -2.6878926972952831e+02	
  1.2240000000000000e+04	 -3.4506972821076994e+02	  -2.4563626642533882e+02	
  1.2270000000000000e+04	 -3.3904087064340189e+02	  -2.1248755825864089e+02	
  1.2300000000000000e+04	 -3.3380844998044824e+02	  -1.7743933828203129e+02	
  1.2330000000000000e+04	 -3.2856159455500983e+02	  -1.5204568536044405e+02	
  1.2360000000000000e+04	 -3.1425573100682175e+02	  -1.2011865645680055e+02	
  1.2390000000000000e+04	 -3.0296714009685189e+02	  -9.8773163319765075e+01	
  1.2420000000000000e+04	 -2.9650012432845762e+02	  -6.9586697162343057e+01	
  1.2450000000000000e+04	 -2.8331250543213844e+02	  -3.4047022857915962e+01	
  1.2480000000000000e+04	 -2.6848452063538838e+02	  2.1942114290605801e+00	
  1.2510000000000000e+04	 -2.6572822787375355e+02	  1.9062710776230041e+01	
  1.2540000000000000e+04	 -2.5361397260171140e+02	  5.7176544828126694e+01	
  1.2570000000000000e+04	 -2.3208741780240985e+02	  4.7548296115260584e+01	
  1.2600000000000000e+04	 -1.8840763155730619e+02	  3.8061090104741680e+01	
  1.2630000000000000e+04	 -1.6901244282084497e+02	  3.0689214123734725e+01	
  1.2660000000000000e+04	 -1.1672793712045983e+02	  2.4373493327846241e+01	
  1.2690000000000000e+04	 -7.2836684678032839e+01	  1.4363856789467883e+01	
  1.2720000000000000e+04	 -4.1392499287661259e+01	  7.9402049568594855e+00	
  1.2750000000000000e+04	 -2.1711579888016793e+01	  -4.1554465372295368e-01	
  1.2780000000000000e+04	 2.6924013016869530e+00	  -4.2754876027156827e+00	
  1.2810000000000000e+04	 4.6394500271513948e+01	  -9.3835899587007958e+00	
  1.2840000000000000e+04	 7.9080413010450172e+01	  -1.5280437975419868e+01	
  1.2870000000000000e+04	 1.2288485884491629e+02	  -2.6346194941612517e+01	
  1.2900000000000000e+04	 1.5181020268202883e+02	  -3.6281786579152246e+01	
  1.2930000000000000e+04	 1.6957750921575496e+02	  -4.4185990321059059e+01	
  1.2960000000000000e+04	 2.0197987853965799e+02	  -5.5172890804087672e+01	
  1.2990000000000000e+04	 2.3533937223757098e+02	  -6.3192217117258650e+01	
  1.3020000000000000e+04	 2.7248406171003751e+02	  -6.8368875332526272e+01	
  1.3050000000000000e+04	 3.0392530761474774e+02	  -8.2204759071552644e+01	
  1.3080000000000000e+04	 3.4870118607425297e+02	  -9.0450012290253824e+01	
  1.3110000000000000e+04	 3.7593124326313244e+02	  -9.6867741897311220e+01	
  1.3140000000000000e+04	 3.7759472035403860e+02	  -9.5166869732724862e+01	
  1.3170000000000000e+04	 3.7600427755905253e+02	  -9.7130133185599064e+01	
  1.3200000000000000e+04	 3.7657103451520322e+02	  -9.7502595777559961e+01	
  1.3230000000000000e+04	 3.4464126023402201e+02	  -9.9246205921993990e+01	
  1.3260000000000000e+04	 2.9830030993907474e+02	  -1.0038945088706852e+02	
  1.3290000000000000e+04	 2.5784016619145109e+02	  -9.8438335522103685e+01	
  1.3320000000000000e+04	 2.1740648428492398e+02	  -9.3365979556881101e+01	
  1.3350000000000000e+04	 1.8897747370813465e+02	  -9.5758440370977794e+01	
  1.3380000000000000e+04	 1.4101494874316060e+02	  -9.8139533480445110e+01	
  1.3410000000000000e+04	 9.4891055543838036e+01	  -1.0222399890848408e+02	
  1.3440000000000000e+04	 5.9898784726486937e+01	  -1.0195166973679102e+02	
  1.3470000000000000e+04	 2.6917692994025302e+01	  -1.0067533832656457e+02	
  1.3500000000000000e+04	 5.1932446577769973e+00	  -9.5667374063687816e+01	
  1.3530000000000000e+04	 -2.4010744623564833e+01	  -9.0681733574062207e+01	
  1.3560000000000000e+04	 -5.4601986498282557e+01	  -8.5832656584704068e+01	
  1.3590000000000000e+04	 -8.3477606600035713e+01	  -8.9963789007411947e+01	
  1.3620000000000000e+04	 -1.2623816779609260e+02	  -9.0193660939324587e+01	
  1.3650000000000000e+04	 -1.7068909270958119e+02	  -8.8396954228632964e+01	
  1.3680000000000000e+04	 -1.9755895099182945e+02	  -8.6006789405415063e+01	
  1.3710000000000000e+04	 -2.3918668739976886e+02	  -9.0907193690548823e+01	
  1.3740000000000000e+04	 -2.6344524614708996e+02	  -8.8574340542765768e+01	
  1.3770000000000000e+04	 -2.9626266081543116e+02	  -9.0946585948452110e+01	
  1.3800000000000000e+04	 -3.3374643027984462e+02	  -9.2021771862110086e+01	
  1.3830000000000000e+04	 -3.6504693639404923e+02	  -9.5885576863775142e+01	
  1.3860000000000000e+04	 -4.0836106964119017e+02	  -9.0865917600845123e+01	
  1.3890000000000000e+04	 -4.5136866350848118e+02	  -9.0704314652235453e+01	
  1.3920000000000000e+04	 -4.8276849714127962e+02	  -8.4983971175271577e+01	
  1.3950000000000000e+04	 -5.3104636309250873e+02	  -7.7485991293872843e+01	
  1.3980000000000000e+04	 -5.6316639564239324e+02	  -7.2233250914183131e+01	
  1.4010000000000000e+04	 -6.0143867203741092e+02	  -6.8218087507443599e+01	
  1.4040000000000000e+04	 -6.2511249430816542e+02	  -7.0814464857119347e+01	
  1.4070000000000000e+04	 -6.7842639967319940e+02	  -6.5074963615941897e+01	
  1.4100000000000000e+04	 -6.9440809669675741e+02	  -5.7937574536502218e+01	
  1.4130000000000000e+04	 -7.3284819917968400e+02	  -5.3013030551290242e+01	
  1.4160000000000000e+04	 -7.6885213941530412e+02	  -4.8401230257680588e+01	
  1.4190000000000000e+04	 -7.9312226458836676e+02	  -4.3677231477075750e+01	
  1.4220000000000000e+04	 -8.2017481437720164e+02	  -4.7825028682161445e+01	
  1.4250000000000000e+04	 -8.4016901590554664e+02	  -5.0071614635862780e+01	
  1.4280000000000000e+04	 -8.6515374511659206e+02	  -4.0916700519571940e+01	
  1.4310000000000000e+04	 -8.9392149323639467e+02	  -4.1021607429801634e+01	
  1.4340000000000000e+04	 -8.9553564030680855e+02	  -3.9644041164341161e+01	
  1.4370000000000000e+04	 -8.9378949669450333e+02	  -4.0602080146950648e+01	
  1.4400000000000000e+04	 -8.9198849613639948e+02	  -4.2279849780595988e+01	
  1.4430000000000000e+04	 -8.9046666952942417e+02	  -4.3764797027415234e+01	
  1.4460000000000000e+04	 -8.9010697141979767e+02	  -4.5474485703025529e+01	
  1.4490000000000000e+04	 -8.9160925756147390e+02	  -4.4453725305790677e+01	
  1.4520000000000000e+04	 -8.4283850187775840e+02	  -4.7656541327804199e+01	
  1.4550000000000000e+04	 -8.0781731956993553e+02	  -4.9148847665211804e+01	
  1.4580000000000000e+04	 -7.8904311067422987e+02	  -5.6762787250546708e+01	
  1.4610000000000000e+04	 -7.6645359450939702e+02	  -5.4076570381085844e+01	
  1.4640000000000000e+04	 -7.3358613129164769e+02	  -6.2991163879215904e+01	
  1.4670000000000000e+04	 -6.8552404125146120e+02	  -6.4391618002857413e+01	
  1.4700000000000000e+04	 -6.6365024365992531e+02	  -6.7266143410480751e+01	
  1.4730000000000000e+04	 -6.2287555846393388e+02	  -7.3899272602005780e+01	
  1.4760000000000000e+04	 -6.4910399392924273e+02	  -8.6739133794453551e+01	
  1.4790000000000000e+04	 -6.4745446809510781e+02	  -8.5549092809530237e+01	
  1.4820000000000000e+04	 -6.2957895950306033e+02	  -6.1485758871313145e+01	
  1.4850000000000000e+04	 -6.0677006527789763e+02	  -3.3901255176229228e+01	
  1.4880000000000000e+04	 -5.8886115782974775e+02	  -7.1441891540917268e+00	
  1.4910000000000000e+04	 -5.7507610884890801e+02	  1.2808593574668055e+01	
  1.4940000000000000e+04	 -5.5487653708549249e+02	  3.0306663494708829e+01	
  1.4970000000000000e+04	 -5.3368107903526470e+02	  5.7039631684792269e+01	
  1.5000000000000000e+04	 -5.1333650523120934e+02	  8.3544968242572097e+01	
  1.5030000000000000e+04	 -4.8656068625692842e+02	  1.0904346284979343e+02	
  1.5060000000000000e+04	 -4.6997967988550710e+02	  1.2611202146841731e+02	
  1.5090000000000000e+04	 -4.5368425515695378e+02	  1.4483713588762322e+02	
  1.5120000000000000e+04	 -4.3505782591744673e+02	  1.6908541240395073e+02	
  1.5150000000000000e+04	 -4.1723118828399106e+02	  1.8770258683791906e+02	
  1.5180000000000000e+04	 -3.9327644262049637e+02	  2.1685429550397197e+02	
  1.5210000000000000e+04	 -3.7893207284409829e+02	  2.3827144811985750e+02	
  1.5240000000000000e+04	 -3.5514001771009958e+02	  2.7440005118570781e+02	
  1.5270000000000000e+04	 -3.3946788637608324e+02	  2.9870700044125101e+02	
  1.5300000000000000e+04	 -3.2780809685200478e+02	  3.1040002076997405e+02	
  1.5330000000000000e+04	 -2.9692377981893588e+02	  3.4731457675896911e+02	
  1.5360000000000000e+04	 -2.7414160992363225e+02	  3.7522015347265943e+02	
  1.5390000000000000e+04	 -2.4200740060616673e+02	  4.0934584938172168e+02	
  1.5420000000000000e+04	 -2.1873147544196183e+02	  4.3360832004425112e+02	
  1.5450000000000000e+04	 -1.9725645373238186e+02	  4.6612509062087094e+02	
  1.5480000000000000e+04	 -1.8310952858225409e+02	  4.8704026973415148e+02	
  1.5510000000000000e+04	 -1.6053199094779720e+02	  5.2043953940921540e+02	
  1.5540000000000000e+04	 -1.3625194776137269e+02	  5.5110318782765262e+02	
  1.5570000000000000e+04	 -1.1734308290014849e+02	  5.7536524975412453e+02	
  1.5600000000000000e+04	 -1.4987107249076712e+02	  6.0359793790468132e+02	
  1.5630000000000000e+04	 -1.7776747174509376e+02	  6.3097239276555831e+02	
  1.5660000000000000e+04	 -1.9392653442264830e+02	  6.4792634611550238e+02	
  1.5690000000000000e+04	 -2.2811399086634694e+02	  6.7390998823448308e+02	
  1.5720000000000000e+04	 -2.6070623375977323e+02	  7.0030346836022954e+02	
  1.5750000000000000e+04	 -2.6202016095397170e+02	  7.0115007228684055e+02	
  1.5780000000000000e+04	 -2.6126423902020827e+02	  7.0106862978279173e+02	
  1.5810000000000000e+04	 -2.5941315863419265e+02	  7.0206347441152627e+02	
  1.5840000000000000e+04	 -2.6027156656848678e+02	  7.0330136087654591e+02	
  1.5870000000000000e+04	 -2.6192395783789135e+02	  7.0186058058804201e+02	
  1.5900000000000000e+04	 -2.6844626051359961e+02	  6.7147327945462348e+02	
  1.5930000000000000e+04	 -2.7268294052933589e+02	  6.2154716327560106e+02	
  1.5960000000000000e+04	 -2.8185316025573280e+02	  5.9071243015536220e+02	
  1.5990000000000000e+04	 -2.8965666861063215e+02	  5.6334327455697849e+02	
  1.6020000000000000e+04	 -2.9432275202822996e+02	  5.1576460840915763e+02	
  1.6050000000000000e+04	 -2.9526543717675287e+02	  4.9219182684696943e+02	
  1.6080000000000000e+04	 -2.9943702576411908e+02	  4.5431737894615202e+02	
  1.6110000000000000e+04	 -3.0467385173808162e+02	  4.2166416728001883e+02	
  1.6140000000000000e+04	 -3.1661747839905041e+02	  3.8095581030305880e+02	
  1.6170000000000000e+04	 -3.2240463923738889e+02	  3.6258960143985144e+02	
  1.6200000000000000e+04	 -3.2965073507544270e+02	  3.3765231703278357e+02	
  1.6230000000000000e+04	 -3.3743364098569759e+02	  2.9688015663481741e+02	
  1.6260000000000000e+04	 -3.6958129382477586e+02	  2.6018294594763029e+02	
  1.6290000000000000e+04	 -3.9414605217497831e+02	  2.2917994121437206e+02	
  1.6320000000000000e+04	 -4.1213424751909992e+02	  2.0521472810919514e+02	
  1.6350000000000000e+04	 -4.4236386795817396e+02	  1.6988082343388911e+02	
  1.6380000000000000e+04	 -4.6658243451962778e+02	  1.3649653067604294e+02	
  1.6410000000000000e+04	 -4.8425507379513266e+02	  1.2021736800493741e+02	
  1.6440000000000000e+04	 -5.0593344872815646e+02	  9.8265852333915447e+01	
  1.6470000000000000e+04	 -5.3539025338664533e+02	  6.5452821840602951e+01	
  1.6500000000000000e+04	 -5.5352463403827721e+02	  4.4338638795437191e+01	
  1.6530000000000000e+04	 -5.8541439998934311e+02	  1.4702155486487051e+01	
  1.6560000000000000e+04	 -6.1134963328468427e+02	  -1.3796327075898596e+01	
  1.6590000000000000e+04	 -6.3894718687675015e+02	  -5.0528120667918479e+01	
  1.6620000000000000e+04	 -6.4965724038498581e+02	  -6.6603178498427326e+01	
  1.6650000000000000e+04	 -6.7808292116257678e+02	  -9.0628160636752852e+01	
  1.6680000000000000e+04	 -6.3313837438502549e+02	  -1.0256755613552744e+02	
  1.6710000000000000e+04	 -6.0768340195139001e+02	  -1.0746525795858132e+02	
  1.6740000000000000e+04	 -5.5762044525795068e+02	  -1.2064378186951718e+02	
  1.6770000000000000e+04	 -5.3365794548636768e+02	  -1.2426097428651659e+02	
  1.6800000000000000e+04	 -5.0380658546806018e+02	  -1.3120928913875329e+02	
  1.6830000000000000e+04	 -4.7007337680580196e+02	  -1.3574388705816560e+02	
  1.6860000000000000e+04	 -4.4101760965559203e+02	  -1.4606637939549765e+02	
  1.6890000000000000e+04	 -3.9878278714845817e+02	  -1.5131181619268310e+02	
  1.6920000000000000e+04	 -3.6996215779327605e+02	  -1.6251045874475133e+02	
  1.6950000000000000e+04	 -3.3711676462878654e+02	  -1.6593349540511375e+02	
  1.6980000000000000e+04	 -2.9932415746545428e+02	  -1.7384693469758244e+02	
  1.7010000000000000e+04	 -2.5713852375160531e+02	  -1.8453085087508998e+02	
  1.7040000000000000e+04	 -2.2141418475228312e+02	  -1.9483291424481993e+02	
  1.7070000000000000e+04	 -1.7636525059745381e+02	  -2.0392381561599228e+02	
  1.7100000000000000e+04	 -1.5663969273349301e+02	  -2.0878798654323700e+02	
  1.7130000000000000e+04	 -1.1917813968236393e+02	  -2.2064433436187684e+02	
  1.7160000000000000e+04	 -7.1562756819844381e+01	  -2.3060708071870084e+02	
  1.7190000000000000e+04	 -2.5229550644101671e+01	  -2.3943039276189685e+02	
  1.7220000000000000e+04	 7.2328347237531503e+00	  -2.4957962971562739e+02	
  1.7250000000000000e+04	 4.2146758264285388e+01	  -2.6043614948380213e+02	
  1.7280000000000000e+04	 7.1839509939976409e+01	  -2.6424534779203964e+02	
  1.7310000000000000e+04	 8.8958839723175998e+01	  -2.7187504502336401e+02	
  1.7340000000000000e+04	 1.2289944793415540e+02	  -2.8106629280427171e+02	
  1.7370000000000000e+04	 1.4858387383377593e+02	  -2.9089907707933622e+02	
  1.7400000000000000e+04	 1.1198038614152171e+02	  -2.5720603814140509e+02	
  1.7430000000000000e+04	 9.0380057693747204e+01	  -2.3374318456433448e+02	
  1.7460000000000000e+04	 6.2971373475001968e+01	  -2.0396795603929144e+02	
  1.7490000000000000e+04	 2.9196923666534090e+01	  -1.7659654947399360e+02	
  1.7520000000000000e+04	 -5.5960080560558012e+00	  -1.3822419095852609e+02	
  1.7550000000000000e+04	 -1.6671719518755328e+01	  -1.2138585188036154e+02	
  1.7580000000000000e+04	 -3.9070952997027355e+01	  -1.0024072107096156e+02	
  1.7610000000000000e+04	 -6.8794079677820577e+01	  -7.1281342435866648e+01	
  1.7640000000000000e+04	 -8.7742513151302092e+01	  -4.6777636708869466e+01	
  1.7670000000000000e+04	 -1.0056739574420476e+02	  -2.9441033405710236e+01	
  1.7700000000000000e+04	 -1.3097219888835298e+02	  -8.2821398691456238e-01	
  1.7730000000000000e+04	 -1.4735916569294491e+02	  1.7327846111975777e+01	
  1.7760000000000000e+04	 -1.7562341935589080e+02	  4.9310662160617838e+01	
  1.7790000000000000e+04	 -1.8810658987181390e+02	  6.7504930025576115e+01	
  1.7820000000000000e+04	 -2.0650071809690493e+02	  8.9583143261710106e+01	
  1.7850000000000000e+04	 -2.3549183211529294e+02	  1.1637916185462798e+02	
  1.7880000000000000e+04	 -1.9156321608824999e+02	  1.0032705902107851e+02	
  1.7910000000000000e+04	 -1.7199229587792237e+02	  9.2133094061149706e+01	
  1.7940000000000000e+04	 -1.4813087928941943e+02	  8.2429478631354399e+01	
  1.7970000000000000e+04	 -1.0623841892282249e+02	  6.6405736336533010e+01	
  1.8000000000000000e+04	 -7.6231163157603717e+01	  4.4103763368725339e+01	
  1.8030000000000000e+04	 -4.8148539801967836e+01	  3.7091444349880241e+01	
  1.8060000000000000e+04	 -2.0661055425350504e+01	  1.3972734797435166e+01	
  1.8090000000000000e+04	 9.7434061375055023e+00	  3.6145373749289860e+00	
  1.8120000000000000e+04	 8.8547180137633550e+00	  5.5067444021586347e+00	
  1.8150000000000000e+04	 7.7723029681051230e+00	  7.0033314952735495e+00	
  1.8180000000000000e+04	 6.9884727154167372e+00	  8.5376080810870754e+00	
  1.8210000000000000e+04	 5.6009789306358710e+00	  8.6311862286504564e+00	
  1.8240000000000000e+04	 3.8387323151944894e+00	  6.8374547125886966e+00	
  1.8270000000000000e+04	 4.1939035214993368e+00	  7.6636723907205173e+00	
  1.8300000000000000e+04	 3.6569896367326282e+00	  6.5343221458902292e+00	
  1.8330000000000000e+04	 -1.7747506265971037e+01	  -3.0861859967223623e+01	
  1.8360000000000000e+04	 -3.7748643225667678e+01	  -6.3028173032611853e+01	
  1.8390000000000000e+04	 -6.4412267019766077e+01	  -1.0047092378818505e+02	
  1.8420000000000000e+04	 -8.5471305184099720e+01	  -1.2560418477549487e+02	
  1.8450000000000000e+04	 -1.0979120569755405e+02	  -1.6794028504627818e+02	
  1.8480000000000000e+04	 -1.4075921525536316e+02	  -2.0640719807619934e+02	
  1.8510000000000000e+04	 -1.5462467466373687e+02	  -2.2655645913867758e+02	
  1.8540000000000000e+04	 -1.7726813315490656e+02	  -2.5956802696829220e+02	
  1.8570000000000000e+04	 -1.9808024575549416e+02	  -3.0147943688685905e+02	
  1.8600000000000000e+04	 -2.1597250482356577e+02	  -3.1997475924309202e+02	
  1.8630000000000000e+04	 -2.3621065141469631e+02	  -3.5446166981955639e+02	
  1.8660000000000000e+04	 -2.4753055162932012e+02	  -3.7250689187587056e+02	
  1.8690000000000000e+04	 -2.6206435512595226e+02	  -3.9231979754154702e+02	
  1.8720000000000000e+04	 -2.8147768523894581e+02	  -4.1406143796638742e+02	
  1.8750000000000000e+04	 -3.0473619573444506e+02	  -4.5185060532769592e+02	
  1.8780000000000000e+04	 -3.2934076492763660e+02	  -4.9158091230040122e+02	
  1.8810000000000000e+04	 -3.5998861003649711e+02	  -5.3096324990008031e+02	
  1.8840000000000000e+04	 -3.6975016328850626e+02	  -5.4820084607155081e+02	
  1.8870000000000000e+04	 -3.8350852883106847e+02	  -5.7746002223866242e+02	
  1.8900000000000000e+04	 -3.9965710946626746e+02	  -5.9931942530373476e+02	
  1.8930000000000000e+04	 -4.1727102625241139e+02	  -6.2455865715481514e+02	
  1.8960000000000000e+04	 -4.3499918849273456e+02	  -6.5513312776737178e+02	
  1.8990000000000000e+04	 -4.5449557679838722e+02	  -6.8212085232989102e+02	
  1.9020000000000000e+04	 -4.8197183838754984e+02	  -7.2490901597666812e+02	
  1.9050000000000000e+04	 -5.0410194548644228e+02	  -7.4432344085553086e+02	
  1.9080000000000000e+04	 -5.0221555813455035e+02	  -7.4390350165126938e+02	
  1.9110000000000000e+04	 -4.6754177322313228e+02	  -7.3838855017533604e+02	
  1.9140000000000000e+04	 -4.5196076405189081e+02	  -7.3450635890562216e+02	
  1.9170000000000000e+04	 -4.1679702779440055e+02	  -7.2129891778572448e+02	
  1.9200000000000000e+04	 -3.9783902332498599e+02	  -7.1487746303780295e+02	
  1.9230000000000000e+04	 -3.7513918772305459e+02	  -7.0311981468811382e+02	
  1.9260000000000000e+04	 -3.2591921908950002e+02	  -6.8489264293293149e+02	
  1.9290000000000000e+04	 -3.0649094716448496e+02	  -6.8311311874735952e+02	
  1.9320000000000000e+04	 -2.6569641789496876e+02	  -6.6485436473966001e+02	
  1.9350000000000000e+04	 -2.3460500807716261e+02	  -6.5232060284778618e+02	
  1.9380000000000000e+04	 -1.9116792702385789e+02	  -6.4082518434833833e+02	
  1.9410000000000000e+04	 -1.4487099661061342e+02	  -6.2985212895347354e+02	
  1.9440000000000000e+04	 -1.0301064207416664e+02	  -6.1249448784815047e+02	
  1.9470000000000000e+04	 -6.5953271062616736e+01	  -6.0772906069832447e+02	
  1.9500000000000000e+04	 -2.4226980468744586e+01	  -5.9462081414709451e+02	
  1.9530000000000000e+04	 5.7130041001186456e+00	  -5.8114262049342835e+02	
  1.9560000000000000e+04	 4.1056901003166907e+01	  -5.6812289305630622e+02	
  1.9590000000000000e+04	 8.4158503756668722e+01	  -5.5711264235736974e+02	
  1.9620000000000000e+04	 1.2533175266530594e+02	  -5.4992186846922493e+02	
  1.9650000000000000e+04	 1.5133804454783271e+02	  -5.3697459120463293e+02	
  1.9680000000000000e+04	 1.7746895966020540e+02	  -5.3254449640401947e+02	
  1.9710000000000000e+04	 2.0829045553579448e+02	  -5.2419323146072554e+02	
  1.9740000000000000e+04	 2.2605618431846830e+02	  -5.2096857570354553e+02	
  1.9770000000000000e+04	 2.2722451048873225e+02	  -5.1963652360287256e+02	
  1.9800000000000000e+04	 2.2825514694072518e+02	  -5.2032367354425776e+02	
  1.9830000000000000e+04	 2.2635870438913952e+02	  -5.2210167441380327e+02	
  1.9860000000000000e+04	 2.3324819331207598e+02	  -4.9877010677293413e+02	
  1.9890000000000000e+04	 2.4448988188804941e+02	  -4.6082374052973591e+02	
  1.9920000000000000e+04	 2.4841899200364244e+02	  -4.2916430175795062e+02	
  1.9950000000000000e+04	 2.6283657468290210e+02	  -3.8161874246702871e+02	
  1.9980000000000000e+04	 2.7217653531980847e+02	  -3.4629682345727690e+02	
  2.0010000000000000e+04	 2.8313780214400947e+02	  -3.0375538115570686e+02	
  2.0040000000000000e+04	 2.8909532990952908e+02	  -2.7892290368509236e+02	
  2.0070000000000000e+04	 3.0415381235980146e+02	  -2.4527457818583514e+02	
  2.0100000000000000e+04	 3.1184512997987116e+02	  -2.1296938618642488e+02	
  2.0130000000000000e+04	 3.2353115869070291e+02	  -1.6870606294031001e+02	
  2.0160000000000000e+04	 3.3997355499440499e+02	  -1.2935500211309903e+02	
  2.0190000000000000e+04	 3.5030741208610459e+02	  -8.8861567506251674e+01	
  2.0220000000000000e+04	 3.6565083939015915e+02	  -5.4071445552560824e+01	
  2.0250000000000000e+04	 3.7324161359777480e+02	  -2.7698532223675411e+01	
  2.0280000000000000e+04	 3.8906727001667713e+02	  1.3681047422527612e+00	
  2.0310000000000000e+04	 3.9422982545676103e+02	  3.3985256994899594e+01	
  2.0340000000000000e+04	 3.9788944196295904e+02	  5.6075222692010684e+01	
  2.0370000000000000e+04	 4.0850634733539266e+02	  8.8760177128908538e+01	
  2.0400000000000000e+04	 4.1659925756980613e+02	  1.0634041314424505e+02	
  2.0430000000000000e+04	 4.3364239278345713e+02	  1.4124110205799229e+02	
  2.0460000000000000e+04	 4.4584495414885816e+02	  1.8909321791607073e+02	
  2.0490000000000000e+04	 4.6661423582506632e+02	  2.3284688125669064e+02	
  2.0520000000000000e+04	 4.8515066975459899e+02	  2.7491309257953350e+02	
  2.0550000000000000e+04	 4.8881522919783129e+02	  3.0026305215613860e+02	
  2.0580000000000000e+04	 5.0052531485255429e+02	  3.2805447608679907e+02	
  2.0610000000000000e+04	 4.9923881807948146e+02	  3.2932506459933319e+02	
  2.0640000000000000e+04	 4.9799872591382126e+02	  3.2966007471289214e+02	
  2.0670000000000000e+04	 4.9637148044844236e+02	  3.3147397281040867e+02	
  2.0700000000000000e+04	 4.9473632521516879e+02	  3.2992213287072707e+02	
  2.0730000000000000e+04	 4.9379197483932234e+02	  3.2965911310692331e+02	
  2.0760000000000000e+04	 4.9408023778754654e+02	  3.2837403196990158e+02	
  2.0790000000000000e+04	 4.9454273227201105e+02	  3.2733737527225321e+02	
  2.0820000000000000e+04	 4.8677840164250574e+02	  2.9713277945439523e+02	
  2.0850000000000000e+04	 4.7821910607046732e+02	  2.6707703289368408e+02	
  2.0880000000000000e+04	 4.7036846353789485e+02	  2.2558011805801746e+02	
  2.0910000000000000e+04	 4.6843847363317127e+02	  1.9483311576932189e+02	
  2.0940000000000000e+04	 4.6339879176062834e+02	  1.5531361266100086e+02	
  2.0970000000000000e+04	 4.5770081894822437e+02	  1.3407593911685274e+02	
  2.1000000000000000e+04	 4.5023120579282062e+02	  8.4156767432823358e+01	
  2.1030000000000000e+04	 4.4449635511112109e+02	  5.0832053899136206e+01	
  2.1060000000000000e+04	 4.3857264653657376e+02	  2.8886308381451304e+01	
  2.1090000000000000e+04	 4.3034782559256433e+02	  -3.9209263436419128e+00	
  2.1120000000000000e+04	 4.2382501204843419e+02	  -4.0171624221369314e+01	
  2.1150000000000000e+04	 4.1822144745230196e+02	  -8.3400086677357336e+01	
  2.1180000000000000e+04	 4.1691844639546275e+02	  -1.0719703839803645e+02	
  2.1210000000000000e+04	 4.0881684158664643e+02	  -1.5848503488847896e+02	
