  0.0000000000000000e+00	 -5.9337740999766766e+02	  -1.4926296409549593e+02	
  3.0000000000000000e+01	 -5.9930903074842013e+02	  -1.7041140327558449e+02	
  6.0000000000000000e+01	 -6.1133188866259184e+02	  -2.0627591338097909e+02	
  9.0000000000000000e+01	 -6.2391961591790960e+02	  -2.3803889101544027e+02	
  1.2000000000000000e+02	 -6.3988783531912566e+02	  -2.7705496810797104e+02	
  1.5000000000000000e+02	 -6.5308400004925204e+02	  -2.9264695520133057e+02	
  1.8000000000000000e+02	 -6.6392335547647235e+02	  -3.2209105100142443e+02	
  2.1000000000000000e+02	 -6.7586850050466626e+02	  -3.5832719553026311e+02	
  2.4000000000000000e+02	 -6.9103234750886850e+02	  -3.8386843111329171e+02	
  2.7000000000000000e+02	 -6.9871909359991105e+02	  -4.1081704401965936e+02	
  3.0000000000000000e+02	 -7.1504159011208617e+02	  -4.4884995710580222e+02	
  3.3000000000000000e+02	 -7.3477282758700107e+02	  -4.9273921133180693e+02	
  3.6000000000000000e+02	 -7.3919509389928999e+02	  -5.1255475739792223e+02	
  3.9000000000000000e+02	 -7.5659027382324928e+02	  -5.4118858847868637e+02	
  4.2000000000000000e+02	 -7.7487106557052641e+02	  -5.6744366989102821e+02	
  4.5000000000000000e+02	 -7.2475590217908371e+02	  -5.6455786849689048e+02	
  4.8000000000000000e+02	 -6.9353552277580161e+02	  -5.6189044587191734e+02	
  5.1000000000000000e+02	 -6.5056146118627680e+02	  -5.5520426085739393e+02	
  5.4000000000000000e+02	 -6.1531476617726616e+02	  -5.5078088296896601e+02	
  5.7000000000000000e+02	 -5.6917504030464534e+02	  -5.4862880551182616e+02	
  6.0000000000000000e+02	 -5.1934530413417656e+02	  -5.4069077585825960e+02	
  6.3000000000000000e+02	 -4.7385500800225401e+02	  -5.3729057164739447e+02	
  6.6000000000000000e+02	 -4.3074124284823182e+02	  -5.2962497625406240e+02	
  6.9000000000000000e+02	 -3.9670054645646161e+02	  -5.2212550928480812e+02	
  7.2000000000000000e+02	 -3.7026329568051744e+02	  -5.1648767313002645e+02	
  7.5000000000000000e+02	 -3.3020159499008980e+02	  -5.1305663355336264e+02	
  7.8000000000000000e+02	 -3.0565671010458681e+02	  -5.1178481685150456e+02	
  8.1000000000000000e+02	 -2.6962223365021003e+02	  -5.0355263691798666e+02	
  8.4000000000000000e+02	 -2.3585466195552874e+02	  -5.0329668775277821e+02	
  8.7000000000000000e+02	 -2.0261316570249321e+02	  -5.0417542687821350e+02	
  9.0000000000000000e+02	 -1.8022864411144599e+02	  -5.0639088183096828e+02	
  9.3000000000000000e+02	 -1.3081412429860455e+02	  -5.0201412210013865e+02	
  9.6000000000000000e+02	 -1.0551123110546538e+02	  -4.9812507398097398e+02	
  9.9000000000000000e+02	 -7.6028821705131392e+01	  -4.9634552793569861e+02	
  1.0200000000000000e+03	 -5.2320704811571531e+01	  -4.9430577937455899e+02	
  1.0500000000000000e+03	 -1.0991370076045442e+01	  -4.9170764205736367e+02	
  1.0800000000000000e+03	 3.2374076388887147e+01	  -4.8311160221883898e+02	
  1.1100000000000000e+03	 6.0265066972638877e+01	  -4.8024322961000451e+02	
  1.1400000000000000e+03	 8.5611123518391508e+01	  -4.7894904724179833e+02	
  1.1700000000000000e+03	 1.1174224118698793e+02	  -4.8052036092764445e+02	
  1.2000000000000000e+03	 1.3726531647594126e+02	  -4.8052442733464210e+02	
  1.2300000000000000e+03	 1.6753591532972899e+02	  -4.7517614035339767e+02	
  1.2600000000000000e+03	 1.7918419270460504e+02	  -4.7212232962887947e+02	
  1.2900000000000000e+03	 1.7999254016123561e+02	  -4.7182973618850718e+02	
  1.3200000000000000e+03	 1.8007280938518647e+02	  -4.7275410103120760e+02	
  1.3500000000000000e+03	 1.7916405372083909e+02	  -4.7394255416958714e+02	
  1.3800000000000000e+03	 1.7720607475579868e+02	  -4.7376710148224646e+02	
  1.4100000000000000e+03	 1.7851771319613505e+02	  -4.7306700075860397e+02	
  1.4400000000000000e+03	 1.5005214715197192e+02	  -4.4065779455079695e+02	
  1.4700000000000000e+03	 1.2495887441320097e+02	  -4.1424928715425494e+02	
  1.5000000000000000e+03	 1.0722887052075410e+02	  -3.9396370786034879e+02	
  1.5300000000000000e+03	 8.6403948644362856e+01	  -3.7415172672526745e+02	
  1.5600000000000000e+03	 6.8185893118361065e+01	  -3.5782625588464788e+02	
  1.5900000000000000e+03	 4.0836119095148518e+01	  -3.2444553927120933e+02	
  1.6200000000000000e+03	 2.5450434982282104e+01	  -3.0221803505429432e+02	
  1.6500000000000000e+03	 -6.2433100521065015e+00	  -2.7082284414045705e+02	
  1.6800000000000000e+03	 -2.5795492594554954e+01	  -2.5344581903544531e+02	
  1.7100000000000000e+03	 -4.9736762572365890e+01	  -2.3268959625571557e+02	
  1.7400000000000000e+03	 -8.3568244439867385e+01	  -2.0083104170062492e+02	
  1.7700000000000000e+03	 -1.0407376834946233e+02	  -1.8572518848110306e+02	
  1.8000000000000000e+03	 -1.3973794321920275e+02	  -1.6001044820684018e+02	
  1.8300000000000000e+03	 -1.6837827154625717e+02	  -1.3234493550897216e+02	
  1.8600000000000000e+03	 -1.9007561732642415e+02	  -1.1803386523564492e+02	
  1.8900000000000000e+03	 -2.1383806443171920e+02	  -9.6181900013516795e+01	
  1.9200000000000000e+03	 -2.3578336418935291e+02	  -7.7514861227421491e+01	
  1.9500000000000000e+03	 -2.5146791739276108e+02	  -5.4088752222427395e+01	
  1.9800000000000000e+03	 -2.8589542960774776e+02	  -1.9190623490857014e+01	
  2.0100000000000000e+03	 -3.1034641202866294e+02	  8.2277646578294394e-02	
  2.0400000000000000e+03	 -3.2720877727968571e+02	  1.7391575224564118e+01	
  2.0700000000000000e+03	 -3.5538227719166855e+02	  4.8310147681521670e+01	
  2.1000000000000000e+03	 -3.8619897352345293e+02	  7.6530954580442327e+01	
  2.1300000000000000e+03	 -4.0772424915760536e+02	  9.7411473337305978e+01	
  2.1600000000000000e+03	 -4.4189552488294413e+02	  1.2786072065523658e+02	
  2.1900000000000000e+03	 -4.6434769502293699e+02	  1.4628062180244379e+02	
  2.2200000000000000e+03	 -4.8183818064621386e+02	  1.6159496178172566e+02	
  2.2500000000000000e+03	 -5.1519006837456072e+02	  1.8893066978302852e+02	
  2.2800000000000000e+03	 -5.1941603556829796e+02	  1.9842167378843931e+02	
  2.3100000000000000e+03	 -5.1754547649896404e+02	  1.9642298155982166e+02	
  2.3400000000000000e+03	 -5.1572045529943864e+02	  1.9634867927298080e+02	
  2.3700000000000000e+03	 -5.1431132951349741e+02	  1.9597055001189480e+02	
  2.4000000000000000e+03	 -5.1304075479462654e+02	  1.9550773424588184e+02	
  2.4300000000000000e+03	 -4.6873617813973817e+02	  2.0224161560358229e+02	
  2.4600000000000000e+03	 -4.4112708687705305e+02	  2.0282683968787936e+02	
  2.4900000000000000e+03	 -3.9027835024492771e+02	  2.0943833323451508e+02	
  2.5200000000000000e+03	 -3.6045843345025952e+02	  2.1029277706527913e+02	
  2.5500000000000000e+03	 -3.1174729287062951e+02	  2.1576880092419978e+02	
  2.5800000000000000e+03	 -2.8539384762236148e+02	  2.1740097174204479e+02	
  2.6100000000000000e+03	 -2.4531514704438223e+02	  2.1877166293334966e+02	
  2.6400000000000000e+03	 -2.1698110864219296e+02	  2.1886037499732106e+02	
  2.6700000000000000e+03	 -1.7724071535518488e+02	  2.2035897053869638e+02	
  2.7000000000000000e+03	 -1.4699809250333510e+02	  2.1931934487443033e+02	
  2.7300000000000000e+03	 -1.2107151761112596e+02	  2.2231636332109068e+02	
  2.7600000000000000e+03	 -8.3491676933231872e+01	  2.2648978950590387e+02	
  2.7900000000000000e+03	 -3.4113169475090928e+01	  2.2826483319407836e+02	
  2.8200000000000000e+03	 2.0501051940590287e-01	  2.3163793132424613e+02	
  2.8500000000000000e+03	 5.1362947671461043e+01	  2.3279333148245473e+02	
  2.8800000000000000e+03	 8.3182351909716175e+01	  2.3130573090188605e+02	
  2.9100000000000000e+03	 1.3276924049277349e+02	  2.3286064903607635e+02	
  2.9400000000000000e+03	 1.0923945915387830e+02	  2.5844702246525856e+02	
  2.9700000000000000e+03	 7.9525340631208877e+01	  2.8228811275530245e+02	
  3.0000000000000000e+03	 5.9435999005408291e+01	  2.9791173191958416e+02	
  3.0300000000000000e+03	 4.8071272546134722e+01	  3.0878764419947640e+02	
  3.0600000000000000e+03	 2.9771971124950170e+01	  3.2542444608030706e+02	
  3.0900000000000000e+03	 5.9752229536796087e+00	  3.4343715359915012e+02	
  3.1200000000000000e+03	 -2.4860150416278533e+01	  3.7011763229706173e+02	
  3.1500000000000000e+03	 -5.0486637695757167e+01	  3.9511687549237513e+02	
  3.1800000000000000e+03	 -7.9737007386974454e+01	  4.1581979459980022e+02	
  3.2100000000000000e+03	 -1.0773898729806628e+02	  4.4370581231070577e+02	
  3.2400000000000000e+03	 -1.3653315725294740e+02	  4.6345081873197597e+02	
  3.2700000000000000e+03	 -1.6429875738735683e+02	  4.8667043768702030e+02	
  3.3000000000000000e+03	 -1.7831625959834176e+02	  5.0246762416254325e+02	
  3.3300000000000000e+03	 -1.9777280052362968e+02	  5.2173569457538395e+02	
  3.3600000000000000e+03	 -2.3350577471512483e+02	  5.5105555214507683e+02	
  3.3900000000000000e+03	 -2.6171025110221706e+02	  5.7977513412687085e+02	
  3.4200000000000000e+03	 -2.7936194522267050e+02	  6.0197888149053836e+02	
  3.4500000000000000e+03	 -3.0535161925706285e+02	  6.2291074009465638e+02	
  3.4800000000000000e+03	 -3.2186469539802573e+02	  6.3837791669805506e+02	
  3.5100000000000000e+03	 -3.3826330198681421e+02	  6.5885161488993197e+02	
  3.5400000000000000e+03	 -3.7313038921753440e+02	  6.8432691944951137e+02	
  3.5700000000000000e+03	 -3.9099434631239842e+02	  7.0133002249313779e+02	
  3.6000000000000000e+03	 -4.2680534974558503e+02	  7.2627099404932073e+02	
  3.6300000000000000e+03	 -4.5933312748850187e+02	  7.5521832793898602e+02	
  3.6600000000000000e+03	 -4.8571559572512348e+02	  7.8150956161244130e+02	
  3.6900000000000000e+03	 -4.9324755671519131e+02	  7.8581922122022183e+02	
  3.7200000000000000e+03	 -4.9169091701204229e+02	  7.8571933683718589e+02	
  3.7500000000000000e+03	 -4.9285324800049131e+02	  7.8510676270598765e+02	
  3.7800000000000000e+03	 -4.9254740990654761e+02	  7.8705417090850005e+02	
  3.8100000000000000e+03	 -4.9276388558197601e+02	  7.8630725416804694e+02	
  3.8400000000000000e+03	 -4.9307624781852815e+02	  7.8560776402221359e+02	
  3.8700000000000000e+03	 -4.9386557119732805e+02	  7.8673500820585969e+02	
  3.9000000000000000e+03	 -4.6150848403489340e+02	  7.7125538746356801e+02	
  3.9300000000000000e+03	 -4.4007240745374594e+02	  7.6124828010194369e+02	
  3.9600000000000000e+03	 -4.0218221181962491e+02	  7.4512339323462129e+02	
  3.9900000000000000e+03	 -3.7966844165284596e+02	  7.2952326114507639e+02	
  4.0200000000000000e+03	 -3.6119923915278474e+02	  7.1604428453866115e+02	
  4.0500000000000000e+03	 -3.2777748871023419e+02	  7.0343231920619314e+02	
  4.0800000000000000e+03	 -3.0598046524852595e+02	  6.9062941456029364e+02	
  4.1100000000000000e+03	 -2.8375045737333392e+02	  6.7682208287760704e+02	
  4.1400000000000000e+03	 -2.5828410796879120e+02	  6.6465826772059313e+02	
  4.1700000000000000e+03	 -2.3969897764470915e+02	  6.5895336996939250e+02	
  4.2000000000000000e+03	 -2.1975303805491203e+02	  6.4524157297387615e+02	
  4.2300000000000000e+03	 -1.9050515674176557e+02	  6.3130471829095347e+02	
  4.2600000000000000e+03	 -1.6730071713117235e+02	  6.1304527450141074e+02	
  4.2900000000000000e+03	 -1.3726034933017064e+02	  6.0128459023803714e+02	
  4.3200000000000000e+03	 -1.0895709391417515e+02	  5.8462335819224870e+02	
  4.3500000000000000e+03	 -6.9784131930425559e+01	  5.6346639216557139e+02	
  4.3800000000000000e+03	 -4.7559490669685133e+01	  5.5124517132743676e+02	
  4.4100000000000000e+03	 -2.2088356337886935e+01	  5.3826520249537077e+02	
  4.4400000000000000e+03	 1.5003413909695453e+01	  5.1695557398341350e+02	
  4.4700000000000000e+03	 4.9786608671700641e+01	  5.0019040131100155e+02	
  4.5000000000000000e+03	 8.6948459630709436e+01	  4.8220942901151665e+02	
  4.5300000000000000e+03	 1.1607163391427636e+02	  4.7182041234477686e+02	
  4.5600000000000000e+03	 1.5988406149486053e+02	  4.4806613895610747e+02	
  4.5900000000000000e+03	 1.8027652342969151e+02	  4.3518868068434904e+02	
  4.6200000000000000e+03	 2.1850366359317667e+02	  4.1539828438929169e+02	
  4.6500000000000000e+03	 2.4895798664532970e+02	  4.3155809227074053e+02	
  4.6800000000000000e+03	 2.7787513224735494e+02	  4.5187512957537695e+02	
  4.7100000000000000e+03	 3.0282220906875324e+02	  4.7075997917977998e+02	
  4.7400000000000000e+03	 3.2758384852681064e+02	  4.8453175775443248e+02	
  4.7700000000000000e+03	 3.5612113424317789e+02	  4.9764264403112804e+02	
  4.8000000000000000e+03	 3.8903931069872561e+02	  5.2087548513569959e+02	
  4.8300000000000000e+03	 4.2748665840682094e+02	  5.3676029765072053e+02	
  4.8600000000000000e+03	 4.6268394865492382e+02	  5.5604335887064849e+02	
  4.8900000000000000e+03	 5.0880330603181102e+02	  5.7913963528873160e+02	
  4.9200000000000000e+03	 5.5032999827228059e+02	  6.0655324416779592e+02	
  4.9500000000000000e+03	 5.7343186480250120e+02	  6.2253295836113728e+02	
  4.9800000000000000e+03	 6.0077727818863161e+02	  6.4224702885698832e+02	
  5.0100000000000000e+03	 6.1591324486968074e+02	  6.5446472714128083e+02	
  5.0400000000000000e+03	 6.5401992039824415e+02	  6.7918954175194881e+02	
  5.0700000000000000e+03	 6.7030717841717285e+02	  6.8964276522742671e+02	
  5.1000000000000000e+03	 7.0122129130165422e+02	  7.1368422917404473e+02	
  5.1300000000000000e+03	 7.2888924723314267e+02	  7.3259073319052482e+02	
  5.1600000000000000e+03	 7.6851732753407407e+02	  7.4830476021834681e+02	
  5.1900000000000000e+03	 8.0193634137767185e+02	  7.6178933065149749e+02	
  5.2200000000000000e+03	 8.1947465508019422e+02	  7.7843029881578764e+02	
  5.2500000000000000e+03	 8.3148686937998650e+02	  7.8184542504529645e+02	
  5.2800000000000000e+03	 8.3347613092783240e+02	  7.8086429849787385e+02	
  5.3100000000000000e+03	 8.2329414378091997e+02	  7.5442773596439019e+02	
  5.3400000000000000e+03	 8.0839263008546720e+02	  7.1604367678662175e+02	
  5.3700000000000000e+03	 7.9848459208090605e+02	  6.7060359565308465e+02	
  5.4000000000000000e+03	 7.9573591195819063e+02	  6.5038220142860155e+02	
  5.4300000000000000e+03	 7.8985708159388469e+02	  6.1669221421566044e+02	
  5.4600000000000000e+03	 7.8631074518806554e+02	  5.8372247422870021e+02	
  5.4900000000000000e+03	 7.7383857566185532e+02	  5.4866374331591817e+02	
  5.5200000000000000e+03	 7.6014399164883525e+02	  5.0405876766928191e+02	
  5.5500000000000000e+03	 7.5246058367296769e+02	  4.8360876572318045e+02	
  5.5800000000000000e+03	 7.4823428750092398e+02	  4.4742768411354973e+02	
  5.6100000000000000e+03	 7.3560899734081454e+02	  4.0519286024761300e+02	
  5.6400000000000000e+03	 7.2481710273951762e+02	  3.7307630339720589e+02	
  5.6700000000000000e+03	 7.1717528164743237e+02	  3.4234592254841732e+02	
  5.7000000000000000e+03	 7.0605623254334887e+02	  2.9651113870785127e+02	
  5.7300000000000000e+03	 6.9415064956718493e+02	  2.6445370549693587e+02	
  5.7600000000000000e+03	 6.8137330191836975e+02	  2.2863180830355614e+02	
  5.7900000000000000e+03	 6.7366980101755485e+02	  2.0333357732495634e+02	
  5.8200000000000000e+03	 6.6295815354706770e+02	  1.7033861834219479e+02	
  5.8500000000000000e+03	 6.5575981170549949e+02	  1.3884030373824427e+02	
  5.8800000000000000e+03	 6.5139878192347214e+02	  1.0505298411621546e+02	
  5.9100000000000000e+03	 6.3968336440364055e+02	  6.8837295287706894e+01	
  5.9400000000000000e+03	 6.3543662135868351e+02	  3.4468928012392631e+01	
  5.9700000000000000e+03	 6.3014295031325003e+02	  1.2108522749934245e+01	
  6.0000000000000000e+03	 6.2158016074879754e+02	  -2.4221434880809106e+01	
  6.0300000000000000e+03	 6.0940163956491540e+02	  -6.6767894511536667e+01	
  6.0600000000000000e+03	 6.0185020366671347e+02	  -9.6127385382231665e+01	
  6.0900000000000000e+03	 5.9384986588179902e+02	  -1.2905878988136999e+02	
  6.1200000000000000e+03	 5.8703486741385848e+02	  -1.6635990033236217e+02	
  6.1500000000000000e+03	 5.8054246026818032e+02	  -1.8765085813147357e+02	
  6.1800000000000000e+03	 5.7037406007997095e+02	  -2.1397168705849120e+02	
  6.2100000000000000e+03	 5.6179223254550550e+02	  -2.5083117767310492e+02	
  6.2400000000000000e+03	 5.5730860114759264e+02	  -2.7954000258243076e+02	
  6.2700000000000000e+03	 5.5414925533196663e+02	  -3.0640891230618075e+02	
  6.3000000000000000e+03	 5.4713370130407213e+02	  -3.4767565129609244e+02	
  6.3300000000000000e+03	 5.3752363946531693e+02	  -3.9023580759221863e+02	
  6.3600000000000000e+03	 5.3368452558500348e+02	  -4.2514316390526955e+02	
  6.3900000000000000e+03	 5.1967966877501681e+02	  -4.6284060064870090e+02	
  6.4200000000000000e+03	 5.1630644980254419e+02	  -4.7959172534699894e+02	
  6.4500000000000000e+03	 5.0557782672712403e+02	  -5.1721530817936969e+02	
  6.4800000000000000e+03	 4.9830759915660570e+02	  -5.5424575303963286e+02	
  6.5100000000000000e+03	 4.8407348192455288e+02	  -5.9986800923773819e+02	
  6.5400000000000000e+03	 4.7464135021044376e+02	  -6.3802588891631274e+02	
  6.5700000000000000e+03	 4.6144468971648064e+02	  -6.8190360439768085e+02	
  6.6000000000000000e+03	 4.5900344909926605e+02	  -7.1345638447239764e+02	
  6.6300000000000000e+03	 4.4935817187578732e+02	  -7.2675480554695173e+02	
  6.6600000000000000e+03	 4.5128836755886744e+02	  -7.2855899715903502e+02	
  6.6900000000000000e+03	 4.4997556900572442e+02	  -7.3017806821126612e+02	
  6.7200000000000000e+03	 4.5176313616961028e+02	  -7.3116132088660243e+02	
  6.7500000000000000e+03	 4.6133248184341119e+02	  -7.0047897727452357e+02	
  6.7800000000000000e+03	 4.7624885271254186e+02	  -6.6093512822011974e+02	
  6.8100000000000000e+03	 4.8761127878973298e+02	  -6.3156329249283579e+02	
  6.8400000000000000e+03	 4.9950601045439242e+02	  -6.0773067120778774e+02	
  6.8700000000000000e+03	 5.1323946695198492e+02	  -5.8370047290143953e+02	
  6.9000000000000000e+03	 5.3431604272668801e+02	  -5.4662923923074254e+02	
  6.9300000000000000e+03	 5.5355261591982480e+02	  -5.1189745765787461e+02	
  6.9600000000000000e+03	 5.6933924673785555e+02	  -4.7637071989494700e+02	
  6.9900000000000000e+03	 5.7823431329447817e+02	  -4.4309988099448617e+02	
  7.0200000000000000e+03	 5.9496510388655258e+02	  -3.9904535570249698e+02	
  7.0500000000000000e+03	 6.0578645046473980e+02	  -3.7530099398269482e+02	
  7.0800000000000000e+03	 6.0461458577593442e+02	  -3.7586276062511951e+02	
  7.1100000000000000e+03	 6.0283131952138672e+02	  -3.7763672808948604e+02	
  7.1400000000000000e+03	 6.0197650874939507e+02	  -3.7580510582294789e+02	
  7.1700000000000000e+03	 6.0147108715555203e+02	  -3.7646729011475776e+02	
  7.2000000000000000e+03	 6.0294107149224180e+02	  -3.7521117024552393e+02	
  7.2300000000000000e+03	 6.0340152579702362e+02	  -3.7660217550437136e+02	
  7.2600000000000000e+03	 5.5508293039867488e+02	  -3.8791859360637358e+02	
  7.2900000000000000e+03	 5.2938154508236175e+02	  -3.9433645574282872e+02	
  7.3200000000000000e+03	 5.0942111212721102e+02	  -4.0254059849600037e+02	
  7.3500000000000000e+03	 4.8358983426655482e+02	  -4.1016923581390978e+02	
  7.3800000000000000e+03	 4.4950991532596169e+02	  -4.2381839690697484e+02	
  7.4100000000000000e+03	 4.0677864278918662e+02	  -4.3878542023388803e+02	
  7.4400000000000000e+03	 3.8252134169734234e+02	  -4.4676673777504112e+02	
  7.4700000000000000e+03	 3.5261991868063382e+02	  -4.5958717138749478e+02	
  7.5000000000000000e+03	 3.1918914763934674e+02	  -4.7255298718787634e+02	
  7.5300000000000000e+03	 2.9866711387212354e+02	  -4.7652488637084508e+02	
  7.5600000000000000e+03	 2.5286376811636774e+02	  -4.9290301678745095e+02	
  7.5900000000000000e+03	 2.2112903311537866e+02	  -5.0085196297174468e+02	
  7.6200000000000000e+03	 1.7452605274856370e+02	  -5.1345877518513555e+02	
  7.6500000000000000e+03	 1.3252255928631178e+02	  -5.3292742167807012e+02	
  7.6800000000000000e+03	 1.0565468797115147e+02	  -5.3701950057670717e+02	
  7.7100000000000000e+03	 8.5832611058677514e+01	  -5.4322772179580045e+02	
  7.7400000000000000e+03	 6.7193181677495971e+01	  -5.5452063920379271e+02	
  7.7700000000000000e+03	 2.9915814296236064e+01	  -5.6538975108183547e+02	
  7.8000000000000000e+03	 -1.5185011297702857e+01	  -5.7755814503085833e+02	
  7.8300000000000000e+03	 -5.0717029990322004e+01	  -5.8598377100147354e+02	
  7.8600000000000000e+03	 -8.7976218968037585e+01	  -6.0188424708242496e+02	
  7.8900000000000000e+03	 -1.0710443156400260e+02	  -6.1176219266884925e+02	
  7.9200000000000000e+03	 -1.3213463748051396e+02	  -6.1803232856863337e+02	
  7.9500000000000000e+03	 -1.5007612368491533e+02	  -6.2459170160880331e+02	
  7.9800000000000000e+03	 -1.7325778821908492e+02	  -5.9130155651179984e+02	
  8.0100000000000000e+03	 -1.8384418278447384e+02	  -5.7111293899484099e+02	
  8.0400000000000000e+03	 -2.0089633794487091e+02	  -5.5782423657854815e+02	
  8.0700000000000000e+03	 -2.3060650181696084e+02	  -5.2762884619807357e+02	
  8.1000000000000000e+03	 -2.6361689554061059e+02	  -4.9919423861615644e+02	
  8.1300000000000000e+03	 -2.9180865544258523e+02	  -4.6874314906768598e+02	
  8.1600000000000000e+03	 -3.1258085403106446e+02	  -4.4830759108031287e+02	
  8.1900000000000000e+03	 -3.4027974499681488e+02	  -4.2402092785540941e+02	
  8.2200000000000000e+03	 -3.6676806501038055e+02	  -3.9377176210984322e+02	
  8.2500000000000000e+03	 -3.8045986565623718e+02	  -3.7942338803482073e+02	
  8.2800000000000000e+03	 -4.0518471096734714e+02	  -3.4873410845498034e+02	
  8.3100000000000000e+03	 -4.2815512446227518e+02	  -3.2339131533956487e+02	
  8.3400000000000000e+03	 -4.6042610472361639e+02	  -2.9036523626838652e+02	
  8.3700000000000000e+03	 -4.7689653993295116e+02	  -2.7408247085552682e+02	
  8.4000000000000000e+03	 -4.9210719661900015e+02	  -2.5172334957461138e+02	
  8.4300000000000000e+03	 -5.0419443812867746e+02	  -2.3547614469545314e+02	
  8.4600000000000000e+03	 -5.3302538837594216e+02	  -2.1182665995317026e+02	
  8.4900000000000000e+03	 -5.6327014552581329e+02	  -1.8232451974476126e+02	
  8.5200000000000000e+03	 -5.8493348362418624e+02	  -1.6577675915666430e+02	
  8.5500000000000000e+03	 -6.0650779940941857e+02	  -1.2485678485513428e+02	
  8.5800000000000000e+03	 -6.2397047813281051e+02	  -1.0927834304591514e+02	
  8.6100000000000000e+03	 -6.2468671967246689e+02	  -1.0869182609171450e+02	
  8.6400000000000000e+03	 -5.9199209482510173e+02	  -1.0870663786754699e+02	
  8.6700000000000000e+03	 -5.5999839877964337e+02	  -1.1027192092902737e+02	
  8.7000000000000000e+03	 -5.1567293944974210e+02	  -1.1385187537182991e+02	
  8.7300000000000000e+03	 -4.7174817988159612e+02	  -1.1990043911735732e+02	
  8.7600000000000000e+03	 -4.2707776449383448e+02	  -1.2500489125694278e+02	
  8.7900000000000000e+03	 -3.9701866503695948e+02	  -1.3359207724594677e+02	
  8.8200000000000000e+03	 -3.6710136358795796e+02	  -1.3504296651913668e+02	
  8.8500000000000000e+03	 -3.3655843004231622e+02	  -1.3528481493237598e+02	
  8.8800000000000000e+03	 -3.0449878919696823e+02	  -1.3891418274955385e+02	
  8.9100000000000000e+03	 -2.7200696860653790e+02	  -1.4777121909238568e+02	
  8.9400000000000000e+03	 -2.4654351503308135e+02	  -1.5114303109891657e+02	
  8.9700000000000000e+03	 -1.9924936779965481e+02	  -1.5413641955545984e+02	
  9.0000000000000000e+03	 -1.4742243991926199e+02	  -1.6005406839927812e+02	
  9.0300000000000000e+03	 -9.7558755783820516e+01	  -1.6486027314965725e+02	
  9.0600000000000000e+03	 -6.5257080514514456e+01	  -1.6698966634998141e+02	
  9.0900000000000000e+03	 -2.2697685378454658e+01	  -1.7082159327175654e+02	
  9.1200000000000000e+03	 1.5661847393846912e+01	  -1.7758025447055078e+02	
  9.1500000000000000e+03	 4.5330696074257936e+01	  -1.8931553305837676e+02	
  9.1800000000000000e+03	 6.4529089182185771e+01	  -1.8964989838085341e+02	
  9.2100000000000000e+03	 8.4543316671632056e+01	  -1.9475187997127546e+02	
  9.2400000000000000e+03	 8.4616441364430216e+01	  -1.9371201433494676e+02	
  9.2700000000000000e+03	 1.0879401221242674e+02	  -1.5600517610733107e+02	
  9.3000000000000000e+03	 1.2560516638053653e+02	  -1.3817177825698849e+02	
  9.3300000000000000e+03	 1.4137689221675404e+02	  -1.1435300805153187e+02	
  9.3600000000000000e+03	 1.6300998463440160e+02	  -7.5971624709616464e+01	
  9.3900000000000000e+03	 1.8665594185025853e+02	  -3.6237816561477558e+01	
  9.4200000000000000e+03	 2.1271935578914724e+02	  6.7295916518085406e+00	
  9.4500000000000000e+03	 2.2505458594824034e+02	  3.1157913574901926e+01	
  9.4800000000000000e+03	 2.3763419141088204e+02	  5.3278476267155014e+01	
  9.5100000000000000e+03	 2.5924558945395347e+02	  9.0575128133891127e+01	
  9.5400000000000000e+03	 2.7955401899090072e+02	  1.1715889165859151e+02	
  9.5700000000000000e+03	 2.9476488765314639e+02	  1.4621309741272779e+02	
  9.6000000000000000e+03	 3.0157363288390434e+02	  1.6598316334094892e+02	
  9.6300000000000000e+03	 3.0899300907380768e+02	  1.8925153240039887e+02	
  9.6600000000000000e+03	 3.3203233484005506e+02	  2.2361477964257051e+02	
  9.6900000000000000e+03	 3.5305141960852558e+02	  2.6405269234414413e+02	
  9.7200000000000000e+03	 3.7428156492562749e+02	  3.0486269520935804e+02	
  9.7500000000000000e+03	 3.9885468529095425e+02	  2.9896512962380427e+02	
  9.7800000000000000e+03	 4.3159522613944375e+02	  3.0167358015426771e+02	
  9.8100000000000000e+03	 4.5868840626296924e+02	  2.9756342773741557e+02	
  9.8400000000000000e+03	 4.2704296990077626e+02	  2.8277944324336602e+02	
  9.8700000000000000e+03	 4.0100566080181591e+02	  2.6915954580754686e+02	
  9.9000000000000000e+03	 3.6569054566225134e+02	  2.4562196260490589e+02	
  9.9300000000000000e+03	 3.3134486031526819e+02	  2.2378660556610316e+02	
  9.9600000000000000e+03	 3.0031609099112524e+02	  2.0773944227474269e+02	
  9.9900000000000000e+03	 2.6216669046440956e+02	  1.8320778905948470e+02	
  1.0020000000000000e+04	 2.3396385791393232e+02	  1.6699515335267103e+02	
  1.0050000000000000e+04	 2.1149841331488415e+02	  1.5402799757670999e+02	
  1.0080000000000000e+04	 1.8390758440090505e+02	  1.3697920872233323e+02	
  1.0110000000000000e+04	 1.5757885278253457e+02	  1.2334894119757892e+02	
  1.0140000000000000e+04	 1.2483885047772836e+02	  1.0305865532288644e+02	
  1.0170000000000000e+04	 1.0394092216601041e+02	  9.8728192719975141e+01	
  1.0200000000000000e+04	 1.0352950552772951e+02	  9.9197898614653894e+01	
  1.0230000000000000e+04	 1.0406242955728307e+02	  9.8633457483536972e+01	
  1.0260000000000000e+04	 1.0542996346622128e+02	  9.7970853995541631e+01	
  1.0290000000000000e+04	 1.0685163864128893e+02	  9.8902205273567901e+01	
  1.0320000000000000e+04	 1.0851865012462650e+02	  9.8608467925049410e+01	
  1.0350000000000000e+04	 1.0775901584154265e+02	  1.0059990026909671e+02	
  1.0380000000000000e+04	 1.0940683481016173e+02	  1.0154828330532028e+02	
  1.0410000000000000e+04	 1.0917681254233621e+02	  1.0048810326820220e+02	
  1.0440000000000000e+04	 9.3595050708472698e+01	  8.6154531420496170e+01	
  1.0470000000000000e+04	 5.7225166365105821e+01	  6.1565869319892414e+01	
  1.0500000000000000e+04	 3.8314110304124455e+01	  5.1290794132600254e+01	
  1.0530000000000000e+04	 2.1415258388179055e+00	  3.7841348988175156e+01	
  1.0560000000000000e+04	 -4.0306683873227733e+01	  1.2035858875113277e+01	
  1.0590000000000000e+04	 -6.4548794947009895e+01	  -5.1269914851194258e+00	
  1.0620000000000000e+04	 -8.6300035466127099e+01	  -1.5103757455221016e+01	
  1.0650000000000000e+04	 -1.1806793744774073e+02	  -3.5401028861400540e+01	
  1.0680000000000000e+04	 -1.4605095643094657e+02	  -5.3514979844486575e+01	
  1.0710000000000000e+04	 -1.8994191884940105e+02	  -7.4656797406236365e+01	
  1.0740000000000000e+04	 -2.2204181807209744e+02	  -9.1038200707259051e+01	
  1.0770000000000000e+04	 -2.4219411330190817e+02	  -1.0075859552882351e+02	
  1.0800000000000000e+04	 -2.7807343680695925e+02	  -1.1628809520934647e+02	
  1.0830000000000000e+04	 -3.1710631434006081e+02	  -1.3738762288181118e+02	
  1.0860000000000000e+04	 -2.7720781950124552e+02	  -1.4590367400422193e+02	
  1.0890000000000000e+04	 -2.3010481069265819e+02	  -1.5721774297306186e+02	
  1.0920000000000000e+04	 -1.9840208645148275e+02	  -1.6647718230548526e+02	
  1.0950000000000000e+04	 -1.5914373728231715e+02	  -1.8243824400087266e+02	
  1.0980000000000000e+04	 -1.2901610133871068e+02	  -1.8608538271938559e+02	
  1.1010000000000000e+04	 -9.1238334385443551e+01	  -1.9699496728475324e+02	
  1.1040000000000000e+04	 -4.2510962604273629e+01	  -2.0491941664540676e+02	
  1.1070000000000000e+04	 -2.1784632045183230e+01	  -2.1028936907457847e+02	
  1.1100000000000000e+04	 1.8533055101991501e+01	  -2.2246855098978443e+02	
  1.1130000000000000e+04	 4.6038798666923995e+01	  -2.2709451942168769e+02	
  1.1160000000000000e+04	 8.7569017677141119e+01	  -2.3703471320974381e+02	
  1.1190000000000000e+04	 1.1766258504426830e+02	  -2.4237599009821710e+02	
  1.1220000000000000e+04	 1.6200584677796050e+02	  -2.5826061016012574e+02	
  1.1250000000000000e+04	 1.8677947904964986e+02	  -2.6513913428162130e+02	
  1.1280000000000000e+04	 2.1750585673361110e+02	  -2.7300826668953232e+02	
  1.1310000000000000e+04	 2.6934161122208417e+02	  -2.8769299545213408e+02	
  1.1340000000000000e+04	 2.9633816146767367e+02	  -2.9801643297598969e+02	
  1.1370000000000000e+04	 3.3055301818589817e+02	  -3.0308140296615568e+02	
  1.1400000000000000e+04	 3.5308270339608436e+02	  -3.0669340180201846e+02	
  1.1430000000000000e+04	 3.9649464566774003e+02	  -3.2308228418247319e+02	
  1.1460000000000000e+04	 4.3779327257674908e+02	  -3.3200928109192921e+02	
  1.1490000000000000e+04	 4.7933032237746721e+02	  -3.3965006583820104e+02	
  1.1520000000000000e+04	 5.0500312972093161e+02	  -3.4671245964462452e+02	
  1.1550000000000000e+04	 5.1855702239372135e+02	  -3.6080398040913582e+02	
  1.1580000000000000e+04	 5.3192422897867937e+02	  -3.7819323367041432e+02	
  1.1610000000000000e+04	 5.1144763815723104e+02	  -3.6805395954192352e+02	
  1.1640000000000000e+04	 4.6302222897502554e+02	  -3.5127328993100474e+02	
  1.1670000000000000e+04	 4.3504801960730589e+02	  -3.4139889886617874e+02	
  1.1700000000000000e+04	 4.0006562061138663e+02	  -3.3581028481324319e+02	
  1.1730000000000000e+04	 4.1025047897405165e+02	  -2.8478803171246494e+02	
  1.1760000000000000e+04	 4.2128544734700552e+02	  -2.3752655466333641e+02	
  1.1790000000000000e+04	 4.2645647033230830e+02	  -2.0599062332634736e+02	
  1.1820000000000000e+04	 4.2897553614651684e+02	  -1.6435285761122216e+02	
  1.1850000000000000e+04	 4.2873940558421509e+02	  -1.3679277862854454e+02	
  1.1880000000000000e+04	 4.3247243164216678e+02	  -9.2417549289753651e+01	
  1.1910000000000000e+04	 4.3702910264534080e+02	  -6.6504731479890523e+01	
  1.1940000000000000e+04	 4.4321513747569696e+02	  -3.4785163633767532e+01	
  1.1970000000000000e+04	 4.4308107085845404e+02	  -1.0358952502426661e+01	
  1.2000000000000000e+04	 4.5260986886585715e+02	  1.7655764915661209e+01	
  1.2030000000000000e+04	 4.6168323769408028e+02	  6.0216539476385712e+01	
  1.2060000000000000e+04	 4.6164430574101334e+02	  8.8561912685029029e+01	
  1.2090000000000000e+04	 4.6886284963921184e+02	  1.1778059253974928e+02	
  1.2120000000000000e+04	 4.6855842666606952e+02	  1.3620816547099059e+02	
  1.2150000000000000e+04	 4.7453057793322961e+02	  1.6823427142670744e+02	
  1.2180000000000000e+04	 4.7755847874885109e+02	  2.0586316133796117e+02	
  1.2210000000000000e+04	 4.7974286008230433e+02	  2.4593631704189397e+02	
  1.2240000000000000e+04	 4.8809741626975426e+02	  2.7639089691570450e+02	
  1.2270000000000000e+04	 4.8913410988018256e+02	  2.7717898444660972e+02	
  1.2300000000000000e+04	 4.8991541179435029e+02	  2.7780441942310233e+02	
  1.2330000000000000e+04	 4.9023307759100936e+02	  2.7651706861251063e+02	
  1.2360000000000000e+04	 4.7772600732661715e+02	  2.7434090309069256e+02	
  1.2390000000000000e+04	 4.7664620750558248e+02	  2.7504001628312795e+02	
  1.2420000000000000e+04	 4.7713516769314401e+02	  2.7393281060136002e+02	
  1.2450000000000000e+04	 4.7746971144642953e+02	  2.7392811753867375e+02	
  1.2480000000000000e+04	 4.7937025776046897e+02	  2.7311512714828939e+02	
  1.2510000000000000e+04	 4.8134929781563903e+02	  2.7234529286436737e+02	
  1.2540000000000000e+04	 4.7965249068713769e+02	  2.7143313987732716e+02	
  1.2570000000000000e+04	 4.8084612614190098e+02	  2.7234075167645727e+02	
  1.2600000000000000e+04	 4.8098597343531333e+02	  2.3087567185152452e+02	
  1.2630000000000000e+04	 4.7808747687606501e+02	  1.9414171589453014e+02	
  1.2660000000000000e+04	 4.7496313713246008e+02	  1.6207596708797533e+02	
  1.2690000000000000e+04	 4.7873776035758033e+02	  1.3108480981121008e+02	
  1.2720000000000000e+04	 4.7716371700886617e+02	  9.8739628945517353e+01	
  1.2750000000000000e+04	 4.7619259760305010e+02	  7.6871539901713874e+01	
  1.2780000000000000e+04	 4.7126030389989347e+02	  3.8784045145767152e+01	
  1.2810000000000000e+04	 4.6555909235278961e+02	  1.8904893891853526e+01	
  1.2840000000000000e+04	 4.3986546125403072e+02	  -2.3050705694533171e+01	
  1.2870000000000000e+04	 4.2803320185329238e+02	  -4.9055400971589691e+01	
  1.2900000000000000e+04	 4.1235479278934582e+02	  -7.8813495286510772e+01	
  1.2930000000000000e+04	 3.8735492486298966e+02	  -1.2142449620192230e+02	
  1.2960000000000000e+04	 3.7187758568538084e+02	  -1.4989861606054424e+02	
  1.2990000000000000e+04	 3.5595867538200065e+02	  -1.8655530634210493e+02	
  1.3020000000000000e+04	 3.3776807277530384e+02	  -2.2717458451714526e+02	
  1.3050000000000000e+04	 3.1698670631399369e+02	  -2.5506536023309937e+02	
  1.3080000000000000e+04	 2.9130771275193831e+02	  -2.9751287633662662e+02	
  1.3110000000000000e+04	 2.7301383800163336e+02	  -3.3632922117340445e+02	
  1.3140000000000000e+04	 2.6071712335388304e+02	  -3.6475761999773727e+02	
  1.3170000000000000e+04	 2.5363535873885567e+02	  -3.8189810499895594e+02	
  1.3200000000000000e+04	 2.3653761586016503e+02	  -4.0794405124518568e+02	
  1.3230000000000000e+04	 2.0101615954102368e+02	  -4.1171988080500057e+02	
  1.3260000000000000e+04	 1.7308282299529301e+02	  -4.2136343579621121e+02	
  1.3290000000000000e+04	 1.2717368229754219e+02	  -4.3111803177257553e+02	
  1.3320000000000000e+04	 9.1642609553740670e+01	  -4.4357952144278784e+02	
  1.3350000000000000e+04	 6.5916016594109948e+01	  -4.4964247497272152e+02	
  1.3380000000000000e+04	 4.3340501871212389e+01	  -4.5240021863709484e+02	
  1.3410000000000000e+04	 -5.3194012492689069e+00	  -4.5955592089752633e+02	
  1.3440000000000000e+04	 -2.8696738658475759e+01	  -4.6993101125361630e+02	
  1.3470000000000000e+04	 -5.0779301956389368e+01	  -4.8437834427284969e+02	
  1.3500000000000000e+04	 -7.8194662434577936e+01	  -5.0875751300938384e+02	
  1.3530000000000000e+04	 -1.0494997680322918e+02	  -5.2264403707528231e+02	
  1.3560000000000000e+04	 -1.3651238705939326e+02	  -5.4724380606461978e+02	
  1.3590000000000000e+04	 -1.5723389228851414e+02	  -5.5926757351984043e+02	
  1.3620000000000000e+04	 -1.8115177098280031e+02	  -5.7580970476364917e+02	
  1.3650000000000000e+04	 -2.0212949158277411e+02	  -5.8746070826163816e+02	
  1.3680000000000000e+04	 -2.3020679933230198e+02	  -6.0582607185943561e+02	
  1.3710000000000000e+04	 -2.4870521679154518e+02	  -6.1881617827454079e+02	
  1.3740000000000000e+04	 -2.6837145161540786e+02	  -6.3778616083408463e+02	
  1.3770000000000000e+04	 -3.1029588313953138e+02	  -6.6440952075815289e+02	
  1.3800000000000000e+04	 -3.5528901390958379e+02	  -6.9366141618498523e+02	
  1.3830000000000000e+04	 -3.7673384456013076e+02	  -7.0208909342327286e+02	
  1.3860000000000000e+04	 -3.8202402715304629e+02	  -7.0790615151888755e+02	
  1.3890000000000000e+04	 -3.8340575940572518e+02	  -7.0909497470790848e+02	
  1.3920000000000000e+04	 -3.8211123783071577e+02	  -7.0939832430598176e+02	
  1.3950000000000000e+04	 -3.8276990044095174e+02	  -7.0968650800849832e+02	
  1.3980000000000000e+04	 -3.8386813211577305e+02	  -7.0840347768653498e+02	
  1.4010000000000000e+04	 -3.7714879715915367e+02	  -6.8720777220113678e+02	
  1.4040000000000000e+04	 -3.7134982622215216e+02	  -6.6540226418984378e+02	
  1.4070000000000000e+04	 -3.6608866112902462e+02	  -6.3295412800893905e+02	
  1.4100000000000000e+04	 -3.5768453505559387e+02	  -5.9546896286972697e+02	
  1.4130000000000000e+04	 -3.5571114538293460e+02	  -5.7066001454621380e+02	
  1.4160000000000000e+04	 -3.4970065024240199e+02	  -5.3339501993392776e+02	
  1.4190000000000000e+04	 -3.4543543288220241e+02	  -5.0042359921007761e+02	
  1.4220000000000000e+04	 -3.3952616573707246e+02	  -4.6600843972990128e+02	
  1.4250000000000000e+04	 -3.3198362825393446e+02	  -4.3366117383915486e+02	
  1.4280000000000000e+04	 -3.2782877676419838e+02	  -4.0024936451263767e+02	
  1.4310000000000000e+04	 -3.2568575241109812e+02	  -3.7439738623588499e+02	
  1.4340000000000000e+04	 -3.1645979012830026e+02	  -3.3116491719792475e+02	
  1.4370000000000000e+04	 -3.1462457012450886e+02	  -2.9486081277841083e+02	
  1.4400000000000000e+04	 -3.1249246507966672e+02	  -2.5085844364764486e+02	
  1.4430000000000000e+04	 -3.0566629992936254e+02	  -2.1023549320487777e+02	
  1.4460000000000000e+04	 -2.9576448626002013e+02	  -1.7957783074601153e+02	
  1.4490000000000000e+04	 -2.9003488048686592e+02	  -1.2890264135414836e+02	
  1.4520000000000000e+04	 -2.8551074569913277e+02	  -8.3166990760029620e+01	
  1.4550000000000000e+04	 -2.7500608251112737e+02	  -2.9688649252871031e+01	
  1.4580000000000000e+04	 -2.7207581893665349e+02	  1.7744172571026240e+01	
  1.4610000000000000e+04	 -2.6054513637421644e+02	  6.0828155603857368e+01	
  1.4640000000000000e+04	 -2.5566268660429222e+02	  1.0472846915778592e+02	
  1.4670000000000000e+04	 -2.4916715710922924e+02	  1.4701590886500463e+02	
  1.4700000000000000e+04	 -2.3995473382080522e+02	  1.8564617038329564e+02	
  1.4730000000000000e+04	 -2.3643294302672120e+02	  2.3688053344979559e+02	
  1.4760000000000000e+04	 -2.2316086145171764e+02	  2.8323132411476877e+02	
  1.4790000000000000e+04	 -2.1639152243282498e+02	  3.2542937853347507e+02	
  1.4820000000000000e+04	 -2.1739376765580420e+02	  3.2517582509954997e+02	
  1.4850000000000000e+04	 -2.1695005130977930e+02	  3.2346841947628320e+02	
  1.4880000000000000e+04	 -2.1739006903690333e+02	  3.2456889941459576e+02	
  1.4910000000000000e+04	 -2.1600469386663806e+02	  3.2352574452272887e+02	
  1.4940000000000000e+04	 -2.1655593776208121e+02	  3.2156083534564215e+02	
  1.4970000000000000e+04	 -2.1672791640839128e+02	  3.2333381594209590e+02	
  1.5000000000000000e+04	 -2.1812059735737657e+02	  3.2306437741129287e+02	
  1.5030000000000000e+04	 -2.1765795964642263e+02	  3.2479895697028297e+02	
  1.5060000000000000e+04	 -2.1282016180134619e+02	  2.9560494465982816e+02	
  1.5090000000000000e+04	 -2.0627892453150761e+02	  2.6674008106266933e+02	
  1.5120000000000000e+04	 -1.9382175953296027e+02	  2.2521713603667334e+02	
  1.5150000000000000e+04	 -1.8752654603558341e+02	  1.9577695157606985e+02	
  1.5180000000000000e+04	 -1.8153181519323351e+02	  1.5095694649213092e+02	
  1.5210000000000000e+04	 -1.6846013234871708e+02	  1.1500493156999880e+02	
  1.5240000000000000e+04	 -1.6255103388459486e+02	  7.3979614139632773e+01	
  1.5270000000000000e+04	 -1.5504541561489336e+02	  2.8490072598088375e+01	
  1.5300000000000000e+04	 -1.5056603703588152e+02	  -8.1512361600643146e-01	
  1.5330000000000000e+04	 -1.4341168368955445e+02	  -4.2157226115208502e+01	
  1.5360000000000000e+04	 -1.3872189680948958e+02	  -6.6386612272485749e+01	
  1.5390000000000000e+04	 -1.3563725421481831e+02	  -9.1223534821141129e+01	
  1.5420000000000000e+04	 -1.2638432166094769e+02	  -1.3210040791376815e+02	
  1.5450000000000000e+04	 -1.1881637396948861e+02	  -1.7928532017955519e+02	
  1.5480000000000000e+04	 -1.0660640546630603e+02	  -2.2185208290782211e+02	
  1.5510000000000000e+04	 -1.0045126243463656e+02	  -2.4985878760415034e+02	
  1.5540000000000000e+04	 -8.8581394874227485e+01	  -2.9458610071558081e+02	
  1.5570000000000000e+04	 -7.8449874092560464e+01	  -3.2827107680624823e+02	
  1.5600000000000000e+04	 -7.3659966544697070e+01	  -3.6874355413558948e+02	
  1.5630000000000000e+04	 -4.7188306139371896e+01	  -3.7587762046697492e+02	
  1.5660000000000000e+04	 -3.1145896835882805e+01	  -3.7729772005304238e+02	
  1.5690000000000000e+04	 1.1805908416034622e+01	  -3.8880730143381760e+02	
  1.5720000000000000e+04	 4.5573991032191941e+01	  -3.9602672185682673e+02	
  1.5750000000000000e+04	 7.3171057785446678e+01	  -4.0287200525647575e+02	
  1.5780000000000000e+04	 1.0702903500467521e+02	  -4.0815472619934991e+02	
  1.5810000000000000e+04	 1.4708179937851781e+02	  -4.1792211221607482e+02	
  1.5840000000000000e+04	 1.8685737674024909e+02	  -4.3284850608942946e+02	
  1.5870000000000000e+04	 2.1995715006255247e+02	  -4.4133826118528361e+02	
  1.5900000000000000e+04	 2.6527303079687186e+02	  -4.5581929979571339e+02	
  1.5930000000000000e+04	 2.8759340026974184e+02	  -4.6009629199669484e+02	
  1.5960000000000000e+04	 3.2172541271168831e+02	  -4.6531309533898946e+02	
  1.5990000000000000e+04	 3.6537953370231645e+02	  -4.7904599921484862e+02	
  1.6020000000000000e+04	 4.0439000002727778e+02	  -4.9061351382581921e+02	
  1.6050000000000000e+04	 4.5483002625434079e+02	  -5.0584218004262561e+02	
  1.6080000000000000e+04	 4.9571685065987907e+02	  -5.1342702177534318e+02	
  1.6110000000000000e+04	 5.2753675466997493e+02	  -5.2333868304491023e+02	
  1.6140000000000000e+04	 5.6024790729406891e+02	  -5.3430894950363813e+02	
  1.6170000000000000e+04	 6.0233980953896867e+02	  -5.4731374287474000e+02	
  1.6200000000000000e+04	 6.3481971417977161e+02	  -5.5660598826396017e+02	
  1.6230000000000000e+04	 6.7840125303720231e+02	  -5.6555216132194869e+02	
  1.6260000000000000e+04	 6.9816873134079776e+02	  -5.7145171806596159e+02	
  1.6290000000000000e+04	 7.2868647859903274e+02	  -5.8219133475909723e+02	
  1.6320000000000000e+04	 7.7238288793081881e+02	  -5.8907793968516660e+02	
  1.6350000000000000e+04	 7.5758602027654160e+02	  -5.6461452532852741e+02	
  1.6380000000000000e+04	 7.3757559966512429e+02	  -5.3018377172584042e+02	
  1.6410000000000000e+04	 7.2958122011925855e+02	  -5.0559302859365710e+02	
  1.6440000000000000e+04	 6.9931020542187150e+02	  -4.6429292984239885e+02	
  1.6470000000000000e+04	 6.8283251567624040e+02	  -4.4015759024503018e+02	
  1.6500000000000000e+04	 6.6679346386380382e+02	  -4.1577507519748656e+02	
  1.6530000000000000e+04	 6.5031174313396036e+02	  -3.8531051648876320e+02	
  1.6560000000000000e+04	 6.4362097880888268e+02	  -3.6417527565289095e+02	
  1.6590000000000000e+04	 6.2154845652096765e+02	  -3.3436343643099457e+02	
  1.6620000000000000e+04	 6.0327826194096542e+02	  -3.0940809736723145e+02	
  1.6650000000000000e+04	 5.8933319363725855e+02	  -2.8575119552876924e+02	
  1.6680000000000000e+04	 5.7589394756394574e+02	  -2.6227442938807553e+02	
  1.6710000000000000e+04	 5.5323134209457567e+02	  -2.2434573234314496e+02	
  1.6740000000000000e+04	 5.3916472139247753e+02	  -1.9763476038430852e+02	
  1.6770000000000000e+04	 5.0867932760143680e+02	  -1.5312479513854032e+02	
  1.6800000000000000e+04	 4.8673750917190205e+02	  -1.2240261813728742e+02	
  1.6830000000000000e+04	 4.6566478696640530e+02	  -9.0568386438842765e+01	
  1.6860000000000000e+04	 4.4457063417240374e+02	  -6.5544204310163479e+01	
  1.6890000000000000e+04	 4.1733667286391716e+02	  -3.2500053223623347e+01	
  1.6920000000000000e+04	 3.9268055859042073e+02	  4.2574343053362185e+00	
  1.6950000000000000e+04	 3.6785847379866669e+02	  3.9262658280490783e+01	
  1.6980000000000000e+04	 3.5335098381702767e+02	  6.7885205572745477e+01	
  1.7010000000000000e+04	 3.3459407721752524e+02	  9.5697770139945021e+01	
  1.7040000000000000e+04	 3.0923812689430235e+02	  1.3826346943876308e+02	
  1.7070000000000000e+04	 2.9719929326753243e+02	  1.5552094465352343e+02	
  1.7100000000000000e+04	 2.7399122411505158e+02	  1.9012018954211260e+02	
  1.7130000000000000e+04	 2.6173738567768487e+02	  2.1288606991429242e+02	
  1.7160000000000000e+04	 2.3674192298227436e+02	  2.5182581615272022e+02	
  1.7190000000000000e+04	 2.1419763730889701e+02	  2.8329632739343617e+02	
  1.7220000000000000e+04	 2.4368147237263241e+02	  2.6813478872703655e+02	
  1.7250000000000000e+04	 2.8304061719949573e+02	  2.5701073095557359e+02	
  1.7280000000000000e+04	 3.0674562707698129e+02	  2.4391741104174514e+02	
  1.7310000000000000e+04	 2.6972737171321410e+02	  2.7122866134698216e+02	
  1.7340000000000000e+04	 2.4679421643194379e+02	  2.8221583802933191e+02	
  1.7370000000000000e+04	 2.1704343048888504e+02	  3.0986530531625277e+02	
  1.7400000000000000e+04	 1.9603864545867839e+02	  3.2451943747201142e+02	
  1.7430000000000000e+04	 1.6112972839946255e+02	  3.5235105968376695e+02	
  1.7460000000000000e+04	 1.3519868469746334e+02	  3.6329748690233720e+02	
  1.7490000000000000e+04	 1.1013930385708449e+02	  3.8639262714789595e+02	
  1.7520000000000000e+04	 1.5052779158983654e+02	  3.6793899519808537e+02	
  1.7550000000000000e+04	 1.7994611226038151e+02	  3.5127752034616117e+02	
  1.7580000000000000e+04	 1.9883019163122134e+02	  3.3738599007993162e+02	
  1.7610000000000000e+04	 2.2802931507376812e+02	  3.1927284722598040e+02	
  1.7640000000000000e+04	 2.6731791684742404e+02	  2.9489486170895321e+02	
  1.7670000000000000e+04	 2.9429717473001762e+02	  2.8128796980720915e+02	
  1.7700000000000000e+04	 3.3732461537075272e+02	  2.5324345225290000e+02	
  1.7730000000000000e+04	 3.7270081077441449e+02	  2.3722825391017338e+02	
  1.7760000000000000e+04	 4.1241203472015331e+02	  2.1422171540728937e+02	
  1.7790000000000000e+04	 4.3318542049782138e+02	  2.0426282188986937e+02	
  1.7820000000000000e+04	 4.7388176173845233e+02	  1.7442929521623071e+02	
  1.7850000000000000e+04	 4.9679247965293331e+02	  1.5757124301207671e+02	
  1.7880000000000000e+04	 5.3630019209907744e+02	  1.2864468818111908e+02	
  1.7910000000000000e+04	 5.8139001546544409e+02	  1.0864985230459078e+02	
  1.7940000000000000e+04	 6.2110992408985430e+02	  8.5233883072161078e+01	
  1.7970000000000000e+04	 6.5376502290405040e+02	  6.1871866113846977e+01	
  1.8000000000000000e+04	 6.9136184410490023e+02	  3.7474031495930944e+01	
  1.8030000000000000e+04	 7.1268176413224387e+02	  2.9459592678939128e+01	
  1.8060000000000000e+04	 7.5451105817079429e+02	  6.9134596244948767e+00	
  1.8090000000000000e+04	 7.6501879383700634e+02	  -3.9874870193111747e+00	
  1.8120000000000000e+04	 7.6492832593482740e+02	  -3.5567425095393608e+00	
  1.8150000000000000e+04	 7.6368473480828254e+02	  -1.9567314195047261e+00	
  1.8180000000000000e+04	 7.2811079085223230e+02	  -8.9300598737752175e+00	
  1.8210000000000000e+04	 7.0461935856390312e+02	  -9.2227220177928722e+00	
  1.8240000000000000e+04	 6.6967887421638113e+02	  -1.2882039581814610e+01	
  1.8270000000000000e+04	 6.1982030867599121e+02	  -2.5159569707916503e+01	
  1.8300000000000000e+04	 5.8273482528955685e+02	  -2.5714874606609502e+01	
  1.8330000000000000e+04	 5.4766447295713283e+02	  -3.5225174275750092e+01	
  1.8360000000000000e+04	 4.9988863942596333e+02	  -3.8933771130208449e+01	
  1.8390000000000000e+04	 4.5316978313304190e+02	  -4.0530441360413853e+01	
  1.8420000000000000e+04	 4.2574389537912469e+02	  -4.6478088713747155e+01	
  1.8450000000000000e+04	 4.0014201768798279e+02	  -5.2605241615254769e+01	
  1.8480000000000000e+04	 3.7808893421352150e+02	  -5.9845264359397106e+01	
  1.8510000000000000e+04	 3.4141124845387242e+02	  -6.2314037617105043e+01	
  1.8540000000000000e+04	 3.1876683383777464e+02	  -6.9963017641576002e+01	
  1.8570000000000000e+04	 2.7828911893092311e+02	  -7.3776720450404980e+01	
  1.8600000000000000e+04	 2.4556747829209851e+02	  -8.2610493611316684e+01	
  1.8630000000000000e+04	 2.2528465322935912e+02	  -8.1682226262871637e+01	
  1.8660000000000000e+04	 1.8375954644967771e+02	  -9.0585314184083813e+01	
  1.8690000000000000e+04	 1.6130418619478542e+02	  -9.9306825177861327e+01	
  1.8720000000000000e+04	 1.3332687481415257e+02	  -1.0333380586395967e+02	
  1.8750000000000000e+04	 1.1056816172745860e+02	  -1.1119889515887171e+02	
  1.8780000000000000e+04	 8.9013981762699871e+01	  -1.1804174394285759e+02	
  1.8810000000000000e+04	 6.3553615491398688e+01	  -1.2262266083376598e+02	
  1.8840000000000000e+04	 2.3759531440499543e+01	  -1.2937299932899398e+02	
  1.8870000000000000e+04	 -1.8894848655204548e+00	  -1.3226343192640624e+02	
  1.8900000000000000e+04	 -3.5090249300469893e+01	  -1.3345836666734692e+02	
  1.8930000000000000e+04	 -5.8033084507519440e+01	  -1.3228764714694827e+02	
  1.8960000000000000e+04	 -8.7850160692423913e+01	  -1.3163155580450911e+02	
  1.8990000000000000e+04	 -1.0974775158475907e+02	  -1.3388154909320997e+02	
  1.9020000000000000e+04	 -1.4230099603581920e+02	  -1.3564293692936633e+02	
  1.9050000000000000e+04	 -1.8868775478739445e+02	  -1.4773761370543426e+02	
  1.9080000000000000e+04	 -2.2720948415280725e+02	  -1.5633283557229683e+02	
  1.9110000000000000e+04	 -2.6553067550556995e+02	  -1.5777822569372165e+02	
  1.9140000000000000e+04	 -2.8839107168081341e+02	  -1.5801922973162092e+02	
  1.9170000000000000e+04	 -2.5542851050934016e+02	  -1.8231424612380823e+02	
  1.9200000000000000e+04	 -2.1916792855728568e+02	  -2.1027712266268901e+02	
  1.9230000000000000e+04	 -1.7845589832200395e+02	  -2.3653279723546780e+02	
  1.9260000000000000e+04	 -1.6343304270819417e+02	  -2.4563862057357196e+02	
  1.9290000000000000e+04	 -1.2136633558952327e+02	  -2.7057332931393961e+02	
  1.9320000000000000e+04	 -9.3665397983917330e+01	  -2.8456773910058183e+02	
  1.9350000000000000e+04	 -5.3293959943065381e+01	  -3.1465310209394522e+02	
  1.9380000000000000e+04	 -1.7056617371871035e+01	  -3.4627226566202205e+02	
  1.9410000000000000e+04	 2.2862046775719591e+01	  -3.6979923004667825e+02	
  1.9440000000000000e+04	 5.0031735133127185e+01	  -3.8973476348435935e+02	
  1.9470000000000000e+04	 9.5477257643249686e+01	  -4.2005044541229654e+02	
  1.9500000000000000e+04	 1.3344689627495492e+02	  -4.3700084558448464e+02	
  1.9530000000000000e+04	 1.5815952942541082e+02	  -4.5932423626430796e+02	
  1.9560000000000000e+04	 1.1546556132142814e+02	  -4.3414147997039896e+02	
  1.9590000000000000e+04	 8.2302448292723795e+01	  -4.1211262993465220e+02	
  1.9620000000000000e+04	 6.5491866436250945e+01	  -3.9799903932185009e+02	
  1.9650000000000000e+04	 3.3364047892115501e+01	  -3.8200187776217155e+02	
  1.9680000000000000e+04	 -5.2896187156834884e-01	  -3.6170268079507770e+02	
  1.9710000000000000e+04	 -2.1235671548572558e+01	  -3.5092643740504280e+02	
  1.9740000000000000e+04	 -6.6839301071069613e+01	  -3.2216851568114197e+02	
  1.9770000000000000e+04	 -9.2916210713247338e+01	  -3.0471745821854989e+02	
  1.9800000000000000e+04	 -1.2243311087246249e+02	  -2.9140062328359721e+02	
  1.9830000000000000e+04	 -1.5676898123039183e+02	  -2.7043697104943141e+02	
  1.9860000000000000e+04	 -1.7868075824296841e+02	  -2.5209286620726567e+02	
  1.9890000000000000e+04	 -2.1765730020470573e+02	  -2.3072291299225469e+02	
  1.9920000000000000e+04	 -2.4875596117078001e+02	  -2.0727060359803232e+02	
  1.9950000000000000e+04	 -2.8589492025103772e+02	  -1.8551815035337705e+02	
  1.9980000000000000e+04	 -3.0471041900606036e+02	  -1.7180424375914433e+02	
  2.0010000000000000e+04	 -3.2527580570779691e+02	  -1.5364427057044762e+02	
  2.0040000000000000e+04	 -3.5391518389125991e+02	  -1.3213987914501809e+02	
  2.0070000000000000e+04	 -3.6744760379207935e+02	  -1.1790662997857116e+02	
  2.0100000000000000e+04	 -3.8391601001324210e+02	  -1.0720859016587738e+02	
  2.0130000000000000e+04	 -4.0119747328448631e+02	  -9.7973423085090928e+01	
  2.0160000000000000e+04	 -4.3289984812241244e+02	  -7.7633706048054563e+01	
  2.0190000000000000e+04	 -4.6316456360145327e+02	  -5.7013856880827085e+01	
  2.0220000000000000e+04	 -4.9608187601565845e+02	  -3.8534393305255279e+01	
  2.0250000000000000e+04	 -5.2008196420679224e+02	  -2.1343558714798085e+01	
  2.0280000000000000e+04	 -5.4275927604501294e+02	  -5.1332882492035239e+00	
  2.0310000000000000e+04	 -5.8610743276525284e+02	  1.7169259416874649e+01	
  2.0340000000000000e+04	 -6.2793449083732037e+02	  3.6469542906074480e+01	
  2.0370000000000000e+04	 -6.4640225542466044e+02	  4.6297338662957017e+01	
  2.0400000000000000e+04	 -6.8148536531911031e+02	  7.2785755292672235e+01	
  2.0430000000000000e+04	 -7.2218570232180718e+02	  9.5937988537699894e+01	
  2.0460000000000000e+04	 -7.5819596743269028e+02	  1.1363395970270986e+02	
  2.0490000000000000e+04	 -7.6142024147409052e+02	  1.1596761948217363e+02	
  2.0520000000000000e+04	 -7.6079192663920935e+02	  1.1754405658997787e+02	
  2.0550000000000000e+04	 -7.6202169082256967e+02	  1.1647579221170344e+02	
  2.0580000000000000e+04	 -7.6153121038464292e+02	  1.1463700039759888e+02	
  2.0610000000000000e+04	 -7.6348901913679879e+02	  1.1524496373131404e+02	
  2.0640000000000000e+04	 -7.6334682537020353e+02	  1.1410616251063789e+02	
  2.0670000000000000e+04	 -7.6383826525135032e+02	  1.1396361422914315e+02	
  2.0700000000000000e+04	 -7.6228048319730772e+02	  1.1390330343910331e+02	
  2.0730000000000000e+04	 -7.6394256968912248e+02	  1.1349174937028691e+02	
  2.0760000000000000e+04	 -7.4374812240685412e+02	  1.2587633715002679e+02	
  2.0790000000000000e+04	 -7.0183622516595597e+02	  1.4993744892698430e+02	
  2.0820000000000000e+04	 -6.7328731021852434e+02	  1.6913897884975032e+02	
  2.0850000000000000e+04	 -6.3014609779704051e+02	  1.9467762750644312e+02	
  2.0880000000000000e+04	 -5.9726826440813488e+02	  2.2010910499766493e+02	
  2.0910000000000000e+04	 -5.5968611652836228e+02	  2.4921933743742559e+02	
  2.0940000000000000e+04	 -5.2820275308847113e+02	  2.6859633500317489e+02	
  2.0970000000000000e+04	 -4.8237233207384554e+02	  2.9361205912034143e+02	
  2.1000000000000000e+04	 -4.5828596998304272e+02	  3.0239638561838439e+02	
  2.1030000000000000e+04	 -4.2301592787641493e+02	  3.2838646965258391e+02	
  2.1060000000000000e+04	 -3.8945343632949300e+02	  3.4764296165339488e+02	
  2.1090000000000000e+04	 -3.5459693990362280e+02	  3.6555013424752940e+02	
  2.1120000000000000e+04	 -3.1220440332341406e+02	  3.9498222603301122e+02	
  2.1150000000000000e+04	 -2.8651453056915398e+02	  4.1225769859112933e+02	
  2.1180000000000000e+04	 -2.5636459920575879e+02	  4.2879934941119456e+02	
  2.1210000000000000e+04	 -2.2662640412308153e+02	  4.4364850413721621e+02	
  2.1240000000000000e+04	 -1.9690125454584580e+02	  4.5995397492339106e+02	
  2.1270000000000000e+04	 -1.6202983574726176e+02	  4.7977285824135896e+02	
  2.1300000000000000e+04	 -1.3237650417899852e+02	  5.0385946302801324e+02	
  2.1330000000000000e+04	 -1.1275029634881383e+02	  5.1360791229856500e+02	
  2.1360000000000000e+04	 -8.1597165805165503e+01	  5.3782910102204949e+02	
  2.1390000000000000e+04	 -4.2352632677793096e+01	  5.5895326423335507e+02	
  2.1420000000000000e+04	 -2.1207472101043265e+01	  5.7255649336081478e+02	
  2.1450000000000000e+04	 -1.9297628196729242e+01	  5.7367669059747732e+02	
  2.1480000000000000e+04	 6.4784579672592990e+00	  5.5030825762399957e+02	
  2.1510000000000000e+04	 2.7560425265841808e+01	  5.3642514029195945e+02	
  2.1540000000000000e+04	 4.8187720926885518e+01	  5.2118517627188373e+02	
  2.1570000000000000e+04	 6.8320040319611735e+01	  5.0644279667890851e+02	
  2.1600000000000000e+04	 9.5558493974895214e+01	  4.8193729217314115e+02	
  2.1630000000000000e+04	 1.1317866411965699e+02	  4.7192270920047832e+02	
  2.1660000000000000e+04	 1.3370928235157535e+02	  4.4542478429969094e+02	
  2.1690000000000000e+04	 1.5596860286499344e+02	  4.2986267698974547e+02	
  2.1720000000000000e+04	 1.9240298269866150e+02	  3.9461518323533687e+02	
  2.1750000000000000e+04	 2.1164346662496774e+02	  3.6539445845192432e+02	
  2.1780000000000000e+04	 2.4581918172480684e+02	  3.3528240536421799e+02	
  2.1810000000000000e+04	 2.3165180861240506e+02	  3.1013016010953646e+02	
  2.1840000000000000e+04	 2.2662587263162985e+02	  2.8831376219674195e+02	
  2.1870000000000000e+04	 2.1377591853863584e+02	  2.6065850621475107e+02	
  2.1900000000000000e+04	 1.9516566610516730e+02	  2.3021774218457429e+02	
  2.1930000000000000e+04	 1.8267920222556424e+02	  2.0514328462515002e+02	
  2.1960000000000000e+04	 1.6987328787280077e+02	  1.7576070686211179e+02	
  2.1990000000000000e+04	 1.5080783687249703e+02	  1.3642139340371406e+02	
  2.2020000000000000e+04	 1.4079299140764547e+02	  1.1557592919763579e+02	
  2.2050000000000000e+04	 1.2553419035720709e+02	  9.2229181749667276e+01	
  2.2080000000000000e+04	 1.2025606162327379e+02	  7.6854230892594018e+01	
  2.2110000000000000e+04	 1.0016787504656186e+02	  4.2172390910637645e+01	
  2.2140000000000000e+04	 8.5835262972272858e+01	  2.0619469229425814e+01	
  2.2170000000000000e+04	 7.0008485201567368e+01	  -1.9462003875467207e+01	
  2.2200000000000000e+04	 5.2685732506717983e+01	  -4.2939708404548014e+01	
  2.2230000000000000e+04	 3.5684090691442819e+01	  -8.0502772641024904e+01	
  2.2260000000000000e+04	 4.3809777526855399e+01	  -1.2346829544787599e+02	
  2.2290000000000000e+04	 5.4378581699239533e+01	  -1.4782538268118853e+02	
  2.2320000000000000e+04	 6.6345841360710409e+01	  -1.9166853074486164e+02	
  2.2350000000000000e+04	 7.4170764668748490e+01	  -2.2199710988718840e+02	
  2.2380000000000000e+04	 8.3175477659334220e+01	  -2.6557925856175530e+02	
  2.2410000000000000e+04	 8.8043975027620547e+01	  -2.9736403105916986e+02	
  2.2440000000000000e+04	 9.4128091348499836e+01	  -3.2784859458646287e+02	
  2.2470000000000000e+04	 1.0713131380575345e+02	  -3.6631581537354282e+02	
  2.2500000000000000e+04	 1.1555170384167079e+02	  -3.9057328171106013e+02	
  2.2530000000000000e+04	 1.2764755989086309e+02	  -4.2588316824564441e+02	
  2.2560000000000000e+04	 1.3697390486799418e+02	  -4.5935085565501646e+02	
  2.2590000000000000e+04	 1.4266156224530940e+02	  -4.9319637620024309e+02	
  2.2620000000000000e+04	 1.5424688168335797e+02	  -5.3152744129531561e+02	
  2.2650000000000000e+04	 1.4106135146010556e+02	  -5.0842224073715556e+02	
  2.2680000000000000e+04	 1.2579026540497456e+02	  -4.8789796270442611e+02	
  2.2710000000000000e+04	 1.0966337231286640e+02	  -4.6085872769680827e+02	
  2.2740000000000000e+04	 8.8249289687742532e+01	  -4.3378040558870970e+02	
  2.2770000000000000e+04	 7.5967807571852475e+01	  -4.0782764276720224e+02	
  2.2800000000000000e+04	 5.2653091750084371e+01	  -3.6999756953659380e+02	
  2.2830000000000000e+04	 3.8753462990891343e+01	  -3.4532333095650188e+02	
  2.2860000000000000e+04	 1.8444803481980081e+01	  -3.1292358446716065e+02	
  2.2890000000000000e+04	 -2.4125660975242091e+00	  -2.8762736658269966e+02	
  2.2920000000000000e+04	 -1.4573140679202744e+01	  -2.6266070007264602e+02	
  2.2950000000000000e+04	 -3.0604008441015285e+01	  -2.4434793133198022e+02	
  2.2980000000000000e+04	 -5.2837860274482864e+01	  -2.0949060629095558e+02	
  2.3010000000000000e+04	 -7.0739309320535000e+01	  -1.8544242697672718e+02	
  2.3040000000000000e+04	 -9.2011187137045241e+01	  -1.4310087658798102e+02	
  2.3070000000000000e+04	 -1.0719931277433346e+02	  -1.1612674839477944e+02	
  2.3100000000000000e+04	 -1.2413866989703197e+02	  -9.1378845998041228e+01	
  2.3130000000000000e+04	 -1.4604295475922623e+02	  -6.3494645875536108e+01	
  2.3160000000000000e+04	 -1.7472883599540046e+02	  -2.1312163622535003e+01	
  2.3190000000000000e+04	 -1.9205551021148830e+02	  3.1734013239683954e+00	
  2.3220000000000000e+04	 -2.2210447397868177e+02	  4.7202529451529557e+01	
  2.3250000000000000e+04	 -2.4226916961382298e+02	  8.6932397352088174e+01	
  2.3280000000000000e+04	 -2.5748994269795634e+02	  1.1486404780942456e+02	
  2.3310000000000000e+04	 -2.8619309946645274e+02	  1.5055312115746699e+02	
  2.3340000000000000e+04	 -2.9659120181653606e+02	  1.7843558102022504e+02	
  2.3370000000000000e+04	 -3.1272008462126558e+02	  1.9863875361979410e+02	
  2.3400000000000000e+04	 -3.3108092071899790e+02	  2.2757861686709626e+02	
  2.3430000000000000e+04	 -3.3104761930493322e+02	  2.2656734183154614e+02	
  2.3460000000000000e+04	 -3.3213465887411098e+02	  2.2478639375025244e+02	
  2.3490000000000000e+04	 -3.3249834159852190e+02	  2.2506044751688509e+02	
  2.3520000000000000e+04	 -3.6884799964315323e+02	  2.2960242536732483e+02	
  2.3550000000000000e+04	 -4.1711094707186982e+02	  2.2663954259509720e+02	
  2.3580000000000000e+04	 -4.5421116211553772e+02	  2.2771912706839302e+02	
  2.3610000000000000e+04	 -4.9246853896304935e+02	  2.2642457278122541e+02	
  2.3640000000000000e+04	 -5.2338315481868756e+02	  2.3191194860600623e+02	
  2.3670000000000000e+04	 -5.4816156820221215e+02	  2.3516368340946335e+02	
  2.3700000000000000e+04	 -5.7480477568714946e+02	  2.3586542283296964e+02	
  2.3730000000000000e+04	 -6.1600390245067251e+02	  2.3745012016878320e+02	
  2.3760000000000000e+04	 -6.3708515495194695e+02	  2.3868304999788012e+02	
  2.3790000000000000e+04	 -6.5635614426906341e+02	  2.3342702512987651e+02	
  2.3820000000000000e+04	 -6.8063229018756954e+02	  2.3522778804730640e+02	
  2.3850000000000000e+04	 -7.1527786511391400e+02	  2.3154994177803030e+02	
  2.3880000000000000e+04	 -7.3983092632971591e+02	  2.3663683188101365e+02	
  2.3910000000000000e+04	 -7.5764405504137903e+02	  2.3514349151406464e+02	
  2.3940000000000000e+04	 -7.9921456098831311e+02	  2.3021787953917070e+02	
  2.3970000000000000e+04	 -8.3698041916657132e+02	  2.3177895999860652e+02	
  2.4000000000000000e+04	 -8.8734285237473375e+02	  2.3837224115376389e+02	
  2.4030000000000000e+04	 -8.8887594118262848e+02	  2.3378096376690632e+02	
  2.4060000000000000e+04	 -8.8924779596460496e+02	  2.3430387617881215e+02	
  2.4090000000000000e+04	 -8.9006867783531959e+02	  2.3433398729937255e+02	
  2.4120000000000000e+04	 -8.8877376288919902e+02	  2.3283724782487323e+02	
  2.4150000000000000e+04	 -8.8682120350439789e+02	  2.3178783192750595e+02	
  2.4180000000000000e+04	 -8.8523260784369108e+02	  2.3280245884070519e+02	
  2.4210000000000000e+04	 -8.8603584041086310e+02	  2.3360179779788558e+02	
  2.4240000000000000e+04	 -8.8725536478515642e+02	  2.3555458962661487e+02	
  2.4270000000000000e+04	 -8.4530439335340702e+02	  2.1638252436431333e+02	
  2.4300000000000000e+04	 -8.0148603777079757e+02	  1.9795700257661156e+02	
  2.4330000000000000e+04	 -7.5798326245258681e+02	  1.8084321825524822e+02	
  2.4360000000000000e+04	 -7.2533385103515059e+02	  1.6739597218623447e+02	
  2.4390000000000000e+04	 -6.9980598827647941e+02	  1.6309275872224964e+02	
  2.4420000000000000e+04	 -6.5925526968301892e+02	  1.4582389032916336e+02	
  2.4450000000000000e+04	 -6.3556133179136987e+02	  1.3538624811461531e+02	
  2.4480000000000000e+04	 -6.1625444106827763e+02	  1.2473595235598762e+02	
  2.4510000000000000e+04	 -5.8027760022027792e+02	  1.0881201890309394e+02	
  2.4540000000000000e+04	 -5.5765076534996331e+02	  1.0286764120828936e+02	
  2.4570000000000000e+04	 -5.1522984264995080e+02	  8.9573624369246019e+01	
  2.4600000000000000e+04	 -4.8908211535163514e+02	  7.3868479884716123e+01	
  2.4630000000000000e+04	 -4.6310329377468173e+02	  6.1262769529791193e+01	
  2.4660000000000000e+04	 -4.4190536454472220e+02	  5.3910416919563765e+01	
  2.4690000000000000e+04	 -4.0527588600500536e+02	  4.2195631576779988e+01	
  2.4720000000000000e+04	 -3.6343233476433915e+02	  3.1283795845622599e+01	
  2.4750000000000000e+04	 -3.3447257436991748e+02	  2.4171264435143414e+01	
  2.4780000000000000e+04	 -3.0402216830085973e+02	  1.4642512739698562e+01	
  2.4810000000000000e+04	 -2.5411970461072434e+02	  -6.0508641634671942e+00	
  2.4840000000000000e+04	 -2.3206680598525224e+02	  -1.3436354817517039e+01	
  2.4870000000000000e+04	 -1.8957798632597755e+02	  -2.5503557498476237e+01	
  2.4900000000000000e+04	 -1.4439751568066978e+02	  -4.4221436787636193e+01	
  2.4930000000000000e+04	 -1.1600668880387606e+02	  -5.4891905043229904e+01	
  2.4960000000000000e+04	 -8.9031610731331256e+01	  -6.9828168103163193e+01	
  2.4990000000000000e+04	 -4.8120318969342250e+01	  -8.9180779732677323e+01	
  2.5020000000000000e+04	 -1.2582804489168289e+01	  -1.0644365817680972e+02	
  2.5050000000000000e+04	 2.7378857757983482e+01	  -1.2148319844305691e+02	
  2.5080000000000000e+04	 5.8953825933436661e+01	  -1.2827648607846925e+02	
  2.5110000000000000e+04	 9.2464019106691978e+01	  -1.4074197027826258e+02	
  2.5140000000000000e+04	 1.3301620456117081e+02	  -1.5823580320442790e+02	
  2.5170000000000000e+04	 1.5761949790503306e+02	  -1.6654481222534383e+02	
  2.5200000000000000e+04	 1.9731614558487806e+02	  -1.8150695753958439e+02	
  2.5230000000000000e+04	 2.3391831967912304e+02	  -2.0293379010657486e+02	
  2.5260000000000000e+04	 2.7480950654396202e+02	  -2.2275828600660012e+02	
  2.5290000000000000e+04	 3.0344930007276440e+02	  -2.3556871718726052e+02	
  2.5320000000000000e+04	 3.3262025727695232e+02	  -2.4871490784706032e+02	
  2.5350000000000000e+04	 3.6404942988507355e+02	  -2.5436436126524828e+02	
  2.5380000000000000e+04	 3.3672788918234448e+02	  -2.3784369972502245e+02	
  2.5410000000000000e+04	 3.1737293639845564e+02	  -2.1805706435995501e+02	
  2.5440000000000000e+04	 2.8151379162872053e+02	  -1.9237556613667090e+02	
  2.5470000000000000e+04	 2.4493350699903959e+02	  -1.6736882096615744e+02	
  2.5500000000000000e+04	 2.0945003137216202e+02	  -1.4579678739409641e+02	
  2.5530000000000000e+04	 1.7462694370577202e+02	  -1.1859435771144103e+02	
  2.5560000000000000e+04	 1.5351014580055534e+02	  -9.9644270999212267e+01	
  2.5590000000000000e+04	 1.2039327871848721e+02	  -7.9175896202410442e+01	
  2.5620000000000000e+04	 9.6906629084627369e+01	  -6.4642955973730011e+01	
  2.5650000000000000e+04	 5.9982706586854903e+01	  -3.6390149784632705e+01	
  2.5680000000000000e+04	 2.4782848784428218e+01	  -1.7089473058943454e+01	
  2.5710000000000000e+04	 -1.6655531039476891e+01	  8.4691317711615604e+00	
  2.5740000000000000e+04	 -1.8770888569852204e+01	  1.5192705054847231e+01	
  2.5770000000000000e+04	 -1.8072981349996347e+01	  1.5367757961614455e+01	
  2.5800000000000000e+04	 -1.6194281168502954e+01	  1.3639877900948299e+01	
  2.5830000000000000e+04	 -1.7611794167467657e+01	  1.3615902754312984e+01	
  2.5860000000000000e+04	 3.4851321717169057e+00	  -1.4701169893556550e+01	
  2.5890000000000000e+04	 2.5365955975480702e+01	  -4.5930198165414829e+01	
  2.5920000000000000e+04	 4.1784952004922467e+01	  -6.8039689678300732e+01	
  2.5950000000000000e+04	 6.3323146283858947e+01	  -9.9346787244538604e+01	
  2.5980000000000000e+04	 8.8630108033045701e+01	  -1.3692564659761189e+02	
  2.6010000000000000e+04	 1.1164960410949442e+02	  -1.6644168342801433e+02	
  2.6040000000000000e+04	 1.3471525432863706e+02	  -1.9020670345467221e+02	
  2.6070000000000000e+04	 1.5062487773358978e+02	  -2.0795683512666162e+02	
  2.6100000000000000e+04	 1.7250239540860315e+02	  -2.4067972973389308e+02	
  2.6130000000000000e+04	 1.9645877853021454e+02	  -2.7381464441171073e+02	
  2.6160000000000000e+04	 2.2453374910084321e+02	  -3.0748178853762727e+02	
  2.6190000000000000e+04	 2.5275781727197341e+02	  -3.4869295348217969e+02	
  2.6220000000000000e+04	 2.6822059545704531e+02	  -3.6679193569166068e+02	
  2.6250000000000000e+04	 2.8105160946075569e+02	  -3.8919344187840170e+02	
  2.6280000000000000e+04	 2.6001104573708079e+02	  -3.8346598149807375e+02	
  2.6310000000000000e+04	 2.1270699380428047e+02	  -3.7375781756244248e+02	
  2.6340000000000000e+04	 1.8996572701663760e+02	  -3.6352840776626078e+02	
  2.6370000000000000e+04	 1.5571712664649920e+02	  -3.5743914527814582e+02	
  2.6400000000000000e+04	 1.1703532498749978e+02	  -3.4532628270801928e+02	
  2.6430000000000000e+04	 9.7027343787794450e+01	  -3.3425744652120636e+02	
  2.6460000000000000e+04	 6.8457872615097187e+01	  -3.2082668946597488e+02	
  2.6490000000000000e+04	 3.0724793693306140e+01	  -3.1262742071348885e+02	
  2.6520000000000000e+04	 -2.1089114054357005e+01	  -2.9745484455658413e+02	
  2.6550000000000000e+04	 -5.3084595530411960e+01	  -2.9126401710008776e+02	
  2.6580000000000000e+04	 -7.4488951134074654e+01	  -2.8174158644324154e+02	
  2.6610000000000000e+04	 -1.0548695497501575e+02	  -2.6622464395396821e+02	
  2.6640000000000000e+04	 -1.4198400288972215e+02	  -2.5171529836770031e+02	
  2.6670000000000000e+04	 -1.8215491540234245e+02	  -2.4087049795454726e+02	
  2.6700000000000000e+04	 -2.1929254224349199e+02	  -2.2903001768249206e+02	
  2.6730000000000000e+04	 -2.6638979342415456e+02	  -2.2109279727473344e+02	
  2.6760000000000000e+04	 -3.1419692230048503e+02	  -2.0366470743472203e+02	
  2.6790000000000000e+04	 -3.5606051466712142e+02	  -1.8729882504451774e+02	
  2.6820000000000000e+04	 -3.9145455082785691e+02	  -1.8076331617174836e+02	
  2.6850000000000000e+04	 -4.3571127346819384e+02	  -1.6863004015889666e+02	
  2.6880000000000000e+04	 -4.7352224875839528e+02	  -1.6016196621315783e+02	
  2.6910000000000000e+04	 -4.8980418467979729e+02	  -1.5443258503860324e+02	
  2.6940000000000000e+04	 -5.2359646279257288e+02	  -1.4712867559336516e+02	
  2.6970000000000000e+04	 -4.9554462323774874e+02	  -1.4470894572119352e+02	
  2.7000000000000000e+04	 -4.6166619986067639e+02	  -1.4672217591426664e+02	
  2.7030000000000000e+04	 -4.3239921805605240e+02	  -1.4705266929443724e+02	
  2.7060000000000000e+04	 -4.0959005533659365e+02	  -1.4569891907833303e+02	
  2.7090000000000000e+04	 -3.7824442872969274e+02	  -1.4267070222692388e+02	
  2.7120000000000000e+04	 -3.5180427681896748e+02	  -1.4519315589899651e+02	
  2.7150000000000000e+04	 -3.3359513463400884e+02	  -1.4744843736316184e+02	
  2.7180000000000000e+04	 -2.9712969616498918e+02	  -1.4231472184335587e+02	
  2.7210000000000000e+04	 -2.6913329907650001e+02	  -1.3842845678770684e+02	
  2.7240000000000000e+04	 -2.1706563424674729e+02	  -1.3618702087315535e+02	
  2.7270000000000000e+04	 -1.9772800121687271e+02	  -1.3923383558406678e+02	
  2.7300000000000000e+04	 -1.6121813948688791e+02	  -1.3927473394906093e+02	
  2.7330000000000000e+04	 -1.1367916940744564e+02	  -1.3384171295738648e+02	
  2.7360000000000000e+04	 -9.0404157293131419e+01	  -1.3246730974300047e+02	
  2.7390000000000000e+04	 -5.3455519092227817e+01	  -1.2522839212862246e+02	
  2.7420000000000000e+04	 -8.0861908576854589e+00	  -1.2125228986120187e+02	
  2.7450000000000000e+04	 3.6694416443265553e+01	  -1.1612068478504648e+02	
  2.7480000000000000e+04	 8.2576973075605736e+01	  -1.1562245137208875e+02	
  2.7510000000000000e+04	 1.0096847676678122e+02	  -1.1018201606289486e+02	
  2.7540000000000000e+04	 1.3860295982985843e+02	  -1.0707262240687751e+02	
  2.7570000000000000e+04	 1.7027902442817498e+02	  -1.0239922683132089e+02	
  2.7600000000000000e+04	 1.9970633277588340e+02	  -1.0447905551554486e+02	
  2.7630000000000000e+04	 2.2792044207991972e+02	  -6.9442325608147073e+01	
  2.7660000000000000e+04	 2.4492164736062756e+02	  -4.9885443511175012e+01	
  2.7690000000000000e+04	 2.7465693032102286e+02	  -8.5413395285942926e+00	
  2.7720000000000000e+04	 2.9889441110859497e+02	  2.0937413179018488e+01	
  2.7750000000000000e+04	 3.2635163914899084e+02	  5.6684987643947068e+01	
  2.7780000000000000e+04	 3.4865055777091504e+02	  8.8672313583443696e+01	
  2.7810000000000000e+04	 3.7562996930504221e+02	  1.2314906795259570e+02	
  2.7840000000000000e+04	 4.0201729100491843e+02	  1.5937439794811633e+02	
  2.7870000000000000e+04	 4.2155294310042905e+02	  1.9429817024919822e+02	
  2.7900000000000000e+04	 4.5212613369298384e+02	  2.2605322435099828e+02	
  2.7930000000000000e+04	 4.1791755712638326e+02	  2.1953841704962184e+02	
  2.7960000000000000e+04	 3.8200469987852603e+02	  2.0444489801447031e+02	
  2.7990000000000000e+04	 3.6050047338187949e+02	  1.9534468838810415e+02	
  2.8020000000000000e+04	 3.1988514894465760e+02	  1.8084271696140138e+02	
  2.8050000000000000e+04	 2.8118497899445208e+02	  1.6581172017731913e+02	
  2.8080000000000000e+04	 2.4280971951019910e+02	  1.5466949347139698e+02	
  2.8110000000000000e+04	 2.0388310568302757e+02	  1.4604870960185360e+02	
  2.8140000000000000e+04	 1.7658534840922408e+02	  1.3839659936507024e+02	
  2.8170000000000000e+04	 1.3669569415417783e+02	  1.2439492039447015e+02	
  2.8200000000000000e+04	 9.0205808524879572e+01	  1.1404247930924350e+02	
  2.8230000000000000e+04	 6.3738842264335759e+01	  1.0187564261228957e+02	
  2.8260000000000000e+04	 2.7816029653677674e+01	  9.6785838480912375e+01	
  2.8290000000000000e+04	 2.4532009637999757e+00	  8.7653358481827624e+01	
  2.8320000000000000e+04	 -1.8459514449982265e+01	  8.4134293440151268e+01	
  2.8350000000000000e+04	 -5.2612312295341759e+01	  7.3395554870394164e+01	
  2.8380000000000000e+04	 -7.8277912808073324e+01	  6.3439785332853106e+01	
  2.8410000000000000e+04	 -9.6663924580950294e+01	  5.8559619462142535e+01	
  2.8440000000000000e+04	 -1.2797406161830172e+02	  5.0503094122975355e+01	
  2.8470000000000000e+04	 -1.7191595409275567e+02	  3.8290426531273965e+01	
  2.8500000000000000e+04	 -2.1531124590150066e+02	  2.1730564409784648e+01	
  2.8530000000000000e+04	 -2.5804555216330806e+02	  1.1942546846317835e+01	
  2.8560000000000000e+04	 -2.7757130376356241e+02	  9.3697866138506924e-01	
  2.8590000000000000e+04	 -3.1752906598920777e+02	  -1.0268705999942108e+01	
  2.8620000000000000e+04	 -3.5701344008955761e+02	  -2.5705529468124290e+01	
  2.8650000000000000e+04	 -4.0235234377133992e+02	  -4.1737231583356134e+01	
  2.8680000000000000e+04	 -4.3958781004539702e+02	  -5.5663011227956275e+01	
  2.8710000000000000e+04	 -4.7750118099121767e+02	  -6.7568007039215701e+01	
  2.8740000000000000e+04	 -5.1470389388980345e+02	  -7.1772745322466776e+01	
  2.8770000000000000e+04	 -5.6494302142059610e+02	  -8.1335583792074971e+01	
  2.8800000000000000e+04	 -5.8464907896790805e+02	  -9.0916736637620389e+01	
  2.8830000000000000e+04	 -5.9837104213150599e+02	  -9.6459573714608382e+01	
  2.8860000000000000e+04	 -5.9866331738566350e+02	  -9.5166435980985341e+01	
  2.8890000000000000e+04	 -5.9904556103341781e+02	  -9.6019866057886986e+01	
  2.8920000000000000e+04	 -5.9850958557667639e+02	  -9.7439347520037359e+01	
  2.8950000000000000e+04	 -5.9882351149703993e+02	  -9.6548937684410859e+01	
  2.8980000000000000e+04	 -5.9799545795442884e+02	  -9.8327395217408466e+01	
  2.9010000000000000e+04	 -5.9697215627681169e+02	  -1.0004634806254761e+02	
  2.9040000000000000e+04	 -5.9621227434810453e+02	  -9.9721704322200040e+01	
  2.9070000000000000e+04	 -5.8221855601517564e+02	  -8.1941378836474428e+01	
  2.9100000000000000e+04	 -5.6193395781575214e+02	  -5.7545142864984754e+01	
  2.9130000000000000e+04	 -5.3165591288736073e+02	  -2.9738158130120361e+01	
  2.9160000000000000e+04	 -5.0021124879209526e+02	  -1.1297124451836531e+00	
  2.9190000000000000e+04	 -4.8520369037163232e+02	  1.4828880079050585e+01	
  2.9220000000000000e+04	 -4.6373720826931600e+02	  3.3999629126137258e+01	
  2.9250000000000000e+04	 -4.4692782869730644e+02	  5.5403734339842913e+01	
  2.9280000000000000e+04	 -4.3175106150532366e+02	  7.1125476042730114e+01	
  2.9310000000000000e+04	 -4.1376820845962772e+02	  8.4839294142084796e+01	
  2.9340000000000000e+04	 -3.8921206408332921e+02	  1.1295201409261608e+02	
  2.9370000000000000e+04	 -3.7239988095118491e+02	  1.3347514256603660e+02	
  2.9400000000000000e+04	 -3.3801173409370762e+02	  1.6078745361551140e+02	
  2.9430000000000000e+04	 -3.0137844424317956e+02	  1.9221803252647743e+02	
  2.9460000000000000e+04	 -2.7832241527941204e+02	  2.1334470214261910e+02	
  2.9490000000000000e+04	 -2.3374849369386737e+02	  2.0419678279487124e+02	
  2.9520000000000000e+04	 -1.9863152432939569e+02	  1.9572985153790322e+02	
  2.9550000000000000e+04	 -1.7895002644267240e+02	  1.8928169739524310e+02	
  2.9580000000000000e+04	 -1.4176651984745081e+02	  1.8437376115796309e+02	
  2.9610000000000000e+04	 -8.9589669335520512e+01	  1.7192826966990151e+02	
  2.9640000000000000e+04	 -3.7824257479147462e+01	  1.5868302851088555e+02	
  2.9670000000000000e+04	 6.5374616588511429e+00	  1.4632076435821361e+02	
  2.9700000000000000e+04	 4.2961546342439441e+01	  1.3542950363408056e+02	
  2.9730000000000000e+04	 7.7755756973521784e+01	  1.3174224258385314e+02	
  2.9760000000000000e+04	 1.1073675254233959e+02	  1.2242891789766779e+02	
  2.9790000000000000e+04	 1.3860989780303493e+02	  1.1920319414443321e+02	
  2.9820000000000000e+04	 1.8024021511231422e+02	  1.1578181950205501e+02	
  2.9850000000000000e+04	 2.1953318210153066e+02	  1.0607267664933090e+02	
  2.9880000000000000e+04	 2.5213987464110880e+02	  1.0448945552595815e+02	
  2.9910000000000000e+04	 3.0121011764164939e+02	  9.6503776170151966e+01	
  2.9940000000000000e+04	 3.4070444157074974e+02	  9.4652020248101692e+01	
  2.9970000000000000e+04	 3.5972157647884882e+02	  9.0428719610224434e+01	
  3.0000000000000000e+04	 3.8882594249507372e+02	  8.3755823076769317e+01	
  3.0030000000000000e+04	 4.1989291751425225e+02	  7.7014704510990200e+01	
  3.0060000000000000e+04	 4.6577610340619401e+02	  6.6134873642034592e+01	
  3.0090000000000000e+04	 5.0332107783951113e+02	  5.6943512443425611e+01	
  3.0120000000000000e+04	 5.3446599606679035e+02	  5.4441230096101854e+01	
  3.0150000000000000e+04	 5.5280363203647471e+02	  4.7510878831966011e+01	
  3.0180000000000000e+04	 6.0007752707025406e+02	  4.3311739227016602e+01	
  3.0210000000000000e+04	 6.4587378355352951e+02	  3.8466789523965900e+01	
  3.0240000000000000e+04	 6.8108639707575071e+02	  3.2411619562513785e+01	
