  0.0000000000000000e+00	 6.4600686763186548e+02	  -3.7898673608914902e+02	
  3.0000000000000000e+01	 6.2620247677557518e+02	  -3.9247780295484267e+02	
  6.0000000000000000e+01	 5.8565655031899814e+02	  -4.1484458463040721e+02	
  9.0000000000000000e+01	 5.4112950672940337e+02	  -4.3371968186167351e+02	
  1.2000000000000000e+02	 5.1287001199374504e+02	  -4.4121071130927078e+02	
  1.5000000000000000e+02	 4.8841353938085251e+02	  -4.4767525864340939e+02	
  1.8000000000000000e+02	 4.5225945864750884e+02	  -4.6711755559768744e+02	
  2.1000000000000000e+02	 4.0654611861937622e+02	  -4.8880336335959203e+02	
  2.4000000000000000e+02	 3.8842233479197910e+02	  -4.9357812716882353e+02	
  2.7000000000000000e+02	 3.5521069669475293e+02	  -5.0911315897769373e+02	
  3.0000000000000000e+02	 3.1270485685737799e+02	  -5.2380029633705374e+02	
  3.3000000000000000e+02	 2.8206239671460617e+02	  -5.3922675198119680e+02	
  3.6000000000000000e+02	 2.4824066291652878e+02	  -5.4724658001522744e+02	
  3.9000000000000000e+02	 2.0919444520393694e+02	  -5.6742156777886078e+02	
  4.2000000000000000e+02	 1.6923716571884239e+02	  -5.8624377278903648e+02	
  4.5000000000000000e+02	 1.3233394035916285e+02	  -5.9742812895949680e+02	
  4.8000000000000000e+02	 9.2858899613426843e+01	  -6.1402591552966055e+02	
  5.1000000000000000e+02	 4.5187603994427555e+01	  -6.3659707459746426e+02	
  5.4000000000000000e+02	 2.7299717365891809e+01	  -6.4885433194575523e+02	
  5.7000000000000000e+02	 -1.9701435811472976e+00	  -6.5991654282188756e+02	
  6.0000000000000000e+02	 -3.2913758190011393e+01	  -6.7355233593277501e+02	
  6.3000000000000000e+02	 -6.0962418132291219e+01	  -6.8484126494375118e+02	
  6.6000000000000000e+02	 -1.0440143721241584e+02	  -6.9670208306056043e+02	
  6.9000000000000000e+02	 -9.2508239130768246e+01	  -6.7102929665932061e+02	
  7.2000000000000000e+02	 -7.5255993643247081e+01	  -6.2838896384293992e+02	
  7.5000000000000000e+02	 -6.5966965381470757e+01	  -6.1333119275996114e+02	
  7.8000000000000000e+02	 -4.7203193258547351e+01	  -5.7423893487954024e+02	
  8.1000000000000000e+02	 -4.1558519968797505e+01	  -5.5399983865387742e+02	
  8.4000000000000000e+02	 -2.0992760357274509e+01	  -5.1203033027366132e+02	
  8.7000000000000000e+02	 -3.0687768705261504e+00	  -4.7557599152479821e+02	
  9.0000000000000000e+02	 8.0006449088365734e+00	  -4.5643310604932338e+02	
  9.3000000000000000e+02	 1.9088732354033866e+01	  -4.2563741805561165e+02	
  9.6000000000000000e+02	 3.9146901795285871e+01	  -3.9374656851166048e+02	
  9.9000000000000000e+02	 5.0986564494893848e+01	  -3.5247473084571106e+02	
  1.0200000000000000e+03	 7.0215321367297349e+01	  -3.0799229114422917e+02	
  1.0500000000000000e+03	 8.4961063023704369e+01	  -2.8128257069237702e+02	
  1.0800000000000000e+03	 9.8445899466569927e+01	  -2.3962237335847126e+02	
  1.1100000000000000e+03	 1.0590028087720447e+02	  -2.1734894055789192e+02	
  1.1400000000000000e+03	 1.2082774982688268e+02	  -1.8887045296581317e+02	
  1.1700000000000000e+03	 1.3284567558120136e+02	  -1.6255434555122105e+02	
  1.2000000000000000e+03	 1.4495792656622854e+02	  -1.3261795824156906e+02	
  1.2300000000000000e+03	 1.6927597948086159e+02	  -9.1267503074289721e+01	
  1.2600000000000000e+03	 1.9212564195611748e+02	  -5.4614662882213850e+01	
  1.2900000000000000e+03	 2.0084209727502969e+02	  -2.5923754362882075e+01	
  1.3200000000000000e+03	 2.1640860220607641e+02	  1.2374881310066701e+01	
  1.3500000000000000e+03	 2.2927550382914663e+02	  4.0756136313015844e+01	
  1.3800000000000000e+03	 2.3392273249940746e+02	  8.4054183689648170e+00	
  1.4100000000000000e+03	 2.4290395596851283e+02	  -2.6652180840197829e+01	
  1.4400000000000000e+03	 2.5081234085924834e+02	  -7.0559008825689645e+01	
  1.4700000000000000e+03	 2.5916429149799592e+02	  -1.2155134388635285e+02	
  1.5000000000000000e+03	 2.6185562303043923e+02	  -1.4771990600943124e+02	
  1.5300000000000000e+03	 2.6590877134110332e+02	  -1.6895620716450014e+02	
  1.5600000000000000e+03	 2.6769530076285952e+02	  -1.9205418258352617e+02	
  1.5900000000000000e+03	 2.6804964716119724e+02	  -2.2295910128890142e+02	
  1.6200000000000000e+03	 2.7101665539580222e+02	  -2.6599279301798151e+02	
  1.6500000000000000e+03	 2.8326463336062380e+02	  -3.0667479461299422e+02	
  1.6800000000000000e+03	 2.8249702545804405e+02	  -3.2849365515193529e+02	
  1.7100000000000000e+03	 2.8954093367251625e+02	  -3.5871677488285269e+02	
  1.7400000000000000e+03	 3.0551241246948933e+02	  -3.6164080080078440e+02	
  1.7700000000000000e+03	 3.1542022796844225e+02	  -3.3239772937464409e+02	
  1.8000000000000000e+03	 3.2836861608193055e+02	  -2.8153346288767051e+02	
  1.8300000000000000e+03	 3.4137713315236493e+02	  -2.4531277877902437e+02	
  1.8600000000000000e+03	 3.5008200883421665e+02	  -2.2499830970491118e+02	
  1.8900000000000000e+03	 3.6102514812720597e+02	  -1.8103533740303340e+02	
  1.9200000000000000e+03	 3.6938730601284487e+02	  -1.4303740649137501e+02	
  1.9500000000000000e+03	 3.7506368053666580e+02	  -1.0955506054383753e+02	
  1.9800000000000000e+03	 3.7526783322458766e+02	  -1.1000607354381695e+02	
  2.0100000000000000e+03	 3.7592559142661258e+02	  -1.1100481680301475e+02	
  2.0400000000000000e+03	 3.7586097436981930e+02	  -1.1072619993641617e+02	
  2.0700000000000000e+03	 3.3502028575724205e+02	  -8.2219107478491011e+01	
  2.1000000000000000e+03	 3.0198192453001059e+02	  -5.4341378911547274e+01	
  2.1300000000000000e+03	 2.7030071796144478e+02	  -2.6330667513587578e+01	
  2.1600000000000000e+03	 2.5138203634712349e+02	  -5.1006720803523642e+00	
  2.1900000000000000e+03	 2.1324898469871755e+02	  2.5915315300530946e+01	
  2.2200000000000000e+03	 1.8879513591185255e+02	  4.7056211140450699e+01	
  2.2500000000000000e+03	 1.6955335986284149e+02	  5.8895410065212168e+01	
  2.2800000000000000e+03	 1.5337720058860009e+02	  7.8293414411749893e+01	
  2.3100000000000000e+03	 1.2104431795040365e+02	  1.0651690078484272e+02	
  2.3400000000000000e+03	 1.0044456146562507e+02	  1.2987932715264614e+02	
  2.3700000000000000e+03	 6.4389553505421475e+01	  1.6285584699578669e+02	
  2.4000000000000000e+03	 3.9277650760007077e+01	  1.8473303336178867e+02	
  2.4300000000000000e+03	 2.0064893943958481e+01	  2.0451098704930277e+02	
  2.4600000000000000e+03	 -8.9810313418745231e+00	  2.2656375672780263e+02	
  2.4900000000000000e+03	 -2.4155667975323048e+01	  2.4368976119758761e+02	
  2.5200000000000000e+03	 -6.3363695188750675e+01	  2.7223017173769847e+02	
  2.5500000000000000e+03	 -9.1073621166198024e+01	  2.9573926956415903e+02	
  2.5800000000000000e+03	 -1.0272284037033974e+02	  3.1255083458691195e+02	
  2.6100000000000000e+03	 -1.3104942745065071e+02	  3.3075037036594807e+02	
  2.6400000000000000e+03	 -1.6387296507315799e+02	  3.5709154431687932e+02	
  2.6700000000000000e+03	 -1.2041938892227353e+02	  3.6521237439380872e+02	
  2.7000000000000000e+03	 -9.9489123455282595e+01	  3.6837989766031149e+02	
  2.7300000000000000e+03	 -4.7574337775396891e+01	  3.8169027416173736e+02	
  2.7600000000000000e+03	 -1.4437985326979387e+01	  3.9019602258798159e+02	
  2.7900000000000000e+03	 4.2348110063714586e+00	  3.9011972863281198e+02	
  2.8200000000000000e+03	 3.4759936850940463e+01	  3.9432105720097485e+02	
  2.8500000000000000e+03	 4.3038801229602569e+01	  3.7267384935766142e+02	
  2.8800000000000000e+03	 4.9414769649694762e+01	  3.3574087491685168e+02	
  2.9100000000000000e+03	 6.1315821864623018e+01	  2.9188689052905590e+02	
  2.9400000000000000e+03	 7.2797016639245385e+01	  2.5056902004069485e+02	
  2.9700000000000000e+03	 8.6970953659333176e+01	  2.0747151103650873e+02	
  3.0000000000000000e+03	 1.0384048674296046e+02	  1.7820365407456381e+02	
  3.0300000000000000e+03	 1.1379561024309433e+02	  1.5191847536992952e+02	
  3.0600000000000000e+03	 1.2311041991049098e+02	  1.2448038411491370e+02	
  3.0900000000000000e+03	 1.2858857115393448e+02	  1.0109941153353654e+02	
  3.1200000000000000e+03	 1.4160948889605092e+02	  6.7909115826478626e+01	
  3.1500000000000000e+03	 1.5481892293966229e+02	  4.5670881811783985e+01	
  3.1800000000000000e+03	 1.6687803830995443e+02	  2.2951477192994005e+00	
  3.2100000000000000e+03	 1.6907891841264677e+02	  2.6978907621443113e+00	
  3.2400000000000000e+03	 1.6927013990956866e+02	  2.2062842198654593e+00	
  3.2700000000000000e+03	 1.6730527302679587e+02	  2.7553837305374436e+00	
  3.3000000000000000e+03	 1.6900831601030129e+02	  2.5074991907074820e+00	
  3.3300000000000000e+03	 1.6759414872697013e+02	  3.5736823830200866e+00	
  3.3600000000000000e+03	 1.6955614933219255e+02	  4.6348314030512974e+00	
  3.3900000000000000e+03	 1.4174424784107961e+02	  1.1837533613672541e+01	
  3.4200000000000000e+03	 1.1553902381990275e+02	  2.4123692358476731e+01	
  3.4500000000000000e+03	 7.7245174751248811e+01	  3.1792713832749062e+01	
  3.4800000000000000e+03	 4.8963137773219003e+01	  3.8044918818022268e+01	
  3.5100000000000000e+03	 2.2240180183380421e+01	  4.5909433202443125e+01	
  3.5400000000000000e+03	 -6.2665211273933394e+00	  5.8567914912975183e+01	
  3.5700000000000000e+03	 -3.2300356721321066e+01	  6.7525035627119976e+01	
  3.6000000000000000e+03	 -5.0070937590472880e+01	  7.6198289630718165e+01	
  3.6300000000000000e+03	 -8.1077696247051435e+01	  8.4862482955557340e+01	
  3.6600000000000000e+03	 -1.0463464499125323e+02	  9.1553653302462948e+01	
  3.6900000000000000e+03	 -1.4573230662918959e+02	  1.0848088007686727e+02	
  3.7200000000000000e+03	 -1.8575558796372971e+02	  1.2715600352106732e+02	
  3.7500000000000000e+03	 -2.1414293702656266e+02	  1.3381070741173912e+02	
  3.7800000000000000e+03	 -2.6016174227529797e+02	  1.5192302281142787e+02	
  3.8100000000000000e+03	 -3.0675881617659360e+02	  1.6450643081624841e+02	
  3.8400000000000000e+03	 -3.4197954519195093e+02	  1.7807570856641490e+02	
  3.8700000000000000e+03	 -3.5593325963641649e+02	  1.8500429432938961e+02	
  3.9000000000000000e+03	 -3.5564383251534485e+02	  1.8396014020419307e+02	
  3.9300000000000000e+03	 -3.5586001968355617e+02	  1.8251059844491826e+02	
  3.9600000000000000e+03	 -3.2207902967625188e+02	  1.4259944499640096e+02	
  3.9900000000000000e+03	 -3.0557263283087866e+02	  1.1996963570174803e+02	
  4.0200000000000000e+03	 -2.7310383451182599e+02	  8.5744735738943461e+01	
  4.0500000000000000e+03	 -2.4471505806820346e+02	  5.9730522350892720e+01	
  4.0800000000000000e+03	 -2.2032930412108894e+02	  3.3242767002511840e+01	
  4.1100000000000000e+03	 -1.8818740049755027e+02	  -6.2172499243239301e+00	
  4.1400000000000000e+03	 -1.7155805862948210e+02	  -2.9828805824189836e+01	
  4.1700000000000000e+03	 -1.5143606569255158e+02	  -5.8998477080843031e+01	
  4.2000000000000000e+03	 -1.2185969311164598e+02	  -9.3340755751141188e+01	
  4.2300000000000000e+03	 -9.9437413501370088e+01	  -1.1287126470269291e+02	
  4.2600000000000000e+03	 -7.4967957859491719e+01	  -1.3842851280199713e+02	
  4.2900000000000000e+03	 -4.6829903616867682e+01	  -1.6704397485695321e+02	
  4.3200000000000000e+03	 -2.1173789514406138e+01	  -1.9885637703035934e+02	
  4.3500000000000000e+03	 -9.8207292772176533e+00	  -2.1905714448979114e+02	
  4.3800000000000000e+03	 -1.3289340166403072e+00	  -2.3755700798566556e+02	
  4.4100000000000000e+03	 1.7662980556976077e+01	  -2.5745817071261376e+02	
  4.4400000000000000e+03	 4.5796296579814395e+01	  -2.8799292717791957e+02	
  4.4700000000000000e+03	 7.0838872826833125e+01	  -3.1351250178148700e+02	
  4.5000000000000000e+03	 9.4936289595918311e+01	  -3.4646447618870235e+02	
  4.5300000000000000e+03	 7.5348387768471341e+01	  -3.0737565741238808e+02	
  4.5600000000000000e+03	 5.9322692039049265e+01	  -2.8292409414943080e+02	
  4.5900000000000000e+03	 5.0068486209632084e+01	  -2.6506047895859365e+02	
  4.6200000000000000e+03	 2.7421678189432331e+01	  -2.2043573261423921e+02	
  4.6500000000000000e+03	 8.4124041186112279e+00	  -1.8895457910242956e+02	
  4.6800000000000000e+03	 2.5246788941037845e+00	  -1.6484189228491442e+02	
  4.7100000000000000e+03	 -6.4405751445684789e+00	  -1.3221911206592324e+02	
  4.7400000000000000e+03	 -2.1497522088788518e+01	  -1.0356633176426890e+02	
  4.7700000000000000e+03	 -2.9709323484335421e+01	  -8.7838031443141332e+01	
  4.8000000000000000e+03	 -4.5139753942895119e+01	  -5.1381936308628703e+01	
  4.8300000000000000e+03	 -5.2761031972797738e+01	  -2.3875337089562400e+01	
  4.8600000000000000e+03	 -7.6639185978705754e+01	  1.9004962457269627e+01	
  4.8900000000000000e+03	 -8.9985568540038031e+01	  5.2298528738408315e+01	
  4.9200000000000000e+03	 -1.0475010214921690e+02	  8.9402377623367755e+01	
  4.9500000000000000e+03	 -1.1127130976067009e+02	  1.1737907334546890e+02	
  4.9800000000000000e+03	 -1.2674174237298143e+02	  1.4820797952748580e+02	
  5.0100000000000000e+03	 -1.4032006683163618e+02	  1.7970237438970736e+02	
  5.0400000000000000e+03	 -1.5498128665626399e+02	  2.0910310038752073e+02	
  5.0700000000000000e+03	 -1.6824315715161120e+02	  2.4121374433514706e+02	
  5.1000000000000000e+03	 -1.8005808305734513e+02	  2.6710427023398836e+02	
  5.1300000000000000e+03	 -1.9363359869245863e+02	  3.0625837542406560e+02	
  5.1600000000000000e+03	 -2.0398107602873441e+02	  3.2038629077249163e+02	
  5.1900000000000000e+03	 -2.0323676846463417e+02	  3.2142599809351026e+02	
  5.2200000000000000e+03	 -2.0389167383988206e+02	  3.2130224968584866e+02	
  5.2500000000000000e+03	 -2.0224440554378074e+02	  3.2134427687193551e+02	
  5.2800000000000000e+03	 -2.0331220312818380e+02	  3.2158163515642775e+02	
  5.3100000000000000e+03	 -2.0253503459468379e+02	  3.2257282185280229e+02	
  5.3400000000000000e+03	 -1.8840931227665567e+02	  3.3862220926060161e+02	
  5.3700000000000000e+03	 -1.6627793928698270e+02	  3.6993825424850104e+02	
  5.4000000000000000e+03	 -1.4725033711119366e+02	  3.9270296050317882e+02	
  5.4300000000000000e+03	 -1.3796514747716495e+02	  4.1144990153659501e+02	
  5.4600000000000000e+03	 -1.1021461154253201e+02	  4.5151367291056323e+02	
  5.4900000000000000e+03	 -9.4953073993698212e+01	  4.8437792468044847e+02	
  5.5200000000000000e+03	 -7.0443489968674754e+01	  5.1812960119906904e+02	
  5.5500000000000000e+03	 -5.2469563390237063e+01	  5.4088559465280730e+02	
  5.5800000000000000e+03	 -2.9011434604498827e+01	  5.7806558249305624e+02	
  5.6100000000000000e+03	 -1.8336078199636901e+01	  5.9228311561168039e+02	
  5.6400000000000000e+03	 2.7885970608954658e+00	  6.2135404098583911e+02	
  5.6700000000000000e+03	 -2.2004651184311221e+01	  6.0314477439119980e+02	
  5.7000000000000000e+03	 -4.5810063615804218e+01	  5.7466668888752690e+02	
  5.7300000000000000e+03	 -6.8612712315473260e+01	  5.4594678178945230e+02	
  5.7600000000000000e+03	 -9.4853889434636287e+01	  5.2197238865038321e+02	
  5.7900000000000000e+03	 -1.2589106469595551e+02	  4.8554069962848598e+02	
  5.8200000000000000e+03	 -1.4398245225700296e+02	  4.7182060561210272e+02	
  5.8500000000000000e+03	 -1.6771053792705317e+02	  4.4895580882078787e+02	
  5.8800000000000000e+03	 -1.8478966379985872e+02	  4.2359270627810423e+02	
  5.9100000000000000e+03	 -2.1624682082817370e+02	  3.8867860270926241e+02	
  5.9400000000000000e+03	 -2.4709052923984291e+02	  3.5311988828760775e+02	
  5.9700000000000000e+03	 -2.6400439712423008e+02	  3.3133492045027594e+02	
  6.0000000000000000e+03	 -2.8188770962370842e+02	  3.1326763056526920e+02	
  6.0300000000000000e+03	 -3.1211739250838957e+02	  2.8447632305671522e+02	
  6.0600000000000000e+03	 -3.3026782382556468e+02	  2.6858683502731316e+02	
  6.0900000000000000e+03	 -3.5570907498749148e+02	  2.3998534740068791e+02	
  6.1200000000000000e+03	 -3.8810043472695787e+02	  2.0626851284984195e+02	
  6.1500000000000000e+03	 -4.0940823434450169e+02	  1.8320021716427141e+02	
  6.1800000000000000e+03	 -4.4367903375889654e+02	  1.5090516759629426e+02	
  6.2100000000000000e+03	 -4.7350505154438679e+02	  1.2341890426549683e+02	
  6.2400000000000000e+03	 -5.0913081877154519e+02	  9.0616229222591073e+01	
  6.2700000000000000e+03	 -5.2593125536874709e+02	  7.1944796778370659e+01	
  6.3000000000000000e+03	 -5.3811526562668701e+02	  5.5101244910874335e+01	
  6.3300000000000000e+03	 -5.6784200825524192e+02	  2.2195660517292765e+01	
  6.3600000000000000e+03	 -5.8915494489161063e+02	  4.0837853476804362e+00	
  6.3900000000000000e+03	 -6.1668332862449870e+02	  -2.3066203210151500e+01	
  6.4200000000000000e+03	 -6.4425124551258523e+02	  -5.4167682633605239e+01	
  6.4500000000000000e+03	 -6.7088313577309248e+02	  -8.2768154622429179e+01	
  6.4800000000000000e+03	 -6.8760888730927570e+02	  -1.0594547126238866e+02	
  6.5100000000000000e+03	 -6.4159202863259679e+02	  -8.7963983417854550e+01	
  6.5400000000000000e+03	 -6.0313499773070282e+02	  -7.8143593763170088e+01	
  6.5700000000000000e+03	 -5.6126254085086009e+02	  -5.9734227207269193e+01	
  6.6000000000000000e+03	 -5.1471279095483305e+02	  -4.1512734370780542e+01	
  6.6300000000000000e+03	 -4.9214459847193706e+02	  -2.9829960819480295e+01	
  6.6600000000000000e+03	 -4.4877484273924750e+02	  -1.5742971709837098e+01	
  6.6900000000000000e+03	 -4.0960052195944695e+02	  -3.7009619144349557e+00	
  6.7200000000000000e+03	 -3.7026416913522348e+02	  1.0474369545861112e+01	
  6.7500000000000000e+03	 -3.2237282653072600e+02	  2.7969679210070211e+01	
  6.7800000000000000e+03	 -2.9273635120243523e+02	  4.1052935020758696e+01	
  6.8100000000000000e+03	 -2.5464960583177850e+02	  5.7798729122324367e+01	
  6.8400000000000000e+03	 -2.1477726373326828e+02	  7.2087084792658857e+01	
  6.8700000000000000e+03	 -1.7709300745698309e+02	  8.8574420717107785e+01	
  6.9000000000000000e+03	 -1.5414358155548047e+02	  1.0210192273025771e+02	
  6.9300000000000000e+03	 -1.2218610789730442e+02	  1.1274486503522179e+02	
  6.9600000000000000e+03	 -7.9671780772422210e+01	  1.2718970560471776e+02	
  6.9900000000000000e+03	 -3.6470286249990217e+01	  1.4068077960686361e+02	
  7.0200000000000000e+03	 1.0569264031126899e+01	  1.5363552891518668e+02	
  7.0500000000000000e+03	 3.3878030061619540e+01	  1.6194626287041018e+02	
  7.0800000000000000e+03	 7.1412449093957292e+01	  1.7576697258184964e+02	
  7.1100000000000000e+03	 9.5043429963190277e+01	  1.7950594134019966e+02	
  7.1400000000000000e+03	 1.2598506916115777e+02	  1.8781501417488329e+02	
  7.1700000000000000e+03	 1.6245203705071046e+02	  2.0047546950901258e+02	
  7.2000000000000000e+03	 1.8785494885858321e+02	  2.1021077825836252e+02	
  7.2300000000000000e+03	 2.3835705199522960e+02	  2.2517914751630809e+02	
  7.2600000000000000e+03	 2.5344295197789236e+02	  2.3196749204431737e+02	
  7.2900000000000000e+03	 2.8015126823914767e+02	  2.4442231447740323e+02	
  7.3200000000000000e+03	 2.9928434970433176e+02	  2.5254751999650512e+02	
  7.3500000000000000e+03	 2.9994324416643229e+02	  2.5056857291576958e+02	
  7.3800000000000000e+03	 3.0122265391983831e+02	  2.5025972786582781e+02	
  7.4100000000000000e+03	 3.1205631905435757e+02	  2.0682502941635846e+02	
  7.4400000000000000e+03	 3.1984062418981813e+02	  1.6499770494878595e+02	
  7.4700000000000000e+03	 3.2472750751004457e+02	  1.4238552289756839e+02	
  7.5000000000000000e+03	 3.2856872855400695e+02	  1.2191210484319896e+02	
  7.5300000000000000e+03	 3.3172270699542349e+02	  8.8151975484337484e+01	
  7.5600000000000000e+03	 3.4169679192335849e+02	  6.4659101935499933e+01	
  7.5900000000000000e+03	 3.5070402407986887e+02	  3.9987233953072021e+01	
  7.6200000000000000e+03	 3.5528613579484391e+02	  -4.4708217925626101e+00	
  7.6500000000000000e+03	 3.6204405145223012e+02	  -5.0829010969938572e+01	
  7.6800000000000000e+03	 3.6409262878499288e+02	  -7.8346418797094671e+01	
  7.7100000000000000e+03	 3.7175436649442508e+02	  -1.1920974949405047e+02	
  7.7400000000000000e+03	 3.8310059556181869e+02	  -1.5771241087351601e+02	
  7.7700000000000000e+03	 3.9618963141936553e+02	  -2.0711694175602025e+02	
  7.8000000000000000e+03	 4.0754332836714741e+02	  -2.4649493785610392e+02	
  7.8300000000000000e+03	 4.1116619779709379e+02	  -2.7032020966768511e+02	
  7.8600000000000000e+03	 4.1488822872759062e+02	  -2.9557407501747247e+02	
  7.8900000000000000e+03	 4.1965565829312658e+02	  -3.2397573301493037e+02	
  7.9200000000000000e+03	 4.2602050099254762e+02	  -3.6358171739062760e+02	
  7.9500000000000000e+03	 4.2783157830771017e+02	  -3.8945315906788846e+02	
  7.9800000000000000e+03	 4.3884318838353300e+02	  -4.2027860080251673e+02	
  8.0100000000000000e+03	 4.4454137352405081e+02	  -4.6377040289250806e+02	
  8.0400000000000000e+03	 4.4856695380255564e+02	  -4.7582532769542263e+02	
  8.0700000000000000e+03	 4.5048438801312716e+02	  -4.7454919470827116e+02	
  8.1000000000000000e+03	 4.5122085914466840e+02	  -4.7271904702722401e+02	
  8.1300000000000000e+03	 4.4367386458880259e+02	  -4.2669790242399927e+02	
  8.1600000000000000e+03	 4.3879831930624891e+02	  -3.8219528116962323e+02	
  8.1900000000000000e+03	 4.3615561082299342e+02	  -3.3995015419521360e+02	
  8.2200000000000000e+03	 4.3390976457747263e+02	  -3.0413960503634178e+02	
  8.2500000000000000e+03	 4.3212250497945007e+02	  -2.8288751159198034e+02	
  8.2800000000000000e+03	 4.2245698619710964e+02	  -2.4322906652847036e+02	
  8.3100000000000000e+03	 4.1958169584325367e+02	  -2.0879494389172825e+02	
  8.3400000000000000e+03	 4.1149588681107525e+02	  -1.7523151405869439e+02	
  8.3700000000000000e+03	 4.0730112887057271e+02	  -1.4734762171385526e+02	
  8.4000000000000000e+03	 4.0580754147411852e+02	  -1.1715995048249241e+02	
  8.4300000000000000e+03	 3.9388841848218755e+02	  -8.5232067355716453e+01	
  8.4600000000000000e+03	 3.8582591438907224e+02	  -4.3936060155731788e+01	
  8.4900000000000000e+03	 3.6957096606248257e+02	  -8.1863387120732511e-01	
  8.5200000000000000e+03	 3.6048693088661048e+02	  2.4881454212972741e+01	
  8.5500000000000000e+03	 3.5372273584315099e+02	  4.0979645078874348e+01	
  8.5800000000000000e+03	 3.4033322641232053e+02	  8.1267203659109612e+01	
  8.6100000000000000e+03	 3.3048445681704555e+02	  1.1272189773815080e+02	
  8.6400000000000000e+03	 3.2457321196587691e+02	  1.3625144247915179e+02	
  8.6700000000000000e+03	 3.2149786337172975e+02	  1.5964323772139815e+02	
  8.7000000000000000e+03	 3.1766191402273500e+02	  1.7702950034514930e+02	
  8.7300000000000000e+03	 3.0732474094493512e+02	  2.2000850513740554e+02	
  8.7600000000000000e+03	 2.9080936663989240e+02	  2.7004388319534877e+02	
  8.7900000000000000e+03	 2.8052262933319776e+02	  2.9813341935273866e+02	
  8.8200000000000000e+03	 2.6287928288206086e+02	  3.4333984762744791e+02	
  8.8500000000000000e+03	 2.5445912815228604e+02	  3.7218505792562121e+02	
  8.8800000000000000e+03	 2.4437823921039009e+02	  4.1613832406490081e+02	
  8.9100000000000000e+03	 2.3488505041332920e+02	  4.4236884232780847e+02	
  8.9400000000000000e+03	 2.2444389675667981e+02	  4.6851805842861376e+02	
  8.9700000000000000e+03	 2.2215889899735450e+02	  4.8076387816530161e+02	
  9.0000000000000000e+03	 2.2239140008427964e+02	  4.8059695527997997e+02	
  9.0300000000000000e+03	 2.2420692137335612e+02	  4.8238535573952907e+02	
  9.0600000000000000e+03	 2.2220758244175494e+02	  4.8271448665542732e+02	
  9.0900000000000000e+03	 2.2392982357417262e+02	  4.8345879087545751e+02	
  9.1200000000000000e+03	 2.2202507502346100e+02	  4.8382588653456253e+02	
  9.1500000000000000e+03	 2.2230069596134092e+02	  4.8330081533305827e+02	
  9.1800000000000000e+03	 2.2295381365880621e+02	  4.8394023326662432e+02	
  9.2100000000000000e+03	 1.8503386137937844e+02	  4.8004393990240396e+02	
  9.2400000000000000e+03	 1.4521023101338133e+02	  4.6737046611428644e+02	
  9.2700000000000000e+03	 1.2069180332774833e+02	  4.6122207698417958e+02	
  9.3000000000000000e+03	 7.1160254750269786e+01	  4.4564415155736276e+02	
  9.3300000000000000e+03	 4.8257629101749401e+01	  4.3658323012726567e+02	
  9.3600000000000000e+03	 2.3966328952163547e+01	  4.3501220837391350e+02	
  9.3900000000000000e+03	 -5.9750811517748552e+00	  4.3159599664166626e+02	
  9.4200000000000000e+03	 -3.2390356199056598e+01	  4.2337267837069493e+02	
  9.4500000000000000e+03	 -6.0382947825972124e+01	  4.1885980722190800e+02	
  9.4800000000000000e+03	 -9.6584045582789713e+01	  4.1363478975836068e+02	
  9.5100000000000000e+03	 -1.1692683198274374e+02	  4.0767978217281194e+02	
  9.5400000000000000e+03	 -1.3916009438026450e+02	  4.0277087937511243e+02	
  9.5700000000000000e+03	 -1.6995247684767662e+02	  3.9949138740968817e+02	
  9.6000000000000000e+03	 -2.1082165254814123e+02	  3.9283677999504852e+02	
  9.6300000000000000e+03	 -2.3500208696719059e+02	  3.9031472444638979e+02	
  9.6600000000000000e+03	 -2.6702422573913560e+02	  3.8415092016960790e+02	
  9.6900000000000000e+03	 -2.9248554087062445e+02	  3.7803950216826502e+02	
  9.7200000000000000e+03	 -3.1124270765761293e+02	  3.7004348531132365e+02	
  9.7500000000000000e+03	 -3.2988323803049684e+02	  3.6402311149855734e+02	
  9.7800000000000000e+03	 -3.7235980432840535e+02	  3.4816247072909243e+02	
  9.8100000000000000e+03	 -4.1637802299255338e+02	  3.4020715437619981e+02	
  9.8400000000000000e+03	 -4.4071423288896131e+02	  3.3305282549530222e+02	
  9.8700000000000000e+03	 -4.9215078378816787e+02	  3.2406115188724618e+02	
  9.9000000000000000e+03	 -5.1775274216755327e+02	  3.1455677975215951e+02	
  9.9300000000000000e+03	 -5.5736017058278912e+02	  3.1041296345279591e+02	
  9.9600000000000000e+03	 -5.9987248801962949e+02	  3.0290025653555136e+02	
  9.9900000000000000e+03	 -6.4036280535424612e+02	  2.9399532881119848e+02	
  1.0020000000000000e+04	 -6.7261563854533756e+02	  2.8043065383071911e+02	
  1.0050000000000000e+04	 -6.6765389955898820e+02	  2.4862338663930691e+02	
  1.0080000000000000e+04	 -6.6067586957012179e+02	  2.0394507259450498e+02	
  1.0110000000000000e+04	 -6.5597470353974552e+02	  1.7610736061391327e+02	
  1.0140000000000000e+04	 -6.4208552871031657e+02	  1.3674762971368577e+02	
  1.0170000000000000e+04	 -6.3088722583810988e+02	  1.0620806391126690e+02	
  1.0200000000000000e+04	 -6.2858779669380033e+02	  8.1491871551987103e+01	
  1.0230000000000000e+04	 -6.1692110105601284e+02	  4.7383301478043393e+01	
  1.0260000000000000e+04	 -6.0360914889686887e+02	  2.9999011730054050e+00	
  1.0290000000000000e+04	 -5.9957409085863958e+02	  -3.4554472913685970e+01	
  1.0320000000000000e+04	 -5.8863893453246681e+02	  -8.2676222374271930e+01	
  1.0350000000000000e+04	 -5.8580234556373944e+02	  -1.0795790097087223e+02	
  1.0380000000000000e+04	 -5.6721125470242271e+02	  -8.2927525189735235e+01	
  1.0410000000000000e+04	 -5.4120583174846854e+02	  -5.7418292006142948e+01	
  1.0440000000000000e+04	 -5.2373073365163850e+02	  -3.4418314330534912e+01	
  1.0470000000000000e+04	 -4.9387380215651467e+02	  -3.2381304301761844e+00	
  1.0500000000000000e+04	 -4.6518897286429018e+02	  3.6960638630900483e+01	
  1.0530000000000000e+04	 -4.5217339803921107e+02	  5.5432579950760477e+01	
  1.0560000000000000e+04	 -4.3878083165487925e+02	  7.4252937441351818e+01	
  1.0590000000000000e+04	 -4.1537031466988418e+02	  9.2760463897834029e+01	
  1.0620000000000000e+04	 -3.8346185631500316e+02	  1.2722351490902884e+02	
  1.0650000000000000e+04	 -3.6751824895271318e+02	  1.4247423968758602e+02	
  1.0680000000000000e+04	 -3.3499584333431267e+02	  1.7531619392778765e+02	
  1.0710000000000000e+04	 -3.3051957336091863e+02	  1.3106025306803920e+02	
  1.0740000000000000e+04	 -3.2473381656565988e+02	  1.0354724387614668e+02	
  1.0770000000000000e+04	 -3.1405718839311788e+02	  6.2446505215995352e+01	
  1.0800000000000000e+04	 -3.1117855912060674e+02	  4.3256811454944192e+01	
  1.0830000000000000e+04	 -3.0185250274003806e+02	  1.7836415862823255e+01	
  1.0860000000000000e+04	 -2.9294041262963441e+02	  -2.1266570227973563e+01	
  1.0890000000000000e+04	 -2.8223692224330557e+02	  -5.1696161474777810e+01	
  1.0920000000000000e+04	 -2.7570341942651220e+02	  -8.9215434045802908e+01	
  1.0950000000000000e+04	 -2.6749436327219178e+02	  -1.2037743267452528e+02	
  1.0980000000000000e+04	 -2.5915854780152927e+02	  -1.6263104988202016e+02	
  1.1010000000000000e+04	 -2.5242775283868266e+02	  -2.0313479880492582e+02	
  1.1040000000000000e+04	 -2.4556635760733491e+02	  -2.4686441252741054e+02	
  1.1070000000000000e+04	 -2.4255911664188059e+02	  -2.7167052098958999e+02	
  1.1100000000000000e+04	 -2.3593732252711624e+02	  -3.0313609146989529e+02	
  1.1130000000000000e+04	 -2.2625633060222350e+02	  -3.3975370808957223e+02	
  1.1160000000000000e+04	 -2.1747354030176785e+02	  -3.5720308974993571e+02	
  1.1190000000000000e+04	 -2.0742067466583924e+02	  -3.8682678804555638e+02	
  1.1220000000000000e+04	 -1.9854019856453988e+02	  -4.2292499269926896e+02	
  1.1250000000000000e+04	 -1.9116483385349864e+02	  -4.6081656060795444e+02	
  1.1280000000000000e+04	 -2.1986730034457872e+02	  -4.2338759174576444e+02	
  1.1310000000000000e+04	 -2.5096823527339203e+02	  -3.8413412493368480e+02	
  1.1340000000000000e+04	 -2.7684065062448531e+02	  -3.4059851536573075e+02	
  1.1370000000000000e+04	 -2.8821094854038796e+02	  -3.2319939487237264e+02	
  1.1400000000000000e+04	 -2.9887933630250444e+02	  -3.0468625417365456e+02	
  1.1430000000000000e+04	 -3.2367281379665440e+02	  -2.6607701204214572e+02	
  1.1460000000000000e+04	 -3.3469558569857429e+02	  -2.4308699185785918e+02	
  1.1490000000000000e+04	 -3.5977885488572997e+02	  -2.0197671554737164e+02	
  1.1520000000000000e+04	 -3.7557644769115416e+02	  -1.7675658484401578e+02	
  1.1550000000000000e+04	 -3.9610097085574665e+02	  -1.5391145040172597e+02	
  1.1580000000000000e+04	 -4.1147716083428821e+02	  -1.3321730462277958e+02	
  1.1610000000000000e+04	 -4.3452187457695385e+02	  -1.0377740237381441e+02	
  1.1640000000000000e+04	 -4.4785722430382424e+02	  -8.7949071646114774e+01	
  1.1670000000000000e+04	 -4.6157912316202658e+02	  -6.0953003901287858e+01	
  1.1700000000000000e+04	 -4.7537559282292079e+02	  -3.4092061094211495e+01	
  1.1730000000000000e+04	 -4.8847661253231189e+02	  -1.8485468342640548e+01	
  1.1760000000000000e+04	 -5.0812337375352388e+02	  1.3402657218152711e+01	
  1.1790000000000000e+04	 -5.2571502949577314e+02	  3.4244351227147206e+01	
  1.1820000000000000e+04	 -5.4111562517419998e+02	  5.2175547214462178e+01	
  1.1850000000000000e+04	 -5.6134631955525595e+02	  8.3710586371024419e+01	
  1.1880000000000000e+04	 -5.9013921407275507e+02	  1.2207524017090466e+02	
  1.1910000000000000e+04	 -6.0670994495387038e+02	  1.5028142497878633e+02	
  1.1940000000000000e+04	 -6.3108592607535661e+02	  1.8354071493548986e+02	
  1.1970000000000000e+04	 -6.4873748160342757e+02	  2.0425258631913545e+02	
  1.2000000000000000e+04	 -6.6303414163409070e+02	  2.2903480668435665e+02	
  1.2030000000000000e+04	 -6.9277200660059964e+02	  2.6952053077367947e+02	
  1.2060000000000000e+04	 -7.0826150609922661e+02	  2.8592730029711464e+02	
  1.2090000000000000e+04	 -7.2931224622853301e+02	  3.0941590053494025e+02	
  1.2120000000000000e+04	 -7.5304102918519288e+02	  3.4290677992995620e+02	
  1.2150000000000000e+04	 -7.7863358044583322e+02	  3.8797123059067883e+02	
  1.2180000000000000e+04	 -7.3785883200795070e+02	  3.7845275062451748e+02	
  1.2210000000000000e+04	 -6.9625961675807378e+02	  3.7083834012695712e+02	
  1.2240000000000000e+04	 -6.5640608699412826e+02	  3.6012758306118366e+02	
  1.2270000000000000e+04	 -6.2393006819253685e+02	  3.5594527652193477e+02	
  1.2300000000000000e+04	 -5.8957943052563519e+02	  3.4473230693848632e+02	
  1.2330000000000000e+04	 -5.6112653709113044e+02	  3.3763063342265076e+02	
  1.2360000000000000e+04	 -5.1660366226218719e+02	  3.2715556258018307e+02	
  1.2390000000000000e+04	 -4.6636295163411211e+02	  3.1512729348425614e+02	
  1.2420000000000000e+04	 -4.2885808824903245e+02	  3.1073341859820437e+02	
  1.2450000000000000e+04	 -4.0227226021864391e+02	  3.0847371096079098e+02	
  1.2480000000000000e+04	 -3.7455721429599441e+02	  3.0365069718833240e+02	
  1.2510000000000000e+04	 -3.5240694123296009e+02	  3.0386106672256108e+02	
  1.2540000000000000e+04	 -3.3155139367972060e+02	  2.9732747092109003e+02	
  1.2570000000000000e+04	 -3.1239637075409445e+02	  2.8897195838163299e+02	
  1.2600000000000000e+04	 -2.6125939825264675e+02	  2.8629795013736219e+02	
  1.2630000000000000e+04	 -2.2165404709981453e+02	  2.7818261298297995e+02	
  1.2660000000000000e+04	 -2.0177938412671006e+02	  2.7354602773552227e+02	
  1.2690000000000000e+04	 -1.7630102037009306e+02	  2.7161884589485044e+02	
  1.2720000000000000e+04	 -1.4476558921482982e+02	  2.6593085213905789e+02	
  1.2750000000000000e+04	 -1.1535694400684763e+02	  2.5839318763221445e+02	
  1.2780000000000000e+04	 -8.5521623377457900e+01	  2.5179971794651112e+02	
  1.2810000000000000e+04	 -6.3574249280729994e+01	  2.4362078423166173e+02	
  1.2840000000000000e+04	 -3.8298038837135422e+01	  2.4202899659529709e+02	
  1.2870000000000000e+04	 1.6442716663671888e+00	  2.3818641526179312e+02	
  1.2900000000000000e+04	 2.7187168507591011e+01	  2.3550094651322794e+02	
  1.2930000000000000e+04	 5.5986311815812499e+01	  2.3265695340197485e+02	
  1.2960000000000000e+04	 9.5040223773094709e+01	  2.2419614693134625e+02	
  1.2990000000000000e+04	 1.3971370537179493e+02	  2.1664037273463126e+02	
  1.3020000000000000e+04	 1.8271228388063372e+02	  2.0773064403735472e+02	
  1.3050000000000000e+04	 2.2798637446487325e+02	  1.9779711996996522e+02	
  1.3080000000000000e+04	 2.4875626029745928e+02	  1.9659664115890772e+02	
  1.3110000000000000e+04	 2.7900239757375647e+02	  1.9193036845680194e+02	
  1.3140000000000000e+04	 2.5548560039590063e+02	  1.9579618095639671e+02	
  1.3170000000000000e+04	 2.3674903393210295e+02	  1.9670511186689893e+02	
  1.3200000000000000e+04	 2.1282255211878010e+02	  2.0428644382801457e+02	
  1.3230000000000000e+04	 1.6638832377457834e+02	  2.1430483799186538e+02	
  1.3260000000000000e+04	 1.2978275880248123e+02	  2.2281473168422761e+02	
  1.3290000000000000e+04	 8.4207864617111383e+01	  2.2570112210021725e+02	
  1.3320000000000000e+04	 3.9413327841863023e+01	  2.3504028545369823e+02	
  1.3350000000000000e+04	 1.2432844354803255e+01	  2.3818925645794417e+02	
  1.3380000000000000e+04	 -2.9905406795771068e+01	  2.4971414102174816e+02	
  1.3410000000000000e+04	 -6.2953982239922567e+01	  2.5834982591580024e+02	
  1.3440000000000000e+04	 -1.0749945325484551e+02	  2.6504054306071947e+02	
  1.3470000000000000e+04	 -1.3388415764893807e+02	  2.7262151249301559e+02	
  1.3500000000000000e+04	 -1.6622009016048412e+02	  2.7707683461010168e+02	
  1.3530000000000000e+04	 -1.9368565224450967e+02	  2.7604755289804098e+02	
  1.3560000000000000e+04	 -2.1874272576028406e+02	  2.7861916363147742e+02	
  1.3590000000000000e+04	 -2.2021608739719659e+02	  2.7836023304171312e+02	
  1.3620000000000000e+04	 -2.1977933554136135e+02	  2.7773204348841296e+02	
  1.3650000000000000e+04	 -2.1961323908078873e+02	  2.7710368990834917e+02	
  1.3680000000000000e+04	 -2.2084629730980413e+02	  2.7889440452343047e+02	
  1.3710000000000000e+04	 -2.1027253222771697e+02	  3.2828167312050647e+02	
  1.3740000000000000e+04	 -2.0420973351799503e+02	  3.6176400392055933e+02	
  1.3770000000000000e+04	 -1.9970469034818248e+02	  3.9329311407879135e+02	
  1.3800000000000000e+04	 -1.9662681309087409e+02	  4.2415775033451871e+02	
  1.3830000000000000e+04	 -1.8991305618281194e+02	  4.6033353764406479e+02	
  1.3860000000000000e+04	 -1.8897113886819858e+02	  4.6103514148798257e+02	
  1.3890000000000000e+04	 -1.9023821229649496e+02	  4.6142136692494103e+02	
  1.3920000000000000e+04	 -1.8879017228450817e+02	  4.6073422565830163e+02	
  1.3950000000000000e+04	 -1.8821045623231137e+02	  4.6088005255774311e+02	
  1.3980000000000000e+04	 -1.7328403013536615e+02	  4.1935239583204338e+02	
  1.4010000000000000e+04	 -1.6155272577681444e+02	  3.9154751319722720e+02	
  1.4040000000000000e+04	 -1.5645031555949632e+02	  3.7212985741975479e+02	
  1.4070000000000000e+04	 -1.5152343179421388e+02	  3.5489730409743038e+02	
  1.4100000000000000e+04	 -1.3854873746466609e+02	  3.2051293756286316e+02	
  1.4130000000000000e+04	 -1.2514918596710916e+02	  2.8296753890813079e+02	
  1.4160000000000000e+04	 -1.1347580239352865e+02	  2.4978529625095922e+02	
  1.4190000000000000e+04	 -1.0139431150962315e+02	  2.1191898321171581e+02	
  1.4220000000000000e+04	 -8.2700006943543002e+01	  1.7018995732898270e+02	
  1.4250000000000000e+04	 -6.7987681307331684e+01	  1.2957519746896116e+02	
  1.4280000000000000e+04	 -4.9158522565370703e+01	  9.6500078770298444e+01	
  1.4310000000000000e+04	 -3.2377545069519300e+01	  5.9695320854458934e+01	
  1.4340000000000000e+04	 -1.9274567454110223e+01	  2.6992953472323634e+01	
  1.4370000000000000e+04	 -1.5293671105238609e+00	  -7.8601036959189088e+00	
  1.4400000000000000e+04	 1.3275951744378739e+01	  -5.2966110249559591e+01	
  1.4430000000000000e+04	 2.3205271140076700e+01	  -8.0208791575072325e+01	
  1.4460000000000000e+04	 4.2122229008982941e+01	  -1.2032661131710671e+02	
  1.4490000000000000e+04	 6.1239283869344646e+01	  -1.5716911108495921e+02	
  1.4520000000000000e+04	 9.2907513029184713e+01	  -1.3112622258829418e+02	
  1.4550000000000000e+04	 1.2172956638088428e+02	  -1.0576899627362474e+02	
  1.4580000000000000e+04	 1.5105315474823203e+02	  -8.2976574141595933e+01	
  1.4610000000000000e+04	 1.7324232326660541e+02	  -6.3843347538760511e+01	
  1.4640000000000000e+04	 1.9008533779561037e+02	  -4.9201889146501912e+01	
  1.4670000000000000e+04	 2.2151931939756889e+02	  -2.3243722422459001e+01	
  1.4700000000000000e+04	 2.5005588079767932e+02	  2.7647558603446178e+00	
  1.4730000000000000e+04	 2.7394284049064538e+02	  2.0187699825607982e+01	
  1.4760000000000000e+04	 3.0828981664286169e+02	  4.6670304360721261e+01	
  1.4790000000000000e+04	 3.2293251600452970e+02	  5.8223812728498544e+01	
  1.4820000000000000e+04	 3.3841196913174002e+02	  7.1295638608756192e+01	
  1.4850000000000000e+04	 3.6856690617606898e+02	  1.0177483069586580e+02	
  1.4880000000000000e+04	 3.9639143612987891e+02	  1.2481365654278549e+02	
  1.4910000000000000e+04	 4.2555846387600377e+02	  1.4952398354575368e+02	
  1.4940000000000000e+04	 4.3400597577382985e+02	  1.5617275238249005e+02	
  1.4970000000000000e+04	 4.3272194504232561e+02	  1.5601652313655413e+02	
  1.5000000000000000e+04	 4.3345984442343547e+02	  1.5581732043360580e+02	
  1.5030000000000000e+04	 4.2781956534404799e+02	  1.2365030004883296e+02	
  1.5060000000000000e+04	 4.2216051288220984e+02	  9.1632651335036854e+01	
  1.5090000000000000e+04	 4.2043173981095191e+02	  6.0189638762315333e+01	
  1.5120000000000000e+04	 4.1671485999899267e+02	  2.4574422348252405e+01	
  1.5150000000000000e+04	 4.0567887488452783e+02	  1.1049893301461431e+00	
  1.5180000000000000e+04	 3.9482146437344818e+02	  -3.5049454160698289e+01	
  1.5210000000000000e+04	 3.9014828075572598e+02	  -7.1871114022282484e+01	
  1.5240000000000000e+04	 3.8710867979972119e+02	  -9.6040947643571201e+01	
  1.5270000000000000e+04	 3.8778030446567868e+02	  -9.4871691414630320e+01	
  1.5300000000000000e+04	 3.8686497185697260e+02	  -9.3209990681975981e+01	
  1.5330000000000000e+04	 3.8494845104127029e+02	  -9.2572262766778195e+01	
  1.5360000000000000e+04	 3.8513465544245582e+02	  -9.3207382212685971e+01	
  1.5390000000000000e+04	 3.8632894413747641e+02	  -9.4116019317854764e+01	
  1.5420000000000000e+04	 3.4799570553647965e+02	  -8.1911501574993594e+01	
  1.5450000000000000e+04	 3.0833144791847366e+02	  -6.6516344045836604e+01	
  1.5480000000000000e+04	 2.7189711234488107e+02	  -5.3616878657476505e+01	
  1.5510000000000000e+04	 2.4131055291662463e+02	  -4.8211773774023285e+01	
  1.5540000000000000e+04	 2.0643353618676366e+02	  -3.6060448754756251e+01	
  1.5570000000000000e+04	 1.6790426026519503e+02	  -2.3031251593963695e+01	
  1.5600000000000000e+04	 1.3119032964537476e+02	  -1.4887351489993698e+01	
  1.5630000000000000e+04	 1.1176521441008666e+02	  -1.3366812452826096e+01	
  1.5660000000000000e+04	 7.0994514200723060e+01	  -3.1403201665998207e+01	
  1.5690000000000000e+04	 3.5489095775925406e+01	  -4.9519787753476479e+01	
  1.5720000000000000e+04	 2.1781665419228560e+00	  -6.0436114618317092e+01	
  1.5750000000000000e+04	 -2.2045955706617221e+01	  -6.6095136173571831e+01	
  1.5780000000000000e+04	 -6.7172559974584033e+01	  -8.0710734406446662e+01	
  1.5810000000000000e+04	 -9.9063444906777619e+01	  -9.2743177204750765e+01	
  1.5840000000000000e+04	 -1.2929688493780000e+02	  -1.0630351695177204e+02	
  1.5870000000000000e+04	 -1.6734992444338201e+02	  -1.2041384345735497e+02	
  1.5900000000000000e+04	 -2.1265605018645576e+02	  -1.3923229046942870e+02	
  1.5930000000000000e+04	 -2.5983520400192231e+02	  -1.5257835452684753e+02	
  1.5960000000000000e+04	 -2.7559287931544554e+02	  -1.5978034929748307e+02	
  1.5990000000000000e+04	 -2.9395425000796251e+02	  -1.6677589498770803e+02	
  1.6020000000000000e+04	 -3.2217928530318920e+02	  -1.8349420278573149e+02	
  1.6050000000000000e+04	 -3.7186374828877399e+02	  -1.9370888088146813e+02	
  1.6080000000000000e+04	 -3.7771776961217142e+02	  -1.9753478533342582e+02	
  1.6110000000000000e+04	 -3.7919742641976131e+02	  -1.9791444472595177e+02	
  1.6140000000000000e+04	 -3.8000942729936389e+02	  -1.9799250875323685e+02	
  1.6170000000000000e+04	 -3.8027376888011850e+02	  -1.9846088380626722e+02	
  1.6200000000000000e+04	 -3.8125191921612446e+02	  -1.9974110125331404e+02	
  1.6230000000000000e+04	 -3.6641872025561349e+02	  -1.7702288706201492e+02	
  1.6260000000000000e+04	 -3.4500130045403705e+02	  -1.4508732668217428e+02	
  1.6290000000000000e+04	 -3.3003590435824628e+02	  -1.2035456103117306e+02	
  1.6320000000000000e+04	 -3.1177294004778196e+02	  -8.6363956683002158e+01	
  1.6350000000000000e+04	 -2.9548580248139911e+02	  -4.5834681033183173e+01	
  1.6380000000000000e+04	 -2.8014964970008288e+02	  -1.2194191183209966e+01	
  1.6410000000000000e+04	 -2.6051207750742850e+02	  3.1497005670781583e+01	
  1.6440000000000000e+04	 -2.5091745850877496e+02	  5.0512642466981930e+01	
  1.6470000000000000e+04	 -2.3893543609910418e+02	  7.5719794756610668e+01	
  1.6500000000000000e+04	 -2.2224580207343550e+02	  1.0342214579865762e+02	
  1.6530000000000000e+04	 -2.0847550481141863e+02	  1.2968427512226683e+02	
  1.6560000000000000e+04	 -1.8483903774945560e+02	  1.7146307869955859e+02	
  1.6590000000000000e+04	 -1.7075690893238493e+02	  2.0996939107964943e+02	
  1.6620000000000000e+04	 -1.4702803131785467e+02	  2.4575027048953731e+02	
  1.6650000000000000e+04	 -1.3481439237493964e+02	  2.6699692951521848e+02	
  1.6680000000000000e+04	 -1.2440044467294349e+02	  2.8591296881522811e+02	
  1.6710000000000000e+04	 -1.1095722987886271e+02	  3.1477825019386523e+02	
  1.6740000000000000e+04	 -9.2017761447055108e+01	  3.4380411750274646e+02	
