  0.0000000000000000e+00	 -4.3853169609920008e+02	  4.1545153635976772e+02	
  3.0000000000000000e+01	 -4.0576047973976864e+02	  3.8927852431220384e+02	
  6.0000000000000000e+01	 -3.7774570877612348e+02	  3.6187211672552138e+02	
  9.0000000000000000e+01	 -3.4249607168046003e+02	  3.3518223846813265e+02	
  1.2000000000000000e+02	 -3.1303207159796830e+02	  3.0095730547619075e+02	
  1.5000000000000000e+02	 -2.8700086896546537e+02	  2.7931261700826843e+02	
  1.8000000000000000e+02	 -2.6344599061916512e+02	  2.5931959966356277e+02	
  2.1000000000000000e+02	 -2.3742327939446321e+02	  2.4049742300643129e+02	
  2.4000000000000000e+02	 -2.1555217895651433e+02	  2.1643004567926820e+02	
  2.7000000000000000e+02	 -1.8001371146602983e+02	  1.8601445994194791e+02	
  3.0000000000000000e+02	 -1.4709808659385158e+02	  1.5547845329201851e+02	
  3.3000000000000000e+02	 -1.1595686123685714e+02	  1.2683365136840067e+02	
  3.6000000000000000e+02	 -8.8637499407909573e+01	  1.0507548007146298e+02	
  3.9000000000000000e+02	 -6.0744737670668272e+01	  8.8525674577268020e+01	
  4.2000000000000000e+02	 -2.5977267497597353e+01	  6.1651839798075343e+01	
  4.5000000000000000e+02	 -2.3901538711597681e+00	  1.8795504397878943e+01	
  4.8000000000000000e+02	 1.6129498522273803e+01	  -1.4847860208869186e+01	
  5.1000000000000000e+02	 3.0216690229627226e+01	  -4.1196561732916216e+01	
  5.4000000000000000e+02	 4.4455582762770732e+01	  -7.8114121963761988e+01	
  5.7000000000000000e+02	 5.3934949026504952e+01	  -1.0466828553943448e+02	
  6.0000000000000000e+02	 6.9920933687959007e+01	  -1.4740709023633678e+02	
  6.3000000000000000e+02	 9.5856811018038954e+01	  -1.3553121237839392e+02	
  6.6000000000000000e+02	 1.2738751807389920e+02	  -1.1816760833658772e+02	
  6.9000000000000000e+02	 1.5950990756234631e+02	  -1.0054549382273370e+02	
  7.2000000000000000e+02	 1.9964333054203956e+02	  -8.4650790281194034e+01	
  7.5000000000000000e+02	 2.2043714981455398e+02	  -7.3514122520844126e+01	
  7.8000000000000000e+02	 2.4723360356233366e+02	  -6.3536540397111516e+01	
  8.1000000000000000e+02	 2.7806342772317788e+02	  -4.7553864793766380e+01	
  8.4000000000000000e+02	 2.9945530264357853e+02	  -3.6101641733660855e+01	
  8.7000000000000000e+02	 3.3192162677054347e+02	  -1.8731794826272193e+01	
  9.0000000000000000e+02	 3.6916808482124827e+02	  1.6258735706065650e+00	
  9.3000000000000000e+02	 4.0348740295452347e+02	  1.3259936386566007e+01	
  9.6000000000000000e+02	 4.4161762196944545e+02	  3.4001322236215820e+01	
  9.9000000000000000e+02	 4.6574866416483627e+02	  4.0783726870171698e+01	
  1.0200000000000000e+03	 5.0570072083805690e+02	  5.1864084533535888e+01	
  1.0500000000000000e+03	 5.5348429186181193e+02	  7.1116905363037461e+01	
  1.0800000000000000e+03	 5.9351052863488371e+02	  9.1198763002626023e+01	
  1.1100000000000000e+03	 6.2308748031227003e+02	  1.0931404148846408e+02	
  1.1400000000000000e+03	 6.3839821876251108e+02	  1.1898481319939773e+02	
  1.1700000000000000e+03	 6.6847496112174099e+02	  1.3138405312355283e+02	
  1.2000000000000000e+03	 7.1364212247006435e+02	  1.4855652970461509e+02	
  1.2300000000000000e+03	 7.5099192075959888e+02	  1.6446997156229662e+02	
  1.2600000000000000e+03	 7.7673927965545045e+02	  1.7543406604924940e+02	
  1.2900000000000000e+03	 8.1926758200434756e+02	  1.8882113616493419e+02	
  1.3200000000000000e+03	 8.4088277312756782e+02	  1.9798518934447998e+02	
  1.3500000000000000e+03	 8.4655439242709213e+02	  2.0486372307980662e+02	
  1.3800000000000000e+03	 8.4825168236058539e+02	  2.0408568699186057e+02	
  1.4100000000000000e+03	 8.4794454237190212e+02	  2.0261012453714997e+02	
  1.4400000000000000e+03	 8.4947937931923104e+02	  2.0146199621707149e+02	
  1.4700000000000000e+03	 8.4950050091539890e+02	  2.0024049651585074e+02	
  1.5000000000000000e+03	 8.4778265575025409e+02	  2.0090375926887319e+02	
  1.5300000000000000e+03	 8.4803077242069628e+02	  1.9942899140287037e+02	
  1.5600000000000000e+03	 8.2253093638602047e+02	  2.0488374489399965e+02	
  1.5900000000000000e+03	 7.9079953799743203e+02	  2.0220339428786752e+02	
  1.6200000000000000e+03	 7.6947466215494114e+02	  2.0763241452071634e+02	
  1.6500000000000000e+03	 7.3423737636697490e+02	  2.0372705178800211e+02	
  1.6800000000000000e+03	 6.9408843657836212e+02	  2.0109757152778894e+02	
  1.7100000000000000e+03	 6.6608583395265464e+02	  1.9853776914945951e+02	
  1.7400000000000000e+03	 6.2282733546143481e+02	  1.9809576653312848e+02	
  1.7700000000000000e+03	 5.8227347501212807e+02	  1.9705996715446400e+02	
  1.8000000000000000e+03	 5.3645365367355919e+02	  1.9442908122475967e+02	
  1.8300000000000000e+03	 4.9720566905846067e+02	  1.9124765529364657e+02	
  1.8600000000000000e+03	 4.6103523903095243e+02	  1.9150766964791708e+02	
  1.8900000000000000e+03	 4.2127635025900736e+02	  1.9037297800798939e+02	
  1.9200000000000000e+03	 3.8952104292211584e+02	  1.8804696902847721e+02	
  1.9500000000000000e+03	 3.5213395258348555e+02	  1.8602142275661677e+02	
  1.9800000000000000e+03	 3.0793570371139299e+02	  1.8555781407560221e+02	
  2.0100000000000000e+03	 2.7832438037264461e+02	  1.8773825333011538e+02	
  2.0400000000000000e+03	 2.5922557265758792e+02	  1.9108374862673458e+02	
  2.0700000000000000e+03	 2.3599312591366009e+02	  1.9756248278568575e+02	
  2.1000000000000000e+03	 1.9345008250356875e+02	  1.9711186708547476e+02	
  2.1300000000000000e+03	 1.5959962637551746e+02	  2.0310680494352619e+02	
  2.1600000000000000e+03	 1.2085339017384058e+02	  2.0740036050193814e+02	
  2.1900000000000000e+03	 9.0596665547101523e+01	  2.1259808163130640e+02	
  2.2200000000000000e+03	 5.3643601416797964e+01	  2.1850780819150026e+02	
  2.2500000000000000e+03	 1.4840601111316957e+01	  2.2363693888016053e+02	
  2.2800000000000000e+03	 -1.8810256806105798e+01	  2.2651311163478510e+02	
  2.3100000000000000e+03	 -5.4056158293899742e+01	  2.2222878194367956e+02	
  2.3400000000000000e+03	 -5.5989527210439391e+01	  1.9765222831741610e+02	
  2.3700000000000000e+03	 -5.1359563164153748e+01	  1.7024772572420144e+02	
  2.4000000000000000e+03	 -5.2306170625840089e+01	  1.4946220173334066e+02	
  2.4300000000000000e+03	 -5.5059594872610397e+01	  1.1926484979564630e+02	
  2.4600000000000000e+03	 -5.1224836960836214e+01	  8.0048964297695591e+01	
  2.4900000000000000e+03	 -4.5695558816919991e+01	  5.5580018720339432e+01	
  2.5200000000000000e+03	 -4.7033786189131042e+01	  2.8422595611486322e+01	
  2.5500000000000000e+03	 -4.4309109737041787e+01	  -1.2253270872082496e+00	
  2.5800000000000000e+03	 -4.1739142755856470e+01	  -2.8005096547342564e+01	
  2.6100000000000000e+03	 -3.7962942871713302e+01	  -5.4736710222038724e+01	
  2.6400000000000000e+03	 -4.0634298431720275e+01	  -7.9257952921115418e+01	
  2.6700000000000000e+03	 -3.5989408891511140e+01	  -1.0491878679129530e+02	
  2.7000000000000000e+03	 -3.0313513320421777e+01	  -1.5454709933287438e+02	
  2.7300000000000000e+03	 -2.5745831858719399e+01	  -1.9496415011649896e+02	
  2.7600000000000000e+03	 -2.7389765846356582e+01	  -2.1268376269044006e+02	
  2.7900000000000000e+03	 -2.1897892199491721e+01	  -2.4399061522337666e+02	
  2.8200000000000000e+03	 -2.2840872510756945e+01	  -2.7041912810410895e+02	
  2.8500000000000000e+03	 -2.0504494533141362e+01	  -2.8988999141109298e+02	
  2.8800000000000000e+03	 -1.7915701405611657e+01	  -3.2700655784913999e+02	
  2.9100000000000000e+03	 -1.5119815668226430e+01	  -3.7156972013740841e+02	
  2.9400000000000000e+03	 -4.1956872048785598e+00	  -3.3573554394084522e+02	
  2.9700000000000000e+03	 4.5255791799244296e+00	  -2.9363993980333839e+02	
  3.0000000000000000e+03	 1.5663231170439962e+01	  -2.5967645924019564e+02	
  3.0300000000000000e+03	 2.4607435358371539e+01	  -2.2088660814842098e+02	
  3.0600000000000000e+03	 3.3016135907504960e+01	  -1.8619041211984643e+02	
  3.0900000000000000e+03	 4.1959698416401928e+01	  -1.4910529401397503e+02	
  3.1200000000000000e+03	 4.3075118303820027e+01	  -1.2416501787468623e+02	
  3.1500000000000000e+03	 4.8485555111275737e+01	  -9.3758833208168625e+01	
  3.1800000000000000e+03	 5.2109725952566883e+01	  -6.4650047526328621e+01	
  3.2100000000000000e+03	 5.9621432599311859e+01	  -4.8341586671358968e+01	
  3.2400000000000000e+03	 6.7527612693429816e+01	  -2.6749019163560874e+01	
  3.2700000000000000e+03	 6.9512713962353018e+01	  -3.1809786356252516e+00	
  3.3000000000000000e+03	 7.0871458457556727e+01	  -2.4555805271011306e+00	
  3.3300000000000000e+03	 7.2567177141909411e+01	  -3.6243659831345698e+00	
  3.3600000000000000e+03	 7.1251476692547385e+01	  -3.9180057766352023e+00	
  3.3900000000000000e+03	 7.2353266709948500e+01	  -5.7028235766162041e+00	
  3.4200000000000000e+03	 7.3313252900566141e+01	  -7.4770197704601049e+00	
  3.4500000000000000e+03	 7.5076758010208550e+01	  -7.2730240843019942e+00	
  3.4800000000000000e+03	 7.6724735609604437e+01	  -5.4000060777465961e+00	
  3.5100000000000000e+03	 7.8883378532417765e+01	  -2.9184752777145462e+01	
  3.5400000000000000e+03	 8.6645512852432859e+01	  -6.0543738790917907e+01	
  3.5700000000000000e+03	 9.6115892869011674e+01	  -8.8743316220367859e+01	
  3.6000000000000000e+03	 1.1303128723479053e+02	  -1.2712626149855315e+02	
  3.6300000000000000e+03	 1.2908078921292125e+02	  -1.6661821131857067e+02	
  3.6600000000000000e+03	 1.4006698978770928e+02	  -2.0268202241486767e+02	
  3.6900000000000000e+03	 1.5782445598899290e+02	  -2.4620345890532991e+02	
  3.7200000000000000e+03	 1.6981697568732096e+02	  -2.9156725173429334e+02	
  3.7500000000000000e+03	 1.8288089631455125e+02	  -3.2412801696283771e+02	
  3.7800000000000000e+03	 1.8945590836928224e+02	  -3.6013620734867902e+02	
  3.8100000000000000e+03	 2.0701294149082190e+02	  -4.0145530663818613e+02	
  3.8400000000000000e+03	 2.1025341538378871e+02	  -4.1953865286276738e+02	
  3.8700000000000000e+03	 2.2764197611894960e+02	  -4.6507251400931426e+02	
  3.9000000000000000e+03	 2.3726145931444583e+02	  -4.8289058154012378e+02	
  3.9300000000000000e+03	 2.5010379320041821e+02	  -5.3504416189110123e+02	
  3.9600000000000000e+03	 2.5588282493097688e+02	  -5.0474488182730983e+02	
  3.9900000000000000e+03	 2.7136673121478879e+02	  -4.5928180724546661e+02	
  4.0200000000000000e+03	 2.8375161887189876e+02	  -4.2634565933125464e+02	
  4.0500000000000000e+03	 2.9577374332773218e+02	  -3.9568550016911195e+02	
  4.0800000000000000e+03	 3.0478297583777777e+02	  -3.7274410401760974e+02	
  4.1100000000000000e+03	 3.1367472082352003e+02	  -3.5016687149136158e+02	
  4.1400000000000000e+03	 3.2001127082410835e+02	  -3.1793160835041840e+02	
  4.1700000000000000e+03	 3.2946019920508900e+02	  -2.7194117708844783e+02	
  4.2000000000000000e+03	 3.4441388034873046e+02	  -2.3094628105968474e+02	
  4.2300000000000000e+03	 3.5593630700119758e+02	  -1.9224116549418153e+02	
  4.2600000000000000e+03	 3.6255315641334607e+02	  -1.6548632472631473e+02	
  4.2900000000000000e+03	 3.7879079214492918e+02	  -1.2907591165510200e+02	
  4.3200000000000000e+03	 3.9222205542402196e+02	  -9.5638141349765050e+01	
  4.3500000000000000e+03	 4.0736021731268249e+02	  -5.4453202660012018e+01	
  4.3800000000000000e+03	 4.1552495652061720e+02	  -3.3262496925181374e+01	
  4.4100000000000000e+03	 4.2036812286822794e+02	  -7.5821554289514310e+00	
  4.4400000000000000e+03	 4.3499522276071968e+02	  2.5530804616452365e+01	
  4.4700000000000000e+03	 4.4225026094782311e+02	  5.5199800857791764e+01	
  4.5000000000000000e+03	 4.5171103193210666e+02	  9.7858886877745192e+01	
  4.5300000000000000e+03	 4.6569832417790838e+02	  1.3181751951374056e+02	
  4.5600000000000000e+03	 4.4153800911690672e+02	  1.2044625187088809e+02	
  4.5900000000000000e+03	 4.0855736969231850e+02	  9.8693369476427236e+01	
  4.6200000000000000e+03	 3.7929182324850251e+02	  9.0176408866221919e+01	
  4.6500000000000000e+03	 3.3970341179677138e+02	  6.6878768539756209e+01	
  4.6800000000000000e+03	 3.2656624989252970e+02	  5.3578990102418778e+01	
  4.7100000000000000e+03	 2.9000867771760841e+02	  3.0284251431421318e+01	
  4.7400000000000000e+03	 2.6483726386395114e+02	  1.6732319800618335e+01	
  4.7700000000000000e+03	 2.2870021423513333e+02	  5.9209692273783112e+00	
  4.8000000000000000e+03	 2.0603574626317004e+02	  -1.1375039262047835e+01	
  4.8300000000000000e+03	 2.0457852992977777e+02	  -9.8036926067816772e+00	
  4.8600000000000000e+03	 2.0601101970710184e+02	  -8.1779264309047655e+00	
  4.8900000000000000e+03	 1.8086336912022992e+02	  -1.2155893208865455e+01	
  4.9200000000000000e+03	 1.5462697705933826e+02	  -9.7722979321227399e+00	
  4.9500000000000000e+03	 1.0744672496283579e+02	  -1.1966079888101790e+01	
  4.9800000000000000e+03	 6.4562640384855825e+01	  -1.3517907048103975e+01	
  5.0100000000000000e+03	 4.2169262194461623e+01	  -1.6610162647987821e+01	
  5.0400000000000000e+03	 1.6020267370931457e+01	  -1.6867905845640525e+01	
  5.0700000000000000e+03	 -1.1042812329440785e+01	  -1.4182536014241515e+01	
  5.1000000000000000e+03	 -4.4990740538367454e+01	  -1.0967064168763482e+01	
  5.1300000000000000e+03	 -7.3756287162403552e+01	  -8.7261628304519938e+00	
  5.1600000000000000e+03	 -1.1073865792588349e+02	  -9.1832496944171691e+00	
  5.1900000000000000e+03	 -1.3989497550275794e+02	  -3.4788547321009746e+00	
  5.2200000000000000e+03	 -1.8706203894625989e+02	  -5.6562127461315104e+00	
  5.2500000000000000e+03	 -2.2343523793330542e+02	  -5.7896752903166995e+00	
  5.2800000000000000e+03	 -2.4967298698686452e+02	  -4.0170218684100698e+00	
  5.3100000000000000e+03	 -2.9127204632271025e+02	  1.7504380763755920e+00	
  5.3400000000000000e+03	 -3.1471307904099149e+02	  6.3139622040434320e+00	
  5.3700000000000000e+03	 -3.4034648432502814e+02	  1.0603473034493536e+01	
  5.4000000000000000e+03	 -3.8747374293928630e+02	  6.4536567305952639e+00	
  5.4300000000000000e+03	 -4.1210189303939933e+02	  8.5757115420572418e+00	
  5.4600000000000000e+03	 -4.4010933435454251e+02	  7.9838418174511538e+00	
  5.4900000000000000e+03	 -4.5768660756322515e+02	  1.1210902469226031e+01	
  5.5200000000000000e+03	 -5.0462248336376678e+02	  9.6051553193345107e+00	
  5.5500000000000000e+03	 -5.3663695391728345e+02	  1.4938060533831401e+01	
  5.5800000000000000e+03	 -5.6973795160076418e+02	  1.8742287941180397e+01	
  5.6100000000000000e+03	 -5.2047235326771840e+02	  1.7226800260439244e+01	
  5.6400000000000000e+03	 -4.9711579484171125e+02	  1.6451245561619114e+01	
  5.6700000000000000e+03	 -4.4393849473325508e+02	  1.2816414740027351e+01	
  5.7000000000000000e+03	 -4.1036342779964070e+02	  9.9943489974732067e+00	
  5.7300000000000000e+03	 -3.6916179105086781e+02	  1.5506030857479157e+01	
  5.7600000000000000e+03	 -3.2932218781272928e+02	  2.1152656473634501e+01	
  5.7900000000000000e+03	 -2.8729385318781527e+02	  1.8255508877292435e+01	
  5.8200000000000000e+03	 -2.5187223480706396e+02	  2.0003712993147737e+01	
  5.8500000000000000e+03	 -2.0464918042179707e+02	  2.1331517138716077e+01	
  5.8800000000000000e+03	 -1.6886305525201837e+02	  1.9013427881433500e+01	
  5.9100000000000000e+03	 -1.3802604521645131e+02	  1.4883416784849619e+01	
  5.9400000000000000e+03	 -1.0836945875008598e+02	  2.0967011596751231e+01	
  5.9700000000000000e+03	 -8.8621202012713013e+01	  2.2417541172421224e+01	
  6.0000000000000000e+03	 -6.1965379724519963e+01	  2.0294175294389994e+01	
  6.0300000000000000e+03	 -3.4587816404015960e+01	  2.2876761527951942e+01	
  6.0600000000000000e+03	 -9.0403606493516335e+00	  2.1840237414633691e+01	
  6.0900000000000000e+03	 -9.5056837912486838e+00	  2.1245029712900067e+01	
  6.1200000000000000e+03	 -1.1237342838795705e+01	  1.9895359137002465e+01	
  6.1500000000000000e+03	 -1.1440972974715844e+01	  1.8028976210486643e+01	
  6.1800000000000000e+03	 -9.9877189418836689e+00	  1.7145702154655368e+01	
  6.2100000000000000e+03	 -1.0096645193008598e+01	  1.8698334150275883e+01	
  6.2400000000000000e+03	 -1.0309313783165539e+01	  1.8236900928807003e+01	
  6.2700000000000000e+03	 8.8497282650346243e+00	  -1.0150732160076842e+01	
  6.3000000000000000e+03	 2.3240835102285182e+01	  -3.1503918578888424e+01	
  6.3300000000000000e+03	 4.8052485148671565e+01	  -6.8609843954213829e+01	
  6.3600000000000000e+03	 5.8796235714097435e+01	  -8.8247229039832661e+01	
  6.3900000000000000e+03	 8.3227854092725721e+01	  -1.2892275499803816e+02	
  6.4200000000000000e+03	 9.8579286755972873e+01	  -1.5010523471478706e+02	
  6.4500000000000000e+03	 1.1952665292252041e+02	  -1.8493448330038865e+02	
  6.4800000000000000e+03	 1.4874681954845835e+02	  -2.1586514933247994e+02	
  6.5100000000000000e+03	 1.6576526038975513e+02	  -2.3627184739059879e+02	
  6.5400000000000000e+03	 1.8025650792313652e+02	  -2.5036419954520736e+02	
  6.5700000000000000e+03	 1.9792220062867688e+02	  -2.7899131461099932e+02	
  6.6000000000000000e+03	 2.2789410408250023e+02	  -3.1398093994471895e+02	
  6.6300000000000000e+03	 2.4922361986769906e+02	  -3.4044590337513824e+02	
  6.6600000000000000e+03	 2.6934037508487899e+02	  -3.6705438034971536e+02	
  6.6900000000000000e+03	 2.8594233675487578e+02	  -3.8925790618628719e+02	
  6.7200000000000000e+03	 3.1116278752165294e+02	  -4.1984478002757396e+02	
  6.7500000000000000e+03	 3.3891131125751906e+02	  -4.6134891900654725e+02	
  6.7800000000000000e+03	 3.5598174909975995e+02	  -4.9137010088028313e+02	
  6.8100000000000000e+03	 3.8053749688424614e+02	  -5.3226420557865060e+02	
  6.8400000000000000e+03	 4.0574027812938135e+02	  -5.6806297429748770e+02	
  6.8700000000000000e+03	 4.1984881021269763e+02	  -5.9002615270169201e+02	
  6.9000000000000000e+03	 4.4042465350695687e+02	  -6.1423247879513212e+02	
  6.9300000000000000e+03	 4.7228904934422479e+02	  -6.5409241686861628e+02	
  6.9600000000000000e+03	 4.8113784358015499e+02	  -6.6963836974172273e+02	
  6.9900000000000000e+03	 5.0274320922540204e+02	  -6.9030571018880232e+02	
  7.0200000000000000e+03	 5.2237019722967568e+02	  -7.1079035131777596e+02	
  7.0500000000000000e+03	 5.1447598635967040e+02	  -6.9142294725854492e+02	
  7.0800000000000000e+03	 4.9901610972883287e+02	  -6.5548434144731743e+02	
  7.1100000000000000e+03	 4.8350595653845090e+02	  -6.2520044922980742e+02	
  7.1400000000000000e+03	 4.7289146755972638e+02	  -5.9427349850904625e+02	
  7.1700000000000000e+03	 4.6203090144486561e+02	  -5.6355261582400612e+02	
  7.2000000000000000e+03	 4.4832800939975260e+02	  -5.2967215830920281e+02	
  7.2300000000000000e+03	 4.3536476204958575e+02	  -5.0068379280965053e+02	
  7.2600000000000000e+03	 4.2336709995169645e+02	  -4.6430993026762167e+02	
  7.2900000000000000e+03	 4.0686920154886252e+02	  -4.2274285816841569e+02	
  7.3200000000000000e+03	 3.8533265786401790e+02	  -3.7757784201499265e+02	
  7.3500000000000000e+03	 3.6861944396832808e+02	  -3.3583115810047229e+02	
  7.3800000000000000e+03	 3.5061389019488087e+02	  -2.9643740447793755e+02	
  7.4100000000000000e+03	 3.2976859127380084e+02	  -2.5486249658828305e+02	
  7.4400000000000000e+03	 3.1952668005172006e+02	  -2.4033954804739446e+02	
  7.4700000000000000e+03	 3.1322678916742797e+02	  -2.2582970170801528e+02	
  7.5000000000000000e+03	 3.0390748312550318e+02	  -1.9443381282177828e+02	
  7.5300000000000000e+03	 2.9442091196282786e+02	  -1.7654791151129888e+02	
  7.5600000000000000e+03	 2.7934551134016363e+02	  -1.4250199088445925e+02	
  7.5900000000000000e+03	 2.6394166243428265e+02	  -1.1383200706869825e+02	
  7.6200000000000000e+03	 2.4473894659067926e+02	  -7.4851491412325657e+01	
  7.6500000000000000e+03	 2.3819754901281482e+02	  -5.4762073499155335e+01	
  7.6800000000000000e+03	 2.1923968361703285e+02	  -1.7562372362667610e+01	
  7.7100000000000000e+03	 2.1114985341423400e+02	  1.3661106729949040e+01	
  7.7400000000000000e+03	 1.9797678654921941e+02	  4.5179763008586598e+01	
  7.7700000000000000e+03	 1.9009590009111312e+02	  6.4891644976519231e+01	
  7.8000000000000000e+03	 1.8093499318432464e+02	  8.9938930136057991e+01	
  7.8300000000000000e+03	 1.7855986058975023e+02	  1.1238211430117981e+02	
  7.8600000000000000e+03	 1.7386396950973128e+02	  1.3416760388796854e+02	
  7.8900000000000000e+03	 1.5863924475413333e+02	  1.7007197857219273e+02	
  7.9200000000000000e+03	 1.5180729064160568e+02	  1.9320986321749487e+02	
  7.9500000000000000e+03	 1.3288965984976207e+02	  2.2385753501818618e+02	
  7.9800000000000000e+03	 1.1983157412222960e+02	  2.5874566861242675e+02	
  8.0100000000000000e+03	 1.0582501563317039e+02	  2.8238096677982179e+02	
  8.0400000000000000e+03	 8.5124604866161235e+01	  3.2603120013691699e+02	
  8.0700000000000000e+03	 7.0579448624216752e+01	  3.6166793845908325e+02	
  8.1000000000000000e+03	 6.1092891477440162e+01	  3.8682676174721104e+02	
  8.1300000000000000e+03	 4.4537468469862645e+01	  4.1408251989017253e+02	
  8.1600000000000000e+03	 3.3780290754754596e+01	  4.5500434517446729e+02	
  8.1900000000000000e+03	 2.5214022903513101e+01	  4.8378721967681207e+02	
  8.2200000000000000e+03	 1.4032837213417388e+01	  5.1166305199477443e+02	
  8.2500000000000000e+03	 -1.1102448111984906e+01	  4.7386604932073658e+02	
  8.2800000000000000e+03	 -3.6371720850271501e+01	  4.4109655224505843e+02	
  8.3100000000000000e+03	 -4.7333199385133426e+01	  4.2645026743228607e+02	
  8.3400000000000000e+03	 -6.0480278036461783e+01	  4.0437902564371655e+02	
  8.3700000000000000e+03	 -7.6219875874856697e+01	  3.7886308464592940e+02	
  8.4000000000000000e+03	 -8.9245291752728136e+01	  3.6465371973011014e+02	
  8.4300000000000000e+03	 -1.1508611523785551e+02	  3.3089018525698003e+02	
  8.4600000000000000e+03	 -1.3546557945246875e+02	  2.9521507870589772e+02	
  8.4900000000000000e+03	 -1.4904121007436629e+02	  2.6998311410311140e+02	
  8.5200000000000000e+03	 -1.7119651322713347e+02	  2.3200204117068333e+02	
  8.5500000000000000e+03	 -1.8004022815913413e+02	  2.0931817528505670e+02	
  8.5800000000000000e+03	 -2.0493980212117935e+02	  1.6599509723922270e+02	
  8.6100000000000000e+03	 -2.1394728901599498e+02	  1.4922638218642965e+02	
  8.6400000000000000e+03	 -2.2796486636086098e+02	  1.2423480819735140e+02	
  8.6700000000000000e+03	 -2.5446738609931845e+02	  8.5596505705468871e+01	
  8.7000000000000000e+03	 -2.6741303508234273e+02	  6.6868821594143938e+01	
  8.7300000000000000e+03	 -2.8935204156516431e+02	  3.3613834667081655e+01	
  8.7600000000000000e+03	 -2.9871543805720279e+02	  1.5209196855952499e+01	
  8.7900000000000000e+03	 -3.2118832634173134e+02	  -2.5164751699797890e+01	
  8.8200000000000000e+03	 -3.3725228602921652e+02	  -4.8894498932290183e+01	
  8.8500000000000000e+03	 -3.6246195813934924e+02	  -4.6465642692928746e+01	
  8.8800000000000000e+03	 -3.9640546281009381e+02	  -4.5121077187980646e+01	
  8.9100000000000000e+03	 -4.2278550860653019e+02	  -4.5011263740068763e+01	
  8.9400000000000000e+03	 -4.4941688483305569e+02	  -4.3872286711836978e+01	
  8.9700000000000000e+03	 -4.8334379585035009e+02	  -5.4135251340816779e+01	
  9.0000000000000000e+03	 -5.0498785502952603e+02	  -5.2754185597486824e+01	
  9.0300000000000000e+03	 -5.4999407514758514e+02	  -5.9710099942650089e+01	
  9.0600000000000000e+03	 -5.9515942000722009e+02	  -6.2256242034842629e+01	
  9.0900000000000000e+03	 -6.2588260315592663e+02	  -6.6887311234919878e+01	
  9.1200000000000000e+03	 -6.2806469169812749e+02	  -7.1646081243112249e+01	
  9.1500000000000000e+03	 -6.2953901903238807e+02	  -7.3195212027594508e+01	
  9.1800000000000000e+03	 -6.2800770002694514e+02	  -7.4789610864618695e+01	
  9.2100000000000000e+03	 -6.2676855918456192e+02	  -7.5354486319000117e+01	
  9.2400000000000000e+03	 -6.2663444925463568e+02	  -7.3386669352067386e+01	
  9.2700000000000000e+03	 -6.2670294554256122e+02	  -7.3127620807343732e+01	
  9.3000000000000000e+03	 -6.2593484709128984e+02	  -7.1839588646415919e+01	
  9.3300000000000000e+03	 -6.4291907065018563e+02	  -2.4304938844685857e+01	
  9.3600000000000000e+03	 -6.3769643880160550e+02	  -5.4806962417671933e+01	
  9.3900000000000000e+03	 -6.2610013863376753e+02	  -9.4557080063598306e+01	
  9.4200000000000000e+03	 -6.1757741210463564e+02	  -1.4134137141274562e+02	
  9.4500000000000000e+03	 -6.0583105369621262e+02	  -1.7614950498921723e+02	
  9.4800000000000000e+03	 -5.9838574302579991e+02	  -2.2701015870676486e+02	
  9.5100000000000000e+03	 -5.8750217257529869e+02	  -2.5099149847066775e+02	
  9.5400000000000000e+03	 -5.8026500976192256e+02	  -2.6975642070563254e+02	
  9.5700000000000000e+03	 -5.7002213026292998e+02	  -2.9039128203005737e+02	
  9.6000000000000000e+03	 -5.6056288056143501e+02	  -3.1432486594598180e+02	
  9.6300000000000000e+03	 -5.5513747197100520e+02	  -3.3867631597065645e+02	
  9.6600000000000000e+03	 -5.4561574082375103e+02	  -3.6934156593514331e+02	
  9.6900000000000000e+03	 -5.4044039967065771e+02	  -3.9039135209142893e+02	
  9.7200000000000000e+03	 -5.3266341188613467e+02	  -4.2392773530634548e+02	
  9.7500000000000000e+03	 -5.2461131028116870e+02	  -4.6058226893496914e+02	
  9.7800000000000000e+03	 -5.1662350175031384e+02	  -5.0319918178574522e+02	
  9.8100000000000000e+03	 -5.1433634045230849e+02	  -5.3615917156045543e+02	
  9.8400000000000000e+03	 -5.0718062162584943e+02	  -5.7171729078876649e+02	
  9.8700000000000000e+03	 -4.9655300926133719e+02	  -5.9775043179239151e+02	
  9.9000000000000000e+03	 -4.8990248948612134e+02	  -6.4001588491175448e+02	
  9.9300000000000000e+03	 -4.6267735312706611e+02	  -6.2300588453449734e+02	
  9.9600000000000000e+03	 -4.3258980317790451e+02	  -6.0729113777815451e+02	
  9.9900000000000000e+03	 -4.0064045288890156e+02	  -5.8371083234676951e+02	
  1.0020000000000000e+04	 -3.7710638488112124e+02	  -5.7250761305225649e+02	
  1.0050000000000000e+04	 -3.4879671815043753e+02	  -5.5418770668881621e+02	
  1.0080000000000000e+04	 -3.1698739038965925e+02	  -5.3776958308170038e+02	
  1.0110000000000000e+04	 -2.7684993835072959e+02	  -5.0778629366921894e+02	
  1.0140000000000000e+04	 -2.6323452660850006e+02	  -4.9954978430731978e+02	
  1.0170000000000000e+04	 -2.4118133230924795e+02	  -4.8528289830346506e+02	
  1.0200000000000000e+04	 -1.9405355051372825e+02	  -4.5856858582890970e+02	
  1.0230000000000000e+04	 -1.7105614154108207e+02	  -4.4330328669913314e+02	
  1.0260000000000000e+04	 -1.5328325780463371e+02	  -4.3540473578428032e+02	
  1.0290000000000000e+04	 -1.1005296630536091e+02	  -4.0940652259207752e+02	
  1.0320000000000000e+04	 -7.4786242475220476e+01	  -3.9075589142690899e+02	
  1.0350000000000000e+04	 -4.3034927937623280e+01	  -3.7571142530316456e+02	
  1.0380000000000000e+04	 -1.2021832505941912e+01	  -3.5910085630174632e+02	
  1.0410000000000000e+04	 1.3862485379482738e+01	  -3.4011538530693190e+02	
  1.0440000000000000e+04	 2.9509017869879472e+01	  -3.2981624441257424e+02	
  1.0470000000000000e+04	 7.1329474360691705e+01	  -3.0483469258987452e+02	
  1.0500000000000000e+04	 1.0984974963691458e+02	  -2.7958642537444024e+02	
  1.0530000000000000e+04	 1.4138617104123938e+02	  -2.6330568429965598e+02	
  1.0560000000000000e+04	 1.5834837837217790e+02	  -2.5485454105639784e+02	
  1.0590000000000000e+04	 1.9595720037673581e+02	  -2.3269050864544582e+02	
  1.0620000000000000e+04	 2.1519969530765434e+02	  -2.1580427490781278e+02	
  1.0650000000000000e+04	 2.4927040745192858e+02	  -1.9277492277507767e+02	
  1.0680000000000000e+04	 2.8962154942292102e+02	  -1.7061640837888675e+02	
  1.0710000000000000e+04	 3.2099412304168993e+02	  -1.4943788516744542e+02	
  1.0740000000000000e+04	 3.5779072837946944e+02	  -1.2438266047227192e+02	
  1.0770000000000000e+04	 3.7866212826754150e+02	  -1.1786152745372941e+02	
  1.0800000000000000e+04	 3.9935897563419411e+02	  -1.0070684099041355e+02	
  1.0830000000000000e+04	 4.0088726234807984e+02	  -1.0247977333019469e+02	
  1.0860000000000000e+04	 4.0249585934683154e+02	  -1.0397376531524628e+02	
  1.0890000000000000e+04	 3.6057561926523061e+02	  -1.0547234940768939e+02	
  1.0920000000000000e+04	 3.2218699398044646e+02	  -1.1679550901326925e+02	
  1.0950000000000000e+04	 2.8763798774157232e+02	  -1.2436480013178435e+02	
  1.0980000000000000e+04	 2.4851912016316513e+02	  -1.2486611110486592e+02	
  1.1010000000000000e+04	 2.3017756944430704e+02	  -1.2426671586318969e+02	
  1.1040000000000000e+04	 2.0935015671403673e+02	  -1.2966960746053121e+02	
  1.1070000000000000e+04	 1.7272808832274575e+02	  -1.3534035092734626e+02	
  1.1100000000000000e+04	 1.2679663911291387e+02	  -1.4282105936360580e+02	
  1.1130000000000000e+04	 1.0526048650564701e+02	  -1.4976910521511908e+02	
  1.1160000000000000e+04	 5.4597231103681615e+01	  -1.5514060201423925e+02	
  1.1190000000000000e+04	 3.0190963176713204e+01	  -1.6344458734967304e+02	
  1.1220000000000000e+04	 -1.0765515794471852e+01	  -1.6477178783068007e+02	
  1.1250000000000000e+04	 -3.6053241712741773e+01	  -1.6711332778757861e+02	
  1.1280000000000000e+04	 -5.9976928401416053e+01	  -1.7537113179267794e+02	
  1.1310000000000000e+04	 -8.9981261620651338e+01	  -1.7856256893014725e+02	
  1.1340000000000000e+04	 -1.3543491932762572e+02	  -1.9112257107940192e+02	
  1.1370000000000000e+04	 -1.5897079376821938e+02	  -1.9524987361526223e+02	
  1.1400000000000000e+04	 -1.8364477191563674e+02	  -1.9337858608733023e+02	
  1.1430000000000000e+04	 -2.3284917592422752e+02	  -2.0047210389342669e+02	
  1.1460000000000000e+04	 -2.6436803832333499e+02	  -2.0801497684340632e+02	
  1.1490000000000000e+04	 -2.6502947073021664e+02	  -2.0629290127793331e+02	
  1.1520000000000000e+04	 -2.6333786782467257e+02	  -2.0699313297922762e+02	
  1.1550000000000000e+04	 -2.6145642509017694e+02	  -2.0672800271215445e+02	
  1.1580000000000000e+04	 -2.6228950929383768e+02	  -2.0853957995805911e+02	
  1.1610000000000000e+04	 -2.6094656009704681e+02	  -2.0752973337528857e+02	
  1.1640000000000000e+04	 -2.6048507901296165e+02	  -2.0588821194365059e+02	
  1.1670000000000000e+04	 -2.5855999828043451e+02	  -2.0782697819493220e+02	
  1.1700000000000000e+04	 -2.5944441742645711e+02	  -2.0659117915435039e+02	
  1.1730000000000000e+04	 -2.4416740622695789e+02	  -2.4408444244411135e+02	
  1.1760000000000000e+04	 -2.3133105363102464e+02	  -2.8949555339395107e+02	
  1.1790000000000000e+04	 -2.2870176630839637e+02	  -3.0728652608471253e+02	
  1.1820000000000000e+04	 -2.0093961994152738e+02	  -3.1128533777149244e+02	
  1.1850000000000000e+04	 -1.5178461142633162e+02	  -3.1415328881227271e+02	
  1.1880000000000000e+04	 -1.2746461289058210e+02	  -3.1815846326650035e+02	
  1.1910000000000000e+04	 -9.9906376261966386e+01	  -3.2225790622829123e+02	
  1.1940000000000000e+04	 -7.6036931945802365e+01	  -3.2592410493533180e+02	
  1.1970000000000000e+04	 -4.6843016395883311e+01	  -3.2608228482285170e+02	
  1.2000000000000000e+04	 -1.5532844740007235e+01	  -3.3265266932938869e+02	
  1.2030000000000000e+04	 1.5097416241203156e+01	  -3.3154316362573809e+02	
  1.2060000000000000e+04	 4.1176282247084117e+01	  -3.2864739200946491e+02	
  1.2090000000000000e+04	 7.2528852707958166e+01	  -3.2928491407316119e+02	
  1.2120000000000000e+04	 1.0285819540379688e+02	  -3.3305665065945470e+02	
  1.2150000000000000e+04	 1.2598971652107691e+02	  -3.3940458462406031e+02	
  1.2180000000000000e+04	 1.6708748258408980e+02	  -3.4744401833362554e+02	
  1.2210000000000000e+04	 1.9851229530241147e+02	  -3.4688202440888756e+02	
  1.2240000000000000e+04	 2.2654385217462058e+02	  -3.5374466302027867e+02	
  1.2270000000000000e+04	 2.5514541036763404e+02	  -3.5034169089814912e+02	
  1.2300000000000000e+04	 2.7999603491918185e+02	  -3.5038863509001351e+02	
  1.2330000000000000e+04	 3.1563836948127977e+02	  -3.5299729007239620e+02	
  1.2360000000000000e+04	 3.4259508775479435e+02	  -3.5133928773880967e+02	
  1.2390000000000000e+04	 3.8180552462497673e+02	  -3.5644592231086096e+02	
  1.2420000000000000e+04	 4.1806263476081688e+02	  -3.6412244649020835e+02	
  1.2450000000000000e+04	 4.6249722562111447e+02	  -3.6266972316708274e+02	
  1.2480000000000000e+04	 4.9463818917505495e+02	  -3.6858015957316832e+02	
  1.2510000000000000e+04	 5.4401077794119897e+02	  -3.6793475413755135e+02	
  1.2540000000000000e+04	 5.8939687614159357e+02	  -3.7146143953960842e+02	
  1.2570000000000000e+04	 5.8108527194672126e+02	  -3.4064063639868311e+02	
  1.2600000000000000e+04	 5.8126209567422291e+02	  -3.0394381699383007e+02	
  1.2630000000000000e+04	 5.7720838894523354e+02	  -2.6466564759074708e+02	
  1.2660000000000000e+04	 5.7860457363544015e+02	  -2.2953848149833968e+02	
  1.2690000000000000e+04	 5.7592474064926523e+02	  -1.8582362965226739e+02	
  1.2720000000000000e+04	 5.6759995439776299e+02	  -1.4930315633190088e+02	
  1.2750000000000000e+04	 5.5978847400093730e+02	  -1.0230784945845858e+02	
  1.2780000000000000e+04	 5.6108140578362838e+02	  -6.9424928178422846e+01	
  1.2810000000000000e+04	 5.5842517916806196e+02	  -2.7376761971441127e+01	
  1.2840000000000000e+04	 5.5752363546931804e+02	  1.0173929552220073e+00	
  1.2870000000000000e+04	 5.5198437599768181e+02	  4.6271518968568202e+01	
  1.2900000000000000e+04	 5.4395583529170733e+02	  8.4883882150551727e+01	
  1.2930000000000000e+04	 5.3408171439946784e+02	  1.2976978976897610e+02	
  1.2960000000000000e+04	 5.3359203761367280e+02	  1.6924488752979966e+02	
  1.2990000000000000e+04	 5.3063448703929566e+02	  1.9464092220134631e+02	
  1.3020000000000000e+04	 5.1023183243654938e+02	  1.7113633911167688e+02	
  1.3050000000000000e+04	 4.9096391730785865e+02	  1.4788291034260237e+02	
  1.3080000000000000e+04	 4.5977790553788753e+02	  1.1300154747872944e+02	
  1.3110000000000000e+04	 4.3775463064793644e+02	  8.6114430939884443e+01	
  1.3140000000000000e+04	 4.1119865088553297e+02	  5.4677066363156854e+01	
  1.3170000000000000e+04	 3.8175453959513220e+02	  2.4074933701724305e+01	
  1.3200000000000000e+04	 3.5607309417783296e+02	  -4.6498554156659608e+00	
  1.3230000000000000e+04	 3.2957945662497104e+02	  -3.7260556847005951e+01	
  1.3260000000000000e+04	 3.0555472899760866e+02	  -6.6521445489480300e+01	
  1.3290000000000000e+04	 2.8394569191685048e+02	  -8.9003494793467894e+01	
  1.3320000000000000e+04	 2.5905565944929157e+02	  -1.2068178651562437e+02	
  1.3350000000000000e+04	 2.3998188504923331e+02	  -1.4409936529009781e+02	
  1.3380000000000000e+04	 2.1862262925264599e+02	  -1.6359824869581863e+02	
  1.3410000000000000e+04	 1.9864348928895959e+02	  -1.7849061481393670e+02	
  1.3440000000000000e+04	 1.6832722427515290e+02	  -2.0740897218187450e+02	
  1.3470000000000000e+04	 1.5542452412978463e+02	  -2.2911093664006597e+02	
  1.3500000000000000e+04	 1.2570727032490322e+02	  -2.6906083004914461e+02	
  1.3530000000000000e+04	 9.7803985902392071e+01	  -2.9670155738707217e+02	
  1.3560000000000000e+04	 8.1814163096405665e+01	  -3.2009602265817364e+02	
  1.3590000000000000e+04	 5.3040290910088579e+01	  -3.6289611575187513e+02	
  1.3620000000000000e+04	 2.0194669956065773e+01	  -4.0002857216128200e+02	
  1.3650000000000000e+04	 -3.4745703348462946e+00	  -4.3078546686226355e+02	
  1.3680000000000000e+04	 -3.5248662328875319e+01	  -4.7033100069284336e+02	
  1.3710000000000000e+04	 -5.3653766056495009e+01	  -4.9425732305819787e+02	
  1.3740000000000000e+04	 -7.0798568946369443e+01	  -5.1219813168731184e+02	
  1.3770000000000000e+04	 -6.9443504213123774e+01	  -5.1037237948723663e+02	
  1.3800000000000000e+04	 -6.8932610265586632e+01	  -5.0922557731248196e+02	
  1.3830000000000000e+04	 -7.0316548375003038e+01	  -5.1013511150888127e+02	
  1.3860000000000000e+04	 -7.0576015268487964e+01	  -5.1006923502712141e+02	
  1.3890000000000000e+04	 -6.9312791002863392e+01	  -5.1168866378264346e+02	
  1.3920000000000000e+04	 -7.1175382339949721e+01	  -5.1184655227514588e+02	
  1.3950000000000000e+04	 -6.9762217984056534e+01	  -5.0988462568266044e+02	
  1.3980000000000000e+04	 -7.0606880232765775e+01	  -5.0811935453620401e+02	
  1.4010000000000000e+04	 -4.9723786655053075e+01	  -5.1094358585748688e+02	
  1.4040000000000000e+04	 -8.1926920287909013e+00	  -5.0335851151604896e+02	
  1.4070000000000000e+04	 1.8293469382837571e+01	  -5.0461670463038371e+02	
  1.4100000000000000e+04	 3.8189373648881848e+01	  -4.9771520731427478e+02	
  1.4130000000000000e+04	 6.3436162628750864e+01	  -4.9127747054247516e+02	
  1.4160000000000000e+04	 1.0937295113168435e+02	  -4.9240772127127985e+02	
  1.4190000000000000e+04	 1.3568094486159259e+02	  -4.8917970401448321e+02	
  1.4220000000000000e+04	 1.7461457347029403e+02	  -4.8385745029278502e+02	
  1.4250000000000000e+04	 2.2317775892094156e+02	  -4.8513385903863798e+02	
  1.4280000000000000e+04	 2.0393758386364919e+02	  -4.7979524481061560e+02	
  1.4310000000000000e+04	 1.6767640791483331e+02	  -4.6185366219546165e+02	
  1.4340000000000000e+04	 1.3591229930314498e+02	  -4.4241250664813288e+02	
  1.4370000000000000e+04	 1.0386628899794735e+02	  -4.3383369270848254e+02	
  1.4400000000000000e+04	 5.7063464051452179e+01	  -4.1238885158557241e+02	
  1.4430000000000000e+04	 1.8826028975181167e+01	  -3.9355556723128979e+02	
  1.4460000000000000e+04	 -2.5885944628736070e+01	  -3.7209457119934979e+02	
  1.4490000000000000e+04	 -5.2532115064383191e+01	  -3.6003530492694728e+02	
  1.4520000000000000e+04	 -7.9312257792320963e+01	  -3.5104322535847194e+02	
  1.4550000000000000e+04	 -1.0673548420672759e+02	  -3.3302341430198959e+02	
  1.4580000000000000e+04	 -1.2352721464357012e+02	  -3.1987737813494465e+02	
  1.4610000000000000e+04	 -1.4227036146222440e+02	  -3.0597463115927417e+02	
  1.4640000000000000e+04	 -1.8432818210480923e+02	  -2.8384102341216584e+02	
  1.4670000000000000e+04	 -2.2065743788845984e+02	  -2.6595113340018628e+02	
  1.4700000000000000e+04	 -2.5605771869496925e+02	  -2.4846658676185427e+02	
  1.4730000000000000e+04	 -2.9150284049138099e+02	  -2.3273470039706470e+02	
  1.4760000000000000e+04	 -3.2576927084975290e+02	  -2.1555927719898571e+02	
  1.4790000000000000e+04	 -3.5300229542815703e+02	  -2.0067656246791941e+02	
  1.4820000000000000e+04	 -3.7437559181718109e+02	  -1.8763419086593444e+02	
  1.4850000000000000e+04	 -4.0154894158961798e+02	  -1.7798162451107495e+02	
  1.4880000000000000e+04	 -4.2213433199010092e+02	  -1.6312250633594130e+02	
  1.4910000000000000e+04	 -4.3863702686890008e+02	  -1.5562555259441476e+02	
  1.4940000000000000e+04	 -4.7604133274419058e+02	  -1.4033289671743006e+02	
  1.4970000000000000e+04	 -5.0816927724295465e+02	  -1.2219144922859788e+02	
  1.5000000000000000e+04	 -5.3214647571471676e+02	  -1.1511780997718893e+02	
  1.5030000000000000e+04	 -5.6088859542769933e+02	  -9.5379695815026508e+01	
  1.5060000000000000e+04	 -5.8161674189176517e+02	  -8.2343654417593356e+01	
  1.5090000000000000e+04	 -6.0385171137814677e+02	  -7.0516828100082293e+01	
  1.5120000000000000e+04	 -6.3705627924718181e+02	  -6.1910688111985110e+01	
  1.5150000000000000e+04	 -6.3857433042379682e+02	  -6.2675062888163353e+01	
  1.5180000000000000e+04	 -6.4008912252462494e+02	  -6.1806473025289002e+01	
  1.5210000000000000e+04	 -6.3933125510907473e+02	  -6.2011690785414260e+01	
  1.5240000000000000e+04	 -6.0757202646027906e+02	  -8.3764096174372526e+01	
  1.5270000000000000e+04	 -5.7825223206768692e+02	  -9.9488803246833271e+01	
  1.5300000000000000e+04	 -5.4216720598482584e+02	  -1.1723350332043148e+02	
  1.5330000000000000e+04	 -5.0617398264336759e+02	  -1.3815130059283462e+02	
  1.5360000000000000e+04	 -4.7562995323292489e+02	  -1.5755291654644714e+02	
  1.5390000000000000e+04	 -4.3353925755370807e+02	  -1.7482091604128831e+02	
  1.5420000000000000e+04	 -4.0607009359463535e+02	  -1.8894906771566676e+02	
  1.5450000000000000e+04	 -3.8640205643243689e+02	  -2.0482678754552632e+02	
  1.5480000000000000e+04	 -3.4668019711393492e+02	  -2.3080378803268619e+02	
  1.5510000000000000e+04	 -3.1894745802385478e+02	  -2.4435290798015643e+02	
  1.5540000000000000e+04	 -2.7725250025136904e+02	  -2.6004236688483684e+02	
  1.5570000000000000e+04	 -2.5422350306256664e+02	  -2.7789512026148640e+02	
  1.5600000000000000e+04	 -2.2440556975295138e+02	  -2.9384547724712070e+02	
  1.5630000000000000e+04	 -1.8280443334973791e+02	  -3.1190315510162463e+02	
  1.5660000000000000e+04	 -1.4674370197193394e+02	  -3.2712977382985798e+02	
  1.5690000000000000e+04	 -1.0877563897266501e+02	  -3.4373822174242770e+02	
  1.5720000000000000e+04	 -6.0849073894158522e+01	  -3.6810771996230164e+02	
  1.5750000000000000e+04	 -3.5152143290642016e+01	  -3.8415097263174084e+02	
  1.5780000000000000e+04	 2.3447420356603033e+00	  -4.0051040476921258e+02	
  1.5810000000000000e+04	 2.0681914022213356e+01	  -4.0848768963149291e+02	
  1.5840000000000000e+04	 4.9468319016808024e+01	  -4.2651097921066480e+02	
  1.5870000000000000e+04	 2.8133088434820170e+01	  -4.4861633443048936e+02	
  1.5900000000000000e+04	 -1.1521287503007120e+01	  -4.8425678958497343e+02	
  1.5930000000000000e+04	 -4.4569342080419972e+01	  -5.1040720097263016e+02	
  1.5960000000000000e+04	 -7.2620478829837211e+01	  -4.7183398562391062e+02	
  1.5990000000000000e+04	 -9.6925520513910698e+01	  -4.3859728050687875e+02	
  1.6020000000000000e+04	 -1.1103126680787909e+02	  -4.1764345290464968e+02	
  1.6050000000000000e+04	 -1.3877783141050287e+02	  -3.8150937563797095e+02	
  1.6080000000000000e+04	 -1.6300882299915258e+02	  -3.4814947046202013e+02	
  1.6110000000000000e+04	 -1.9204477693638020e+02	  -3.1503351013700615e+02	
  1.6140000000000000e+04	 -2.1163777873923559e+02	  -3.0067277162178522e+02	
  1.6170000000000000e+04	 -2.4526955806305165e+02	  -2.7102000355371592e+02	
  1.6200000000000000e+04	 -2.7221163751260207e+02	  -2.3897300644183272e+02	
  1.6230000000000000e+04	 -3.0195320644847061e+02	  -2.0422618326501313e+02	
  1.6260000000000000e+04	 -3.1927860832038391e+02	  -1.8311966991755594e+02	
  1.6290000000000000e+04	 -3.3276421817816185e+02	  -1.6453747519213786e+02	
  1.6320000000000000e+04	 -3.5973581308389311e+02	  -1.3186140690315437e+02	
  1.6350000000000000e+04	 -3.8945065039559626e+02	  -9.9347474695853549e+01	
  1.6380000000000000e+04	 -4.2096831685749322e+02	  -6.1478617543208436e+01	
  1.6410000000000000e+04	 -4.4690574874831350e+02	  -2.6226485790750729e+01	
  1.6440000000000000e+04	 -4.7118273962722202e+02	  -5.8880050705451588e+00	
  1.6470000000000000e+04	 -4.9428879124807492e+02	  2.1510180883675442e+01	
  1.6500000000000000e+04	 -5.2791958746310149e+02	  6.1200899688608857e+01	
  1.6530000000000000e+04	 -5.5803073320978240e+02	  8.9826959238429069e+01	
  1.6560000000000000e+04	 -5.7019856122579654e+02	  1.1197962329407342e+02	
  1.6590000000000000e+04	 -5.8399955094729148e+02	  1.2679032495209437e+02	
  1.6620000000000000e+04	 -5.9774908442550407e+02	  1.4448958778341884e+02	
  1.6650000000000000e+04	 -6.2771122766134772e+02	  1.7948366520819195e+02	
  1.6680000000000000e+04	 -6.5602693067846553e+02	  2.1118737932395629e+02	
  1.6710000000000000e+04	 -6.8672583672104508e+02	  2.4713749372459898e+02	
  1.6740000000000000e+04	 -7.0395785233242100e+02	  2.7086234442738879e+02	
  1.6770000000000000e+04	 -7.1493326623967516e+02	  2.9079674830659064e+02	
  1.6800000000000000e+04	 -7.4128478252332354e+02	  3.1885454677541492e+02	
  1.6830000000000000e+04	 -7.1570196046875105e+02	  3.1723140915236650e+02	
  1.6860000000000000e+04	 -6.8693947591710992e+02	  3.1463007439961916e+02	
  1.6890000000000000e+04	 -6.4422659613942437e+02	  3.1034911026860436e+02	
  1.6920000000000000e+04	 -5.9514042733693975e+02	  3.0364470694381725e+02	
  1.6950000000000000e+04	 -5.6409480611262109e+02	  3.0231047654764501e+02	
  1.6980000000000000e+04	 -5.3616124455515433e+02	  3.0203662701307826e+02	
  1.7010000000000000e+04	 -4.8882931877463710e+02	  2.9372124296719335e+02	
  1.7040000000000000e+04	 -4.5837090338809259e+02	  2.9526687314831884e+02	
  1.7070000000000000e+04	 -4.1398674386551829e+02	  2.8791492281984841e+02	
  1.7100000000000000e+04	 -3.9203268686947757e+02	  2.8506231304899075e+02	
  1.7130000000000000e+04	 -3.5184608855433487e+02	  2.7648118455017180e+02	
  1.7160000000000000e+04	 -3.1234200067610800e+02	  2.7706074505181493e+02	
  1.7190000000000000e+04	 -2.9100091934144922e+02	  2.7083253401936133e+02	
  1.7220000000000000e+04	 -2.6623656357641636e+02	  2.6645935805524738e+02	
  1.7250000000000000e+04	 -2.2942078710607663e+02	  2.6739255428738062e+02	
  1.7280000000000000e+04	 -1.8158643966713805e+02	  2.6489730139534839e+02	
  1.7310000000000000e+04	 -1.3609074122178856e+02	  2.6207518409924387e+02	
  1.7340000000000000e+04	 -1.1181095437440607e+02	  2.5444299389645852e+02	
  1.7370000000000000e+04	 -7.8677535993736342e+01	  2.5037356689013058e+02	
  1.7400000000000000e+04	 -3.0674225957179502e+01	  2.4711882558637939e+02	
  1.7430000000000000e+04	 5.4943391555203505e+00	  2.3962834416468064e+02	
  1.7460000000000000e+04	 3.3553453641698106e+01	  2.7087139111735888e+02	
  1.7490000000000000e+04	 4.9542968861400773e+01	  2.9399995221162357e+02	
  1.7520000000000000e+04	 6.5502756735618391e+01	  3.2177821240711154e+02	
  1.7550000000000000e+04	 9.8715660879764982e+01	  3.5310774467743340e+02	
  1.7580000000000000e+04	 1.2066631549183798e+02	  3.8713872627292579e+02	
  1.7610000000000000e+04	 1.2054025423315043e+02	  3.8823019111988674e+02	
  1.7640000000000000e+04	 1.1921442687844977e+02	  3.8691642667803916e+02	
  1.7670000000000000e+04	 1.1881449561950880e+02	  3.8828960861498479e+02	
  1.7700000000000000e+04	 1.2054437029945412e+02	  3.8903806541355976e+02	
  1.7730000000000000e+04	 1.2024877408724878e+02	  3.9089922128456521e+02	
  1.7760000000000000e+04	 1.3069155510876934e+02	  4.2962107078995177e+02	
  1.7790000000000000e+04	 1.3988942320781106e+02	  4.5337450808623220e+02	
  1.7820000000000000e+04	 1.4856006547361574e+02	  4.8912965470626364e+02	
  1.7850000000000000e+04	 1.5578392622716035e+02	  5.1509693517661321e+02	
  1.7880000000000000e+04	 1.5509541603122614e+02	  5.4106305892811815e+02	
  1.7910000000000000e+04	 1.6013394004109475e+02	  5.8925496074530679e+02	
  1.7940000000000000e+04	 1.6747519761534124e+02	  6.1109589286996766e+02	
  1.7970000000000000e+04	 1.7676400897925384e+02	  6.4561576528452122e+02	
  1.8000000000000000e+04	 1.8510720076179464e+02	  6.8153218707960798e+02	
  1.8030000000000000e+04	 1.8471516385304841e+02	  7.0668484383826160e+02	
  1.8060000000000000e+04	 1.9450985998542765e+02	  6.8268456343746766e+02	
  1.8090000000000000e+04	 2.1617502855809175e+02	  6.5287162220178652e+02	
  1.8120000000000000e+04	 2.3508978680280427e+02	  6.1078207038341156e+02	
  1.8150000000000000e+04	 2.4374978053156502e+02	  5.8730660094550456e+02	
  1.8180000000000000e+04	 2.6020375335132178e+02	  5.4944715695699063e+02	
  1.8210000000000000e+04	 2.7357526610909395e+02	  5.2570936520430200e+02	
  1.8240000000000000e+04	 2.8835328434032425e+02	  5.0165188399744432e+02	
  1.8270000000000000e+04	 3.0603434147768280e+02	  4.8249202882508439e+02	
  1.8300000000000000e+04	 3.2233258559355846e+02	  4.5488417206429824e+02	
  1.8330000000000000e+04	 3.4114380444570622e+02	  4.2166265004101507e+02	
  1.8360000000000000e+04	 3.6294068146763180e+02	  3.8928970048010859e+02	
  1.8390000000000000e+04	 3.8796710583515153e+02	  3.4565204461649444e+02	
  1.8420000000000000e+04	 4.1030923539620693e+02	  3.0747625178496338e+02	
  1.8450000000000000e+04	 4.3061688491688238e+02	  2.6982403852729044e+02	
  1.8480000000000000e+04	 4.5468711433723536e+02	  2.3007265662651673e+02	
  1.8510000000000000e+04	 4.7307353766706603e+02	  2.0379371661537112e+02	
  1.8540000000000000e+04	 4.9892895960295624e+02	  1.6451196643372711e+02	
  1.8570000000000000e+04	 5.0886129548475031e+02	  1.3925644035566728e+02	
  1.8600000000000000e+04	 5.2009403062969943e+02	  1.1617181686469925e+02	
  1.8630000000000000e+04	 5.4072969291325342e+02	  8.1567951043157493e+01	
  1.8660000000000000e+04	 5.6054147210324970e+02	  5.1128569179135788e+01	
  1.8690000000000000e+04	 5.6944450372629876e+02	  3.0709558000831208e+01	
  1.8720000000000000e+04	 5.8642131951352906e+02	  -1.1216485194619139e+01	
  1.8750000000000000e+04	 6.0146572591442964e+02	  -4.8825085375801926e+01	
  1.8780000000000000e+04	 6.2729986776125395e+02	  -8.3798212946844785e+01	
  1.8810000000000000e+04	 6.3892643786939709e+02	  -1.0565595762977811e+02	
  1.8840000000000000e+04	 6.5699273991008261e+02	  -1.4115546328800832e+02	
  1.8870000000000000e+04	 6.8114593749187031e+02	  -1.7942197315123477e+02	
  1.8900000000000000e+04	 7.0327991334792216e+02	  -2.1907737296844562e+02	
  1.8930000000000000e+04	 6.7626566066461839e+02	  -2.2035791875255325e+02	
  1.8960000000000000e+04	 6.2643244974661798e+02	  -2.1934623599431083e+02	
  1.8990000000000000e+04	 5.8964277412065496e+02	  -2.1242614443463572e+02	
  1.9020000000000000e+04	 5.6714209071048458e+02	  -2.1547761399126148e+02	
  1.9050000000000000e+04	 5.2838456644372150e+02	  -2.0975357810555076e+02	
  1.9080000000000000e+04	 5.0891964829050426e+02	  -2.1242800751227324e+02	
  1.9110000000000000e+04	 4.7083794164369658e+02	  -2.0662322804035784e+02	
  1.9140000000000000e+04	 4.2898584765419758e+02	  -2.0621772779624439e+02	
  1.9170000000000000e+04	 3.8417141869472306e+02	  -2.0544298431248080e+02	
  1.9200000000000000e+04	 3.5244293676284781e+02	  -1.9692282117388007e+02	
  1.9230000000000000e+04	 3.2365123028485971e+02	  -1.9289573373337311e+02	
  1.9260000000000000e+04	 3.0147822851070401e+02	  -1.9234625375039570e+02	
  1.9290000000000000e+04	 2.6641649888131104e+02	  -1.8607094451937354e+02	
  1.9320000000000000e+04	 2.2787547085867286e+02	  -1.6299785625617301e+02	
  1.9350000000000000e+04	 2.0331485224909133e+02	  -1.4604368614288899e+02	
  1.9380000000000000e+04	 1.6827046317807822e+02	  -1.2512079656671006e+02	
  1.9410000000000000e+04	 1.5100247455231070e+02	  -1.0560564368664724e+02	
  1.9440000000000000e+04	 1.3403521401599338e+02	  -9.1650000735627458e+01	
  1.9470000000000000e+04	 1.0010974151380455e+02	  -6.9029974171768345e+01	
  1.9500000000000000e+04	 6.2822250702723466e+01	  -4.8697449332644879e+01	
  1.9530000000000000e+04	 1.9000923619772749e+01	  -1.6745394303726577e+01	
  1.9560000000000000e+04	 -1.6738952656103287e+01	  7.4211970288212505e+00	
  1.9590000000000000e+04	 -5.9940787841539304e+01	  4.0017534064243662e+01	
  1.9620000000000000e+04	 -9.5712861970807438e+01	  6.9606610784319614e+01	
  1.9650000000000000e+04	 -1.1851792511782784e+02	  8.7570367729627264e+01	
  1.9680000000000000e+04	 -1.4019599809973539e+02	  9.8101008280270634e+01	
  1.9710000000000000e+04	 -1.6133221688500007e+02	  1.0875590227794774e+02	
  1.9740000000000000e+04	 -1.7904656093034680e+02	  1.2104244447929375e+02	
  1.9770000000000000e+04	 -2.1336750428229624e+02	  1.4597682859770856e+02	
  1.9800000000000000e+04	 -2.3726784424237422e+02	  1.5635909221874243e+02	
  1.9830000000000000e+04	 -2.7303679998662108e+02	  1.8617472754690661e+02	
  1.9860000000000000e+04	 -3.0725420657125215e+02	  2.1672736776323939e+02	
  1.9890000000000000e+04	 -3.3786248671400375e+02	  2.3399869091174014e+02	
  1.9920000000000000e+04	 -3.6501854332975853e+02	  2.5429513620310263e+02	
  1.9950000000000000e+04	 -3.9627793252060673e+02	  2.7561158892242713e+02	
  1.9980000000000000e+04	 -4.3161990396160076e+02	  2.9908712041519141e+02	
  2.0010000000000000e+04	 -4.6279313741133336e+02	  3.1648834611264363e+02	
  2.0040000000000000e+04	 -4.8106303388027681e+02	  3.2975781706922163e+02	
  2.0070000000000000e+04	 -5.0613507294632643e+02	  3.5013559788856713e+02	
  2.0100000000000000e+04	 -5.2418070826076314e+02	  3.6423413155797306e+02	
  2.0130000000000000e+04	 -5.4838407919729116e+02	  3.8254007473703757e+02	
  2.0160000000000000e+04	 -5.6307958838200432e+02	  3.9380458273949489e+02	
  2.0190000000000000e+04	 -5.8513300347469431e+02	  4.1184539703530419e+02	
  2.0220000000000000e+04	 -6.1317031267691641e+02	  4.3485922522184120e+02	
  2.0250000000000000e+04	 -6.3896825446339869e+02	  4.5724114923802790e+02	
  2.0280000000000000e+04	 -6.5933680822316546e+02	  4.6783263882821024e+02	
  2.0310000000000000e+04	 -6.8553956374952236e+02	  4.7687409851810281e+02	
  2.0340000000000000e+04	 -7.2990162476150738e+02	  5.0125064651302864e+02	
  2.0370000000000000e+04	 -7.0366283868659707e+02	  5.0406895660356668e+02	
  2.0400000000000000e+04	 -6.6400670881761573e+02	  4.9791879110581982e+02	
  2.0430000000000000e+04	 -6.3252464330264297e+02	  4.9387329572275451e+02	
  2.0460000000000000e+04	 -5.9795106277228751e+02	  4.8768697452758238e+02	
  2.0490000000000000e+04	 -5.5190267089331974e+02	  4.8214605075102128e+02	
  2.0520000000000000e+04	 -5.1297122496430313e+02	  4.8269363231939860e+02	
  2.0550000000000000e+04	 -4.7472902280799150e+02	  4.8015266278140206e+02	
  2.0580000000000000e+04	 -4.3490160414629145e+02	  4.7654017305502566e+02	
  2.0610000000000000e+04	 -3.8771114137925633e+02	  4.7315151404529945e+02	
  2.0640000000000000e+04	 -3.4815672326024162e+02	  4.6884328621999578e+02	
  2.0670000000000000e+04	 -3.1077340896160763e+02	  4.6987179215112309e+02	
  2.0700000000000000e+04	 -2.9053061393102922e+02	  4.6804553311989361e+02	
  2.0730000000000000e+04	 -2.4207970700905679e+02	  4.6392476437987148e+02	
  2.0760000000000000e+04	 -2.1814519353995777e+02	  4.6536940898186708e+02	
  2.0790000000000000e+04	 -1.7612348696257442e+02	  4.5951417837829842e+02	
  2.0820000000000000e+04	 -1.5380002377551685e+02	  4.6183802766208186e+02	
  2.0850000000000000e+04	 -1.0961720831266928e+02	  4.5873225129251870e+02	
  2.0880000000000000e+04	 -6.7638054953035024e+01	  4.6232407920844469e+02	
  2.0910000000000000e+04	 -4.0738470025065148e+01	  4.5801771633145563e+02	
  2.0940000000000000e+04	 -1.3681944612844148e+01	  4.5743507817034919e+02	
  2.0970000000000000e+04	 1.7941435170008496e+01	  4.5675182111652214e+02	
  2.1000000000000000e+04	 4.6633641603953734e+01	  4.5645541468395629e+02	
  2.1030000000000000e+04	 9.7795180765085192e+01	  4.6023765080060548e+02	
  2.1060000000000000e+04	 1.2030076304439038e+02	  4.5814006311715883e+02	
  2.1090000000000000e+04	 1.5960432957962956e+02	  4.5472785584678070e+02	
  2.1120000000000000e+04	 1.9294364677033738e+02	  4.5540318548896062e+02	
  2.1150000000000000e+04	 2.2955968900396329e+02	  4.5816154632082623e+02	
  2.1180000000000000e+04	 2.7597809676172466e+02	  4.6160021610870331e+02	
  2.1210000000000000e+04	 3.1075147876890463e+02	  4.5561662114565229e+02	
  2.1240000000000000e+04	 3.3451233718668067e+02	  4.5189125884626890e+02	
  2.1270000000000000e+04	 3.6399860535959294e+02	  4.5285107181803284e+02	
  2.1300000000000000e+04	 4.1105074917524621e+02	  4.5362171120650447e+02	
  2.1330000000000000e+04	 4.5644526140609753e+02	  4.5008738866772956e+02	
  2.1360000000000000e+04	 4.8515995863840772e+02	  4.5102641237941657e+02	
  2.1390000000000000e+04	 5.2105490678139199e+02	  4.4920146130597760e+02	
  2.1420000000000000e+04	 5.6783212508507688e+02	  4.4365398101485147e+02	
  2.1450000000000000e+04	 6.1581597875444527e+02	  4.3954696372351907e+02	
  2.1480000000000000e+04	 6.5722805137933392e+02	  4.3662405359706230e+02	
  2.1510000000000000e+04	 6.9623381488382745e+02	  4.3304030240057892e+02	
  2.1540000000000000e+04	 7.4344426880778281e+02	  4.3112987536017090e+02	
  2.1570000000000000e+04	 7.7256794808625352e+02	  4.2847705079252586e+02	
  2.1600000000000000e+04	 7.9638431780966744e+02	  4.2779946987434903e+02	
  2.1630000000000000e+04	 8.4348770068305021e+02	  4.3300413430039873e+02	
  2.1660000000000000e+04	 8.8345002531098703e+02	  4.4243092639772044e+02	
  2.1690000000000000e+04	 8.9349963199774947e+02	  4.3915499790100557e+02	
  2.1720000000000000e+04	 8.9532048281741731e+02	  4.3789610004100763e+02	
  2.1750000000000000e+04	 8.9576176948710201e+02	  4.3624363983117149e+02	
  2.1780000000000000e+04	 8.9434238771699597e+02	  4.3435930450553889e+02	
  2.1810000000000000e+04	 8.9376198430189004e+02	  4.3461146028946246e+02	
  2.1840000000000000e+04	 8.9554014727592335e+02	  4.3380079910381431e+02	
  2.1870000000000000e+04	 8.9584730925935310e+02	  4.3347743565373617e+02	
  2.1900000000000000e+04	 8.9623296403633992e+02	  4.3492301218865708e+02	
  2.1930000000000000e+04	 8.9538099350714492e+02	  4.3542589339306448e+02	
  2.1960000000000000e+04	 8.7153582206501835e+02	  4.2185454339049011e+02	
  2.1990000000000000e+04	 8.3811593850564418e+02	  3.8934645998686915e+02	
  2.2020000000000000e+04	 8.1820170315029281e+02	  3.6942802476249574e+02	
  2.2050000000000000e+04	 7.8186245653883054e+02	  3.3629631945277424e+02	
  2.2080000000000000e+04	 7.5837072891782157e+02	  3.1847897128521970e+02	
  2.2110000000000000e+04	 7.2166011593099529e+02	  2.9067300560342500e+02	
  2.2140000000000000e+04	 6.9579261205855869e+02	  2.7112984511174187e+02	
  2.2170000000000000e+04	 6.5925164713527249e+02	  2.3894225736764974e+02	
  2.2200000000000000e+04	 6.2784969766825691e+02	  2.0870269917223925e+02	
  2.2230000000000000e+04	 6.1623270498255738e+02	  1.9206213374889904e+02	
  2.2260000000000000e+04	 5.8586437602681281e+02	  1.6754537758366803e+02	
  2.2290000000000000e+04	 5.5647103051445174e+02	  1.4111869896337981e+02	
  2.2320000000000000e+04	 5.2781285033825213e+02	  1.2235283199977019e+02	
  2.2350000000000000e+04	 5.0191483807398856e+02	  1.0111094787810578e+02	
  2.2380000000000000e+04	 4.7698875117999341e+02	  8.0832378999907476e+01	
  2.2410000000000000e+04	 4.4713947177687982e+02	  4.9961290673752522e+01	
  2.2440000000000000e+04	 4.2612020750678215e+02	  3.0166735102813547e+01	
  2.2470000000000000e+04	 3.8487857048247105e+02	  -3.6476156626301588e+00	
  2.2500000000000000e+04	 3.6746360741165432e+02	  -2.3565298211254138e+01	
  2.2530000000000000e+04	 3.4858988508578102e+02	  -4.4070453207242295e+01	
  2.2560000000000000e+04	 3.1627371972255668e+02	  -7.7125146044773615e+01	
  2.2590000000000000e+04	 2.8318863823738201e+02	  -1.0632024941769996e+02	
  2.2620000000000000e+04	 2.6026269040305704e+02	  -1.3006648284919112e+02	
  2.2650000000000000e+04	 2.4147910724314505e+02	  -1.5024419023395248e+02	
  2.2680000000000000e+04	 2.1833277655654030e+02	  -1.6843662983981477e+02	
  2.2710000000000000e+04	 1.8025186774811658e+02	  -1.9528350004501422e+02	
  2.2740000000000000e+04	 1.5160355128788774e+02	  -2.1974735882154079e+02	
  2.2770000000000000e+04	 1.1760522283627309e+02	  -2.4727497319611015e+02	
  2.2800000000000000e+04	 9.7039890687297316e+01	  -2.7036492821079622e+02	
  2.2830000000000000e+04	 6.6438731758132064e+01	  -2.9622107735684625e+02	
  2.2860000000000000e+04	 4.7311096174220509e+01	  -3.0788290658160605e+02	
  2.2890000000000000e+04	 1.0536702441803527e+01	  -3.3597129219725883e+02	
  2.2920000000000000e+04	 -1.2824271054191072e+01	  -3.5952915679376224e+02	
  2.2950000000000000e+04	 -4.1840162826575011e+01	  -3.8656529024995331e+02	
  2.2980000000000000e+04	 -5.8317626456506460e+01	  -4.0361000591322215e+02	
  2.3010000000000000e+04	 -7.8148964314984738e+01	  -4.1995420368888483e+02	
  2.3040000000000000e+04	 -1.0522445047317292e+02	  -4.3967211646264019e+02	
  2.3070000000000000e+04	 -1.3392642327017967e+02	  -4.7204022946237552e+02	
  2.3100000000000000e+04	 -1.6797217419490971e+02	  -5.0590071357238958e+02	
  2.3130000000000000e+04	 -1.8045841843056564e+02	  -5.2604527315045925e+02	
  2.3160000000000000e+04	 -2.0952145886366054e+02	  -5.5304195082881836e+02	
  2.3190000000000000e+04	 -2.3516447445019045e+02	  -5.7799589118125232e+02	
  2.3220000000000000e+04	 -2.7179185928093682e+02	  -6.1102896863419585e+02	
  2.3250000000000000e+04	 -2.9738878481649340e+02	  -6.2629990401729947e+02	
  2.3280000000000000e+04	 -2.9763666111309544e+02	  -6.2789995899420933e+02	
  2.3310000000000000e+04	 -2.9815608457909264e+02	  -6.2748188639547254e+02	
  2.3340000000000000e+04	 -2.9758810128413660e+02	  -6.2838969283479355e+02	
  2.3370000000000000e+04	 -2.9809349910262108e+02	  -6.2931491956423622e+02	
  2.3400000000000000e+04	 -2.9730575978271440e+02	  -6.2916480950094456e+02	
  2.3430000000000000e+04	 -3.0070015339278683e+02	  -5.8431519196810132e+02	
  2.3460000000000000e+04	 -3.0546948793148420e+02	  -5.6126433461049919e+02	
  2.3490000000000000e+04	 -3.0802872912940717e+02	  -5.2968931901863243e+02	
  2.3520000000000000e+04	 -3.1482101387269989e+02	  -5.0525978541236287e+02	
  2.3550000000000000e+04	 -3.2373856493497232e+02	  -4.6088109810741832e+02	
  2.3580000000000000e+04	 -3.3049127957196282e+02	  -4.3977196320432842e+02	
  2.3610000000000000e+04	 -3.3921644726332613e+02	  -4.0129065170019010e+02	
  2.3640000000000000e+04	 -3.4594831916043529e+02	  -3.6908879246539044e+02	
  2.3670000000000000e+04	 -3.4689011930638384e+02	  -3.4517444584589845e+02	
  2.3700000000000000e+04	 -3.5383970846266521e+02	  -2.9780724175461904e+02	
  2.3730000000000000e+04	 -3.5727851444752059e+02	  -2.6994834895864716e+02	
  2.3760000000000000e+04	 -3.5890738451828781e+02	  -2.3446812288394068e+02	
  2.3790000000000000e+04	 -3.6047937170535499e+02	  -2.1233134888293449e+02	
  2.3820000000000000e+04	 -3.6395624659073826e+02	  -1.8455596229266223e+02	
  2.3850000000000000e+04	 -3.6796705746529244e+02	  -1.4763851210758278e+02	
  2.3880000000000000e+04	 -3.6977436871207800e+02	  -1.1368131755507125e+02	
  2.3910000000000000e+04	 -3.7028702804226083e+02	  -8.6120935238180294e+01	
  2.3940000000000000e+04	 -3.8167338778546173e+02	  -4.5360635088302473e+01	
  2.3970000000000000e+04	 -3.8436643542359752e+02	  -2.8764077640331138e+01	
  2.4000000000000000e+04	 -3.8839761201002318e+02	  1.8036962560932494e+01	
  2.4030000000000000e+04	 -3.9127859796731792e+02	  4.5493964034800427e+01	
  2.4060000000000000e+04	 -3.9245389701843698e+02	  7.5416542899494615e+01	
  2.4090000000000000e+04	 -4.0211352490836884e+02	  1.1801796500980402e+02	
  2.4120000000000000e+04	 -3.6903837894800415e+02	  1.3450638011161402e+02	
  2.4150000000000000e+04	 -3.5148299592115694e+02	  1.4625986364922059e+02	
  2.4180000000000000e+04	 -3.1992181243863251e+02	  1.6507098028018024e+02	
  2.4210000000000000e+04	 -2.7825582224017279e+02	  1.8830758104250378e+02	
  2.4240000000000000e+04	 -2.3915537027806565e+02	  2.1053022793130881e+02	
  2.4270000000000000e+04	 -2.1616371217374038e+02	  2.2073923620395908e+02	
  2.4300000000000000e+04	 -1.8661984242978082e+02	  2.3755341675378344e+02	
  2.4330000000000000e+04	 -1.5967287891819871e+02	  2.5097532532335867e+02	
  2.4360000000000000e+04	 -1.4078111684490264e+02	  2.6443329209448393e+02	
  2.4390000000000000e+04	 -1.0130916724674550e+02	  2.8695715383565846e+02	
  2.4420000000000000e+04	 -8.0306294334644022e+01	  3.0610793534099048e+02	
  2.4450000000000000e+04	 -3.8938856894840626e+01	  3.2236230205068102e+02	
  2.4480000000000000e+04	 -2.5153183262389121e+00	  3.4489823263473801e+02	
  2.4510000000000000e+04	 2.6102693784473718e+01	  3.5681810527379417e+02	
  2.4540000000000000e+04	 3.9611129273087698e+01	  3.6517644230435326e+02	
  2.4570000000000000e+04	 7.8078850267362441e+01	  3.8274838858463920e+02	
  2.4600000000000000e+04	 9.4936351357572676e+01	  3.9467794313501173e+02	
  2.4630000000000000e+04	 1.1177338566460293e+02	  4.1013795208211991e+02	
  2.4660000000000000e+04	 1.4434453228483929e+02	  4.2837852486534860e+02	
  2.4690000000000000e+04	 1.7974080654390104e+02	  4.4325779915879031e+02	
  2.4720000000000000e+04	 2.0434525669161570e+02	  4.0169524595024558e+02	
  2.4750000000000000e+04	 2.2114979716743207e+02	  3.6865513248861129e+02	
  2.4780000000000000e+04	 2.3572997696629980e+02	  3.4260050422271286e+02	
  2.4810000000000000e+04	 2.4736387751210304e+02	  3.2468470794635135e+02	
  2.4840000000000000e+04	 2.5720592926654200e+02	  2.9489258791650127e+02	
  2.4870000000000000e+04	 2.7538882917971176e+02	  2.7208719371172504e+02	
  2.4900000000000000e+04	 3.0233823380153177e+02	  2.2806024998249316e+02	
  2.4930000000000000e+04	 3.2614696037341884e+02	  1.8833723479474423e+02	
  2.4960000000000000e+04	 3.4809335555802875e+02	  1.5237705179775764e+02	
  2.4990000000000000e+04	 3.6115070926124065e+02	  1.3439992936791418e+02	
  2.5020000000000000e+04	 3.7687650263570987e+02	  9.8749518872559918e+01	
  2.5050000000000000e+04	 3.8573757506084900e+02	  7.9852252091261192e+01	
  2.5080000000000000e+04	 4.0113323906391361e+02	  5.7954666951225697e+01	
  2.5110000000000000e+04	 4.2928367464756184e+02	  1.6942099557590076e+01	
  2.5140000000000000e+04	 4.4968367368776535e+02	  -1.2144701866463777e+01	
  2.5170000000000000e+04	 4.1359253434249092e+02	  -3.0259976424229279e+01	
  2.5200000000000000e+04	 3.9477700433030634e+02	  -4.3725834894186761e+01	
  2.5230000000000000e+04	 3.6471631814114926e+02	  -5.5199476378507590e+01	
  2.5260000000000000e+04	 3.3664711989200208e+02	  -7.5346486869112908e+01	
  2.5290000000000000e+04	 3.1648367326089925e+02	  -8.3244579380774610e+01	
  2.5320000000000000e+04	 2.9659343913902035e+02	  -9.7442346550246270e+01	
  2.5350000000000000e+04	 2.5803559437670236e+02	  -1.1886512092727818e+02	
  2.5380000000000000e+04	 2.2832307231584900e+02	  -1.3184822092440842e+02	
  2.5410000000000000e+04	 1.8618082984861323e+02	  -1.4971902490193122e+02	
  2.5440000000000000e+04	 1.4270888146562748e+02	  -1.6862346667853154e+02	
  2.5470000000000000e+04	 1.0211909243767863e+02	  -1.8932718130998515e+02	
  2.5500000000000000e+04	 1.0103575305763887e+02	  -1.9538638079738621e+02	
  2.5530000000000000e+04	 1.0110140670452191e+02	  -1.9655838345764175e+02	
  2.5560000000000000e+04	 9.9758255916054310e+01	  -1.9735160745028804e+02	
  2.5590000000000000e+04	 1.1501420416380292e+02	  -1.4739438033291572e+02	
  2.5620000000000000e+04	 1.3011711386808540e+02	  -1.1699284506683847e+02	
  2.5650000000000000e+04	 1.4863995418678164e+02	  -8.3002689036496108e+01	
  2.5680000000000000e+04	 1.6425015164642508e+02	  -4.3345797592931177e+01	
  2.5710000000000000e+04	 1.7849647139259775e+02	  -7.1680835688377655e+00	
  2.5740000000000000e+04	 1.8727732155533511e+02	  2.5436710286532524e+01	
  2.5770000000000000e+04	 2.0003382497003690e+02	  7.2850747943141073e+01	
  2.5800000000000000e+04	 2.0945542150050650e+02	  1.0866066904234403e+02	
  2.5830000000000000e+04	 2.2159190550571074e+02	  1.3316586651450589e+02	
  2.5860000000000000e+04	 2.3263546683307968e+02	  1.6509617020377689e+02	
  2.5890000000000000e+04	 2.4656868756261233e+02	  1.9782446155595636e+02	
  2.5920000000000000e+04	 2.5865128831991586e+02	  2.3723806434278964e+02	
  2.5950000000000000e+04	 2.7000936989170134e+02	  2.5822832497444267e+02	
  2.5980000000000000e+04	 2.7041775144088979e+02	  2.5656798736314585e+02	
  2.6010000000000000e+04	 2.7213180261392893e+02	  2.5653385597721802e+02	
  2.6040000000000000e+04	 2.7049157366959730e+02	  2.5807252731434875e+02	
  2.6070000000000000e+04	 2.7206391901785474e+02	  2.5798920678520699e+02	
  2.6100000000000000e+04	 2.7288815709769761e+02	  2.5617624029825834e+02	
  2.6130000000000000e+04	 2.7217612554025419e+02	  2.5660705646320764e+02	
  2.6160000000000000e+04	 2.7136786699769124e+02	  2.5520616149018380e+02	
  2.6190000000000000e+04	 3.1194001024488347e+02	  2.3902612791614536e+02	
  2.6220000000000000e+04	 3.3736885236416259e+02	  2.2907381565689118e+02	
  2.6250000000000000e+04	 3.5936078691804727e+02	  2.2045420278221047e+02	
  2.6280000000000000e+04	 3.8085251969403947e+02	  2.1495248602501317e+02	
  2.6310000000000000e+04	 3.9713721653104352e+02	  2.0527919312835982e+02	
  2.6340000000000000e+04	 4.3818045248305958e+02	  1.9381285582959612e+02	
  2.6370000000000000e+04	 4.7209979164124445e+02	  1.8055037640620705e+02	
  2.6400000000000000e+04	 5.1303502320623056e+02	  1.6795594581418291e+02	
  2.6430000000000000e+04	 5.3818889163429697e+02	  1.6096595123942078e+02	
  2.6460000000000000e+04	 5.5479385000605271e+02	  1.5739193342198220e+02	
  2.6490000000000000e+04	 5.9836980025346497e+02	  1.4054971016490589e+02	
  2.6520000000000000e+04	 5.7860958427345622e+02	  1.5778089079614526e+02	
  2.6550000000000000e+04	 5.5320323341275639e+02	  1.8511956545332606e+02	
  2.6580000000000000e+04	 5.2874282656997514e+02	  2.1168403487213104e+02	
  2.6610000000000000e+04	 4.9066235924461660e+02	  2.4606868836304602e+02	
  2.6640000000000000e+04	 4.7202048951739982e+02	  2.6898801098154132e+02	
  2.6670000000000000e+04	 4.4513134480222237e+02	  2.8767665721091402e+02	
  2.6700000000000000e+04	 4.3239387118537462e+02	  3.0474040380551980e+02	
  2.6730000000000000e+04	 3.9700215011345801e+02	  3.3563099432845911e+02	
  2.6760000000000000e+04	 3.8449473629219210e+02	  3.4724213759411708e+02	
  2.6790000000000000e+04	 3.6592641682055194e+02	  3.6687652175632007e+02	
  2.6820000000000000e+04	 3.3846664450311334e+02	  3.8311516829490813e+02	
  2.6850000000000000e+04	 3.0556512371149205e+02	  3.7585476737231903e+02	
  2.6880000000000000e+04	 2.7179531084999405e+02	  3.7215310638934875e+02	
  2.6910000000000000e+04	 2.3964700457266554e+02	  3.6836707750450887e+02	
  2.6940000000000000e+04	 2.0831640366897386e+02	  3.6254370091492154e+02	
  2.6970000000000000e+04	 1.8168506299830494e+02	  3.5854753687113958e+02	
  2.7000000000000000e+04	 1.3612221480178226e+02	  3.5134797965185248e+02	
  2.7030000000000000e+04	 8.9901840483138528e+01	  3.5047267641126535e+02	
  2.7060000000000000e+04	 6.0068403781016841e+01	  3.4845869451421657e+02	
  2.7090000000000000e+04	 3.5653056654220848e+01	  3.4924959587188079e+02	
  2.7120000000000000e+04	 4.2418830866845596e+00	  3.4379459790030734e+02	
  2.7150000000000000e+04	 -4.8974373253388187e+01	  3.3299091043176094e+02	
  2.7180000000000000e+04	 -8.8690388048157018e+01	  3.2784563864673089e+02	
  2.7210000000000000e+04	 -1.3406037705042692e+02	  3.2576879021730610e+02	
  2.7240000000000000e+04	 -1.5772329347958063e+02	  3.1986707146112309e+02	
  2.7270000000000000e+04	 -1.8419212233555021e+02	  3.1033954207227220e+02	
  2.7300000000000000e+04	 -2.0833783714191540e+02	  2.9898715199756623e+02	
  2.7330000000000000e+04	 -2.4307176880615691e+02	  2.8319130373380415e+02	
  2.7360000000000000e+04	 -2.8334986280481326e+02	  2.6977262073035843e+02	
  2.7390000000000000e+04	 -3.1696626275954429e+02	  2.5751183263258787e+02	
  2.7420000000000000e+04	 -3.4269367852180130e+02	  2.4288562812320606e+02	
  2.7450000000000000e+04	 -3.8376508306982640e+02	  2.2750945100581578e+02	
  2.7480000000000000e+04	 -4.0686137420289936e+02	  2.1502643002984343e+02	
  2.7510000000000000e+04	 -4.2598425483997761e+02	  2.0408420168495587e+02	
  2.7540000000000000e+04	 -4.4894524348953615e+02	  1.9445986141832088e+02	
  2.7570000000000000e+04	 -4.7988117680187509e+02	  1.8242724078977861e+02	
  2.7600000000000000e+04	 -5.2104834945833159e+02	  1.7108247395611951e+02	
  2.7630000000000000e+04	 -5.6388992949224360e+02	  1.5987167807280480e+02	
  2.7660000000000000e+04	 -5.9785408065941385e+02	  1.5127564982258647e+02	
  2.7690000000000000e+04	 -6.2168929690297318e+02	  1.4124328495708747e+02	
  2.7720000000000000e+04	 -6.4265584156104171e+02	  1.3066497842719355e+02	
  2.7750000000000000e+04	 -6.8464306293283551e+02	  1.1588913222153653e+02	
  2.7780000000000000e+04	 -7.1247388530938406e+02	  1.1417328187745569e+02	
  2.7810000000000000e+04	 -7.5340728941097302e+02	  1.0101896934149750e+02	
  2.7840000000000000e+04	 -7.5151212972230599e+02	  1.0288608395599931e+02	
  2.7870000000000000e+04	 -7.5245034892967908e+02	  1.0360668623544353e+02	
  2.7900000000000000e+04	 -7.5248951675080491e+02	  1.0435219688498339e+02	
  2.7930000000000000e+04	 -7.5258434130911269e+02	  1.0516741139050689e+02	
  2.7960000000000000e+04	 -7.5285255210000184e+02	  1.0667704865456821e+02	
  2.7990000000000000e+04	 -7.5346425890930516e+02	  1.0738263184603932e+02	
  2.8020000000000000e+04	 -7.1564655033105919e+02	  1.2292317961800525e+02	
  2.8050000000000000e+04	 -6.8490792979313449e+02	  1.3218204069546900e+02	
  2.8080000000000000e+04	 -6.3996527256551087e+02	  1.4898933295360058e+02	
  2.8110000000000000e+04	 -6.1082070742843018e+02	  1.6124389039041353e+02	
  2.8140000000000000e+04	 -5.8552662256030919e+02	  1.7567098710650552e+02	
  2.8170000000000000e+04	 -5.5201320609930383e+02	  1.8612126299845397e+02	
  2.8200000000000000e+04	 -5.1472535212192804e+02	  1.9867977445931868e+02	
  2.8230000000000000e+04	 -4.8140040331944476e+02	  2.0997309098324774e+02	
  2.8260000000000000e+04	 -4.6088515046134114e+02	  2.2312366067118202e+02	
  2.8290000000000000e+04	 -4.2844436769297079e+02	  2.3520129686589090e+02	
  2.8320000000000000e+04	 -4.1040179567197282e+02	  2.4318666651458065e+02	
  2.8350000000000000e+04	 -3.8437508131341627e+02	  2.5591071142269618e+02	
  2.8380000000000000e+04	 -3.6442262438761037e+02	  2.5862032837155181e+02	
  2.8410000000000000e+04	 -3.3797043968139786e+02	  2.7209371892186670e+02	
  2.8440000000000000e+04	 -3.0308123868294768e+02	  2.8867920156860373e+02	
  2.8470000000000000e+04	 -2.6731283007981568e+02	  2.6606440233959756e+02	
  2.8500000000000000e+04	 -2.3785622247805276e+02	  2.4894500981153800e+02	
  2.8530000000000000e+04	 -2.0794660536105826e+02	  2.3068664243598937e+02	
  2.8560000000000000e+04	 -1.6807157967211890e+02	  2.0722705719134382e+02	
  2.8590000000000000e+04	 -1.4564310820386166e+02	  1.9492322237260458e+02	
  2.8620000000000000e+04	 -1.1828386257721459e+02	  1.8554041443358042e+02	
  2.8650000000000000e+04	 -7.3782432647044914e+01	  1.6276016468870333e+02	
  2.8680000000000000e+04	 -3.2929816009748926e+01	  1.4482020280632673e+02	
  2.8710000000000000e+04	 -3.6062199887361857e+00	  1.2776542934687706e+02	
  2.8740000000000000e+04	 3.8535691730699078e+01	  1.0432213823490083e+02	
  2.8770000000000000e+04	 6.1188788349938847e+01	  9.3783208802079187e+01	
  2.8800000000000000e+04	 9.4053114494083914e+01	  7.5060133263128876e+01	
  2.8830000000000000e+04	 1.3373771937579858e+02	  4.9729490877386503e+01	
  2.8860000000000000e+04	 1.6188852208240999e+02	  2.9737690121378421e+01	
  2.8890000000000000e+04	 1.8914349983331365e+02	  1.2871636932906807e+01	
  2.8920000000000000e+04	 2.2922342096163933e+02	  -9.8334882841791504e+00	
  2.8950000000000000e+04	 2.6332255957782701e+02	  -3.4821898432737214e+01	
  2.8980000000000000e+04	 2.8617480459284383e+02	  -4.3139845429406350e+01	
  2.9010000000000000e+04	 3.2407556122593695e+02	  -6.7473251763881009e+01	
  2.9040000000000000e+04	 3.4611089046402952e+02	  -8.5879562608628717e+01	
  2.9070000000000000e+04	 3.8525219313145095e+02	  -1.1053735127869132e+02	
  2.9100000000000000e+04	 4.1387789524357936e+02	  -1.2274761443043249e+02	
  2.9130000000000000e+04	 4.2536350193871419e+02	  -1.2658319185382592e+02	
  2.9160000000000000e+04	 4.2573993588611000e+02	  -1.2649102040318213e+02	
  2.9190000000000000e+04	 4.2483407081652115e+02	  -1.2763123815287558e+02	
  2.9220000000000000e+04	 4.2342389147459687e+02	  -1.2878223599889179e+02	
  2.9250000000000000e+04	 4.2384055871818072e+02	  -1.2999346134993027e+02	
  2.9280000000000000e+04	 4.2338805151844980e+02	  -1.2864041043618772e+02	
  2.9310000000000000e+04	 4.2380483850485086e+02	  -1.2956692360987731e+02	
  2.9340000000000000e+04	 3.9692298365501597e+02	  -1.3943920697384823e+02	
  2.9370000000000000e+04	 3.5440225935002013e+02	  -1.5418076713821634e+02	
  2.9400000000000000e+04	 3.2460320644697202e+02	  -1.7169943733019443e+02	
